"Energy (MeV/nuc)"	"Flux (particles/m2-s-sr-MeV/nuc)"
""	Z=1	Z=2	Z=3	Z=4	Z=5	Z=6	Z=7	Z=8	Z=9	Z=10	Z=11	Z=12	Z=13	Z=14	Z=15	Z=16	Z=17	Z=18	Z=19	Z=20	Z=21	Z=22	Z=23	Z=24	Z=25	Z=26	Z=27	Z=28	Z=29	Z=30	Z=31	Z=32	Z=33	Z=34	Z=35	Z=36	Z=37	Z=38	Z=39	Z=40	Z=41	Z=42	Z=43	Z=44	Z=45	Z=46	Z=47	Z=48	Z=49	Z=50	Z=51	Z=52	Z=53	Z=54	Z=55	Z=56	Z=57	Z=58	Z=59	Z=60	Z=61	Z=62	Z=63	Z=64	Z=65	Z=66	Z=67	Z=68	Z=69	Z=70	Z=71	Z=72	Z=73	Z=74	Z=75	Z=76	Z=77	Z=78	Z=79	Z=80	Z=81	Z=82	Z=83	Z=90	Z=92
1.0023	20.816	1.3982	0.0014534	7.6488e-05	0.0020789	0.028157	0.003446	0.031989	0.00020717	0.005887	0.00065966	0.0062395	0.00089896	0.0037462	2.8583e-05	0.00027881	8.1895e-06	0.00016693	3.1795e-05	0.00056083	5.6422e-05	0.00022446	0.00022093	0.00037685	0.00032286	0.0017087	1.4218e-06	6.3303e-05	1.168e-06	1.5095e-06	1.1244e-07	2.4275e-07	1.5435e-08	9.0731e-08	1.6847e-08	4.7137e-08	1.5334e-08	5.0507e-08	1.1285e-08	2.7782e-08	5.0266e-09	1.4071e-08	1.6492e-09	5.3933e-09	2.7802e-09	8.0188e-09	2.6091e-09	6.9936e-09	1.5388e-09	8.2452e-09	1.7391e-09	1.0082e-08	1.9338e-09	4.7648e-09	1.1453e-09	1.1849e-08	1.0595e-09	3.1714e-09	7.5545e-10	2.8156e-09	3.3342e-10	3.1745e-09	5.4598e-10	2.4772e-09	6.1853e-10	2.4785e-09	9.3824e-10	1.5575e-09	3.1821e-10	1.5772e-09	2.302e-10	1.4365e-09	1.2946e-10	1.4373e-09	4.9675e-10	2.1333e-09	1.4035e-09	2.6662e-09	4.9729e-10	8.7152e-10	2.6723e-10	2.495e-09	1.2998e-10	1.4512e-10	8.7867e-11
1.01623	21.384	1.425	0.0014837	7.8596e-05	0.0021268	0.028718	0.0035211	0.032605	0.00021184	0.0059969	0.00067319	0.0063608	0.00091684	0.0038208	2.9283e-05	0.00028504	8.4152e-06	0.00016942	3.261e-05	0.00057239	5.7646e-05	0.00022922	0.00022519	0.00038432	0.00032889	0.0017434	1.4579e-06	6.4646e-05	1.1918e-06	1.5401e-06	1.1473e-07	2.477e-07	1.5749e-08	9.2561e-08	1.7191e-08	4.8088e-08	1.5644e-08	5.153e-08	1.1515e-08	2.8348e-08	5.129e-09	1.4357e-08	1.6828e-09	5.5033e-09	2.8369e-09	8.1804e-09	2.6623e-09	7.1347e-09	1.5699e-09	8.4117e-09	1.7742e-09	1.0286e-08	1.9729e-09	4.8611e-09	1.1685e-09	1.2089e-08	1.0809e-09	3.2355e-09	7.7071e-10	2.8725e-09	3.4015e-10	3.2387e-09	5.5702e-10	2.5273e-09	6.3104e-10	2.5287e-09	9.5723e-10	1.589e-09	3.2465e-10	1.6091e-09	2.3486e-10	1.4656e-09	1.3208e-10	1.4664e-09	5.0681e-10	2.1765e-09	1.4319e-09	2.7202e-09	5.0736e-10	8.8918e-10	2.7264e-10	2.5456e-09	1.3261e-10	1.4806e-10	8.9651e-11
1.03036	21.973	1.4526	0.0015148	8.0779e-05	0.0021762	0.029294	0.0035985	0.033238	0.00021666	0.0061091	0.00068714	0.0064856	0.00093525	0.0038976	3.0005e-05	0.00029147	8.6488e-06	0.0001718	3.3451e-05	0.00058429	5.8907e-05	0.00023412	0.00022958	0.00039202	0.00033509	0.0017791	1.4952e-06	6.603e-05	1.2162e-06	1.5717e-06	1.1708e-07	2.5279e-07	1.6073e-08	9.4444e-08	1.7544e-08	4.9066e-08	1.5962e-08	5.2578e-08	1.1752e-08	2.8931e-08	5.2344e-09	1.4652e-08	1.7174e-09	5.6152e-09	2.895e-09	8.3468e-09	2.7165e-09	7.2799e-09	1.6018e-09	8.583e-09	1.8104e-09	1.0496e-08	2.0131e-09	4.9603e-09	1.1923e-09	1.2336e-08	1.1029e-09	3.3015e-09	7.8642e-10	2.931e-09	3.4708e-10	3.3047e-09	5.6837e-10	2.5789e-09	6.4392e-10	2.5803e-09	9.7678e-10	1.6215e-09	3.3127e-10	1.642e-09	2.3965e-10	1.4955e-09	1.3478e-10	1.4964e-09	5.1717e-10	2.221e-09	1.4612e-09	2.7758e-09	5.1773e-10	9.0736e-10	2.7822e-10	2.5977e-09	1.3532e-10	1.5109e-10	9.1488e-11
1.04467	22.588	1.4812	0.0015471	8.3051e-05	0.0022274	0.029892	0.0036788	0.033894	0.00022165	0.0062247	0.00070159	0.0066149	0.00095432	0.0039771	3.0757e-05	0.00029814	8.892e-06	0.00017418	3.4327e-05	0.00059662	6.0216e-05	0.0002392	0.00023412	0.0004	0.00034151	0.001816	1.534e-06	6.7463e-05	1.2415e-06	1.6044e-06	1.1952e-07	2.5805e-07	1.6407e-08	9.6394e-08	1.7906e-08	5.0079e-08	1.6291e-08	5.3663e-08	1.1995e-08	2.9528e-08	5.3436e-09	1.4954e-08	1.7529e-09	5.7311e-09	2.9547e-09	8.5191e-09	2.7725e-09	7.4303e-09	1.6349e-09	8.7605e-09	1.8478e-09	1.0714e-08	2.0547e-09	5.063e-09	1.217e-09	1.2591e-08	1.1258e-09	3.3698e-09	8.0269e-10	2.9917e-09	3.5426e-10	3.3732e-09	5.8014e-10	2.6324e-09	6.5726e-10	2.6338e-09	9.9702e-10	1.6551e-09	3.3814e-10	1.6761e-09	2.4462e-10	1.5265e-09	1.3757e-10	1.5274e-09	5.2789e-10	2.2671e-09	1.4915e-09	2.8334e-09	5.2847e-10	9.2619e-10	2.84e-10	2.6516e-09	1.3813e-10	1.5423e-10	9.339e-11
1.05919	23.221	1.5104	0.00158	8.5379e-05	0.0022798	0.030501	0.0037607	0.034562	0.00022675	0.0063424	0.00071633	0.0067466	0.00097375	0.0040582	3.1525e-05	0.00030495	9.1416e-06	0.00017657	3.5223e-05	0.00060921	6.1551e-05	0.00024439	0.00023875	0.00040812	0.00034805	0.0018537	1.5737e-06	6.8926e-05	1.2673e-06	1.6377e-06	1.2201e-07	2.6337e-07	1.6745e-08	9.8381e-08	1.8275e-08	5.1112e-08	1.6627e-08	5.4769e-08	1.2242e-08	3.0136e-08	5.4536e-09	1.5262e-08	1.789e-09	5.8492e-09	3.0156e-09	8.6947e-09	2.8297e-09	7.5836e-09	1.6686e-09	8.9414e-09	1.886e-09	1.0936e-08	2.0972e-09	5.1677e-09	1.2421e-09	1.2852e-08	1.1491e-09	3.4395e-09	8.1927e-10	3.0535e-09	3.6157e-10	3.4429e-09	5.9213e-10	2.6868e-09	6.7086e-10	2.6883e-09	1.0177e-09	1.6893e-09	3.4513e-10	1.7108e-09	2.4968e-10	1.5581e-09	1.4042e-10	1.559e-09	5.3883e-10	2.3141e-09	1.5224e-09	2.8921e-09	5.3942e-10	9.4538e-10	2.8988e-10	2.7066e-09	1.41e-10	1.5744e-10	9.533e-11
1.07391	23.879	1.5404	0.0016139	8.7775e-05	0.0023339	0.03113	0.0038453	0.035251	0.00023203	0.0064636	0.00073154	0.0068824	0.00099381	0.0041419	3.2321e-05	0.00031199	9.4005e-06	0.00017905	3.6152e-05	0.00062219	6.293e-05	0.00024974	0.00024352	0.0004165	0.00035478	0.0018926	1.6148e-06	7.0437e-05	1.294e-06	1.6721e-06	1.2455e-07	2.6885e-07	1.7093e-08	1.0043e-07	1.8655e-08	5.2178e-08	1.6974e-08	5.5911e-08	1.2496e-08	3.0764e-08	5.5671e-09	1.558e-08	1.8263e-09	5.971e-09	3.0784e-09	8.8759e-09	2.8886e-09	7.7418e-09	1.7034e-09	9.1281e-09	1.9254e-09	1.1164e-08	2.141e-09	5.2758e-09	1.2681e-09	1.3121e-08	1.1731e-09	3.5114e-09	8.3638e-10	3.1173e-09	3.6912e-10	3.5149e-09	6.045e-10	2.7431e-09	6.8489e-10	2.7445e-09	1.0389e-09	1.7247e-09	3.5235e-10	1.7466e-09	2.5491e-10	1.5907e-09	1.4336e-10	1.5917e-09	5.501e-10	2.3625e-09	1.5543e-09	2.9527e-09	5.5071e-10	9.6519e-10	2.9596e-10	2.7633e-09	1.4395e-10	1.6074e-10	9.7331e-11
1.08884	24.553	1.5709	0.0016483	9.0217e-05	0.0023889	0.031767	0.0039312	0.035948	0.00023738	0.0065866	0.00074694	0.00702	0.0010141	0.0042267	3.313e-05	0.00031914	9.6645e-06	0.00018162	3.7097e-05	0.00063536	6.4328e-05	0.00025516	0.00024834	0.00042499	0.0003616	0.0019321	1.6567e-06	7.1969e-05	1.321e-06	1.707e-06	1.2712e-07	2.744e-07	1.7446e-08	1.0251e-07	1.9041e-08	5.3257e-08	1.7325e-08	5.7067e-08	1.2755e-08	3.1399e-08	5.6821e-09	1.5902e-08	1.864e-09	6.0945e-09	3.142e-09	9.0595e-09	2.9483e-09	7.902e-09	1.7387e-09	9.3172e-09	1.9653e-09	1.1396e-08	2.1854e-09	5.3852e-09	1.2944e-09	1.3393e-08	1.1974e-09	3.5842e-09	8.5371e-10	3.182e-09	3.7677e-10	3.5878e-09	6.1704e-10	2.8e-09	6.9911e-10	2.8015e-09	1.0605e-09	1.7605e-09	3.5967e-10	1.7828e-09	2.602e-10	1.6238e-09	1.4634e-10	1.6247e-09	5.6153e-10	2.4117e-09	1.5866e-09	3.0141e-09	5.6216e-10	9.8525e-10	3.0211e-10	2.8208e-09	1.4695e-10	1.6409e-10	9.9358e-11
1.10397	24.296	1.5574	0.0016397	9.0296e-05	0.0023796	0.031514	0.0039151	0.035711	0.00023627	0.0065738	0.0007419	0.0069621	0.0010065	0.004193	3.3029e-05	0.00031736	9.6656e-06	0.00018372	3.7022e-05	0.00063074	6.3988e-05	0.00025374	0.00024651	0.00042203	0.00035873	0.0019192	1.6543e-06	7.1533e-05	1.3122e-06	1.6957e-06	1.2626e-07	2.7253e-07	1.7328e-08	1.0181e-07	1.8911e-08	5.2896e-08	1.7207e-08	5.6679e-08	1.2668e-08	3.1186e-08	5.6434e-09	1.5794e-08	1.8513e-09	6.053e-09	3.1207e-09	8.998e-09	2.9283e-09	7.8485e-09	1.7269e-09	9.2543e-09	1.952e-09	1.132e-08	2.1706e-09	5.349e-09	1.2857e-09	1.3303e-08	1.1894e-09	3.5601e-09	8.4795e-10	3.1605e-09	3.7422e-10	3.5637e-09	6.1289e-10	2.7812e-09	6.9441e-10	2.7827e-09	1.0534e-09	1.7487e-09	3.5725e-10	1.7709e-09	2.5846e-10	1.6129e-09	1.4536e-10	1.6139e-09	5.5778e-10	2.3955e-09	1.576e-09	2.9939e-09	5.584e-10	9.7867e-10	3.001e-10	2.802e-09	1.4596e-10	1.63e-10	9.8699e-11
1.11931	23.469	1.517	0.0016045	8.8883e-05	0.0023304	0.030716	0.003836	0.034903	0.00023116	0.0064775	0.00072426	0.0067844	0.00098184	0.0040868	3.2362e-05	0.00031007	9.5011e-06	0.00018563	3.6309e-05	0.00061518	6.2573e-05	0.00024809	0.0002406	0.00041204	0.00034989	0.0018742	1.6242e-06	6.9883e-05	1.2814e-06	1.6559e-06	1.2327e-07	2.6609e-07	1.6918e-08	9.9413e-08	1.8465e-08	5.1649e-08	1.6801e-08	5.5342e-08	1.2369e-08	3.0449e-08	5.5101e-09	1.5421e-08	1.8076e-09	5.9102e-09	3.047e-09	8.7857e-09	2.8591e-09	7.6635e-09	1.6862e-09	9.0362e-09	1.9061e-09	1.1053e-08	2.1195e-09	5.2232e-09	1.2554e-09	1.299e-08	1.1614e-09	3.4763e-09	8.2798e-10	3.0861e-09	3.6541e-10	3.4798e-09	5.9846e-10	2.7158e-09	6.7808e-10	2.7173e-09	1.0286e-09	1.7076e-09	3.4885e-10	1.7293e-09	2.5238e-10	1.575e-09	1.4194e-10	1.5759e-09	5.4467e-10	2.3393e-09	1.539e-09	2.9236e-09	5.4528e-10	9.5568e-10	2.9305e-10	2.7362e-09	1.4254e-10	1.5918e-10	9.6385e-11
1.13487	22.668	1.4775	0.0015698	8.7474e-05	0.0022818	0.029934	0.0037584	0.034112	0.00022612	0.0063835	0.00070692	0.0066102	0.0009576	0.0039826	3.1702e-05	0.00030289	9.3374e-06	0.0001876	3.5602e-05	0.00059991	6.1178e-05	0.00024252	0.00023479	0.00040222	0.00034118	0.00183	1.5942e-06	6.8259e-05	1.2509e-06	1.6167e-06	1.2034e-07	2.5977e-07	1.6516e-08	9.7053e-08	1.8026e-08	5.0423e-08	1.6402e-08	5.4027e-08	1.2075e-08	2.9726e-08	5.3791e-09	1.5055e-08	1.7647e-09	5.7698e-09	2.9746e-09	8.5771e-09	2.7912e-09	7.4816e-09	1.6462e-09	8.822e-09	1.8609e-09	1.0792e-08	2.0693e-09	5.0995e-09	1.2257e-09	1.2683e-08	1.1339e-09	3.3939e-09	8.0835e-10	3.013e-09	3.5674e-10	3.3974e-09	5.8428e-10	2.6516e-09	6.6203e-10	2.653e-09	1.0043e-09	1.6672e-09	3.4059e-10	1.6884e-09	2.4641e-10	1.5378e-09	1.3858e-10	1.5387e-09	5.3178e-10	2.284e-09	1.5026e-09	2.8545e-09	5.3239e-10	9.3309e-10	2.8613e-10	2.6715e-09	1.3917e-10	1.5542e-10	9.411e-11
1.15064	21.89	1.4389	0.0015358	8.6089e-05	0.0022341	0.02917	0.0036827	0.033341	0.00022119	0.0062927	0.00068998	0.0064403	0.00093393	0.003881	3.1056e-05	0.00029588	9.1767e-06	0.00018961	3.491e-05	0.000585	5.9813e-05	0.00023702	0.00022912	0.00039258	0.00033267	0.0017867	1.5646e-06	6.6672e-05	1.2211e-06	1.5782e-06	1.1748e-07	2.5359e-07	1.6123e-08	9.4747e-08	1.7597e-08	4.9225e-08	1.6012e-08	5.2743e-08	1.1788e-08	2.9019e-08	5.2511e-09	1.4697e-08	1.7227e-09	5.6326e-09	2.9039e-09	8.3732e-09	2.7249e-09	7.3039e-09	1.6071e-09	8.6126e-09	1.8167e-09	1.0536e-08	2.0202e-09	4.9786e-09	1.1966e-09	1.2383e-08	1.107e-09	3.3135e-09	7.8917e-10	2.9415e-09	3.4828e-10	3.3169e-09	5.7043e-10	2.5887e-09	6.4634e-10	2.5902e-09	9.8051e-10	1.6277e-09	3.3252e-10	1.6484e-09	2.4057e-10	1.5013e-09	1.353e-10	1.5022e-09	5.1919e-10	2.2299e-09	1.467e-09	2.7869e-09	5.1978e-10	9.1101e-10	2.7936e-10	2.6084e-09	1.3588e-10	1.5175e-10	9.1887e-11
1.16663	21.135	1.4012	0.0015023	8.4712e-05	0.0021867	0.028422	0.0036084	0.032587	0.00021633	0.0062047	0.00067335	0.0062738	0.00091072	0.0037814	3.0417e-05	0.00028898	9.0171e-06	0.00019166	3.4224e-05	0.00057038	5.8471e-05	0.00023161	0.00022355	0.00038307	0.00032434	0.0017441	1.5352e-06	6.5113e-05	1.1918e-06	1.5403e-06	1.1467e-07	2.4752e-07	1.5738e-08	9.2482e-08	1.7176e-08	4.8048e-08	1.5629e-08	5.1482e-08	1.1506e-08	2.8324e-08	5.1255e-09	1.4345e-08	1.6815e-09	5.4979e-09	2.8344e-09	8.1731e-09	2.6597e-09	7.1294e-09	1.5687e-09	8.407e-09	1.7734e-09	1.0285e-08	1.972e-09	4.8599e-09	1.1681e-09	1.2087e-08	1.0806e-09	3.2344e-09	7.7034e-10	2.8713e-09	3.3996e-10	3.2378e-09	5.5682e-10	2.5271e-09	6.3093e-10	2.5285e-09	9.5715e-10	1.5889e-09	3.246e-10	1.6091e-09	2.3484e-10	1.4656e-09	1.3208e-10	1.4665e-09	5.0683e-10	2.1768e-09	1.4321e-09	2.7206e-09	5.0741e-10	8.8933e-10	2.7271e-10	2.5463e-09	1.3264e-10	1.4813e-10	8.9682e-11
1.18284	20.402	1.3643	0.0014695	8.3355e-05	0.0021402	0.027691	0.0035359	0.031853	0.00021157	0.0061201	0.00065709	0.0061113	0.00088803	0.0036841	2.9791e-05	0.00028222	8.8601e-06	0.00019375	3.3552e-05	0.00055609	5.7145e-05	0.00022632	0.00021811	0.00037378	0.00031619	0.0017022	1.5064e-06	6.3586e-05	1.1632e-06	1.5033e-06	1.1191e-07	2.4159e-07	1.536e-08	9.0267e-08	1.6765e-08	4.6898e-08	1.5255e-08	5.0249e-08	1.123e-08	2.7645e-08	5.0026e-09	1.4001e-08	1.6412e-09	5.3662e-09	2.7665e-09	7.9773e-09	2.596e-09	6.9588e-09	1.5312e-09	8.2059e-09	1.731e-09	1.004e-08	1.9248e-09	4.7438e-09	1.1402e-09	1.1799e-08	1.0548e-09	3.1571e-09	7.5192e-10	2.8027e-09	3.3183e-10	3.1604e-09	5.4351e-10	2.4667e-09	6.1587e-10	2.4681e-09	9.343e-10	1.551e-09	3.1685e-10	1.5707e-09	2.2924e-10	1.4306e-09	1.2893e-10	1.4315e-09	4.9474e-10	2.1249e-09	1.3979e-09	2.6557e-09	4.953e-10	8.6812e-10	2.6621e-10	2.4856e-09	1.2948e-10	1.4456e-10	8.7521e-11
1.19928	19.692	1.3283	0.0014373	8.2007e-05	0.0020944	0.026976	0.0034647	0.031135	0.00020689	0.0060382	0.00064114	0.0059523	0.0008658	0.0035889	2.9173e-05	0.00027559	8.7044e-06	0.00019578	3.2887e-05	0.00054209	5.5839e-05	0.00022111	0.00021278	0.00036466	0.00030822	0.0016611	1.4779e-06	6.2088e-05	1.1351e-06	1.467e-06	1.0922e-07	2.3576e-07	1.499e-08	8.8095e-08	1.6361e-08	4.5769e-08	1.4888e-08	4.9039e-08	1.0959e-08	2.6979e-08	4.882e-09	1.3664e-08	1.6016e-09	5.2369e-09	2.6998e-09	7.7853e-09	2.5334e-09	6.7914e-09	1.4943e-09	8.0086e-09	1.6894e-09	9.7987e-09	1.8786e-09	4.6299e-09	1.1128e-09	1.1516e-08	1.0295e-09	3.0813e-09	7.3385e-10	2.7354e-09	3.2386e-10	3.0845e-09	5.3046e-10	2.4075e-09	6.0109e-10	2.4089e-09	9.1189e-10	1.5138e-09	3.0924e-10	1.533e-09	2.2374e-10	1.3963e-09	1.2584e-10	1.3971e-09	4.8287e-10	2.074e-09	1.3644e-09	2.592e-09	4.8343e-10	8.4731e-10	2.5983e-10	2.4261e-09	1.2638e-10	1.4106e-10	8.5401e-11
1.21595	19.002	1.2931	0.0014056	8.0675e-05	0.0020493	0.026277	0.003395	0.030436	0.00020225	0.0059591	0.00062552	0.0057969	0.00084406	0.0034958	2.8566e-05	0.00026909	8.5507e-06	0.0001978	3.2233e-05	0.00052839	5.4558e-05	0.00021601	0.00020756	0.00035574	0.00030042	0.0016208	1.4498e-06	6.062e-05	1.1076e-06	1.4315e-06	1.0657e-07	2.3006e-07	1.4628e-08	8.5967e-08	1.5965e-08	4.4664e-08	1.4528e-08	4.7854e-08	1.0694e-08	2.6327e-08	4.7639e-09	1.3334e-08	1.5629e-09	5.1104e-09	2.6346e-09	7.5972e-09	2.4722e-09	6.6274e-09	1.4583e-09	7.8154e-09	1.6486e-09	9.5627e-09	1.8333e-09	4.5184e-09	1.086e-09	1.1238e-08	1.0047e-09	3.0071e-09	7.1615e-10	2.6694e-09	3.1604e-10	3.0102e-09	5.1767e-10	2.3496e-09	5.8661e-10	2.3509e-09	8.8993e-10	1.4773e-09	3.018e-10	1.4961e-09	2.1835e-10	1.3627e-09	1.2281e-10	1.3635e-09	4.7125e-10	2.0241e-09	1.3316e-09	2.5297e-09	4.718e-10	8.2694e-10	2.5357e-10	2.3675e-09	1.2334e-10	1.3763e-10	8.3325e-11
1.23285	18.334	1.2588	0.0013746	7.9362e-05	0.0020052	0.025595	0.0033269	0.029756	0.0001977	0.0058821	0.0006102	0.0056451	0.00082281	0.003405	2.797e-05	0.00026273	8.3995e-06	0.00019986	3.159e-05	0.00051501	5.3304e-05	0.00021102	0.00020245	0.00034701	0.0002928	0.0015814	1.4222e-06	5.9173e-05	1.0807e-06	1.3967e-06	1.0399e-07	2.2449e-07	1.4273e-08	8.3886e-08	1.5578e-08	4.3583e-08	1.4176e-08	4.6695e-08	1.0435e-08	2.5689e-08	4.6485e-09	1.3011e-08	1.525e-09	4.9866e-09	2.5707e-09	7.4133e-09	2.4123e-09	6.467e-09	1.423e-09	7.6265e-09	1.6088e-09	9.3319e-09	1.789e-09	4.4093e-09	1.0597e-09	1.0967e-08	9.8046e-10	2.9344e-09	6.9884e-10	2.6049e-09	3.084e-10	2.9375e-09	5.0517e-10	2.2929e-09	5.7245e-10	2.2942e-09	8.6846e-10	1.4417e-09	2.9451e-10	1.46e-09	2.1308e-10	1.3298e-09	1.1985e-10	1.3306e-09	4.5989e-10	1.9753e-09	1.2995e-09	2.4687e-09	4.6042e-10	8.0694e-10	2.4739e-10	2.3097e-09	1.2033e-10	1.3427e-10	8.1295e-11
1.24998	17.687	1.2253	0.0013442	7.8066e-05	0.0019619	0.024928	0.0032603	0.029093	0.00019324	0.0058079	0.00059511	0.0054969	0.00080198	0.0033162	2.7384e-05	0.00025649	8.2484e-06	0.00020191	3.0958e-05	0.00050192	5.2075e-05	0.00020613	0.00019746	0.00033848	0.00028536	0.0015428	1.395e-06	5.7752e-05	1.0544e-06	1.3627e-06	1.0146e-07	2.1903e-07	1.3926e-08	8.1849e-08	1.52e-08	4.2525e-08	1.3832e-08	4.5561e-08	1.0182e-08	2.5065e-08	4.5354e-09	1.2694e-08	1.488e-09	4.8654e-09	2.5083e-09	7.2332e-09	2.3537e-09	6.3101e-09	1.3884e-09	7.4415e-09	1.5698e-09	9.106e-09	1.7456e-09	4.3025e-09	1.0341e-09	1.0702e-08	9.5671e-10	2.8633e-09	6.819e-10	2.5418e-09	3.0092e-10	2.8663e-09	4.9293e-10	2.2374e-09	5.5859e-10	2.2386e-09	8.4744e-10	1.4068e-09	2.8738e-10	1.4247e-09	2.0792e-10	1.2977e-09	1.1695e-10	1.2984e-09	4.4876e-10	1.927e-09	1.2678e-09	2.4083e-09	4.4923e-10	7.8719e-10	2.4133e-10	2.2532e-09	1.1739e-10	1.3099e-10	7.9308e-11
1.26735	17.059	1.1926	0.0013143	7.6781e-05	0.0019193	0.024275	0.0031953	0.028447	0.00018885	0.0057361	0.00058033	0.005352	0.00078145	0.0032293	2.6804e-05	0.00025038	8.0989e-06	0.00020397	3.0334e-05	0.00048911	5.0868e-05	0.00020132	0.00019257	0.00033011	0.00027807	0.0015051	1.3682e-06	5.6359e-05	1.0286e-06	1.3293e-06	9.8982e-08	2.1368e-07	1.3586e-08	7.9853e-08	1.4829e-08	4.1488e-08	1.3494e-08	4.4449e-08	9.933e-09	2.4453e-08	4.4247e-09	1.2385e-08	1.4516e-09	4.7467e-09	2.447e-09	7.0568e-09	2.2963e-09	6.1563e-09	1.3546e-09	7.2603e-09	1.5316e-09	8.8846e-09	1.7031e-09	4.1978e-09	1.0089e-09	1.0441e-08	9.3344e-10	2.7936e-09	6.653e-10	2.4799e-09	2.9359e-10	2.7966e-09	4.8093e-10	2.183e-09	5.45e-10	2.1842e-09	8.2684e-10	1.3726e-09	2.8039e-10	1.39e-09	2.0287e-10	1.2659e-09	1.1408e-10	1.2665e-09	4.3775e-10	1.8796e-09	1.2367e-09	2.3491e-09	4.3818e-10	7.6784e-10	2.354e-10	2.1978e-09	1.1451e-10	1.2777e-10	7.7362e-11
1.28496	16.451	1.1606	0.001285	7.5512e-05	0.0018774	0.023638	0.0031318	0.027819	0.00018455	0.005666	0.00056588	0.0052105	0.00076139	0.0031445	2.6231e-05	0.00024439	7.9516e-06	0.00020615	2.9714e-05	0.00047659	4.9686e-05	0.00019662	0.00018779	0.00032193	0.00027095	0.0014681	1.3418e-06	5.4995e-05	1.0034e-06	1.2967e-06	9.6557e-08	2.0845e-07	1.3253e-08	7.79e-08	1.4466e-08	4.0473e-08	1.3164e-08	4.3362e-08	9.6898e-09	2.3854e-08	4.3163e-09	1.2081e-08	1.4161e-09	4.6305e-09	2.3871e-09	6.8841e-09	2.2401e-09	6.0058e-09	1.3215e-09	7.0829e-09	1.4941e-09	8.6676e-09	1.6615e-09	4.0954e-09	9.8427e-10	1.0187e-08	9.1067e-10	2.7255e-09	6.4905e-10	2.4194e-09	2.8642e-10	2.7284e-09	4.6919e-10	2.1295e-09	5.3171e-10	2.1306e-09	8.0653e-10	1.3389e-09	2.7355e-10	1.3557e-09	1.9788e-10	1.2347e-09	1.1127e-10	1.2353e-09	4.2695e-10	1.8332e-09	1.2062e-09	2.2912e-09	4.2737e-10	7.4891e-10	2.296e-10	2.1437e-09	1.1168e-10	1.2463e-10	7.5457e-11
1.30282	15.861	1.1294	0.0012562	7.4259e-05	0.0018364	0.023016	0.0030699	0.027209	0.00018033	0.0055984	0.00055173	0.0050722	0.00074178	0.0030616	2.5668e-05	0.00023852	7.8063e-06	0.00020834	2.9104e-05	0.00046435	4.8527e-05	0.00019201	0.00018311	0.00031393	0.00026399	0.0014319	1.3158e-06	5.3659e-05	9.7866e-07	1.2648e-06	9.4183e-08	2.0333e-07	1.2928e-08	7.5988e-08	1.411e-08	3.948e-08	1.2841e-08	4.2297e-08	9.4517e-09	2.3268e-08	4.2103e-09	1.1785e-08	1.3813e-09	4.5169e-09	2.3285e-09	6.7152e-09	2.1851e-09	5.8584e-09	1.2891e-09	6.9093e-09	1.4575e-09	8.453e-09	1.6208e-09	3.9951e-09	9.6017e-10	9.9345e-09	8.8835e-10	2.6587e-09	6.3314e-10	2.3601e-09	2.794e-10	2.6616e-09	4.577e-10	2.0768e-09	5.186e-10	2.0778e-09	7.8656e-10	1.3058e-09	2.668e-10	1.3221e-09	1.9298e-10	1.2041e-09	1.0852e-10	1.2047e-09	4.1638e-10	1.7879e-09	1.1763e-09	2.2345e-09	4.168e-10	7.3038e-10	2.2392e-10	2.0907e-09	1.0892e-10	1.2155e-10	7.3593e-11
1.32093	15.291	1.099	0.001228	7.3021e-05	0.0017961	0.022408	0.0030094	0.026615	0.0001762	0.0055335	0.0005379	0.0049364	0.00072262	0.0029806	2.5116e-05	0.00023277	7.663e-06	0.00021049	2.8504e-05	0.00045238	4.7391e-05	0.00018749	0.00017854	0.0003061	0.00025719	0.0013965	1.2902e-06	5.2352e-05	9.545e-07	1.2335e-06	9.186e-08	1.9831e-07	1.2609e-08	7.4118e-08	1.3763e-08	3.8508e-08	1.2525e-08	4.1255e-08	9.2188e-09	2.2695e-08	4.1065e-09	1.1494e-08	1.3473e-09	4.4056e-09	2.2711e-09	6.5498e-09	2.1312e-09	5.7143e-09	1.2573e-09	6.7394e-09	1.4217e-09	8.243e-09	1.581e-09	3.8961e-09	9.3658e-10	9.6876e-09	8.6627e-10	2.5934e-09	6.1758e-10	2.3021e-09	2.7253e-10	2.5959e-09	4.4646e-10	2.0252e-09	5.0572e-10	2.0262e-09	7.6703e-10	1.2733e-09	2.6017e-10	1.2893e-09	1.8819e-10	1.1742e-09	1.0582e-10	1.1748e-09	4.0604e-10	1.7435e-09	1.1471e-09	2.179e-09	4.0645e-10	7.1225e-10	2.1837e-10	2.0388e-09	1.0622e-10	1.1854e-10	7.177e-11
1.33929	14.738	1.0692	0.0012003	7.1792e-05	0.0017564	0.021813	0.0029502	0.026037	0.00017213	0.0054715	0.00052434	0.0048033	0.00070386	0.0029012	2.4571e-05	0.00022712	7.521e-06	0.00021243	2.7912e-05	0.00044064	4.6276e-05	0.00018305	0.00017405	0.00029843	0.00025054	0.0013618	1.2649e-06	5.107e-05	9.3081e-07	1.2029e-06	8.9584e-08	1.934e-07	1.2297e-08	7.2284e-08	1.3422e-08	3.7556e-08	1.2215e-08	4.0235e-08	8.9905e-09	2.2133e-08	4.0048e-09	1.121e-08	1.3139e-09	4.2965e-09	2.2149e-09	6.3878e-09	2.0785e-09	5.573e-09	1.2263e-09	6.5729e-09	1.3866e-09	8.0372e-09	1.5419e-09	3.7988e-09	9.1321e-10	9.4458e-09	8.4464e-10	2.5287e-09	6.0233e-10	2.2452e-09	2.658e-10	2.531e-09	4.3535e-10	1.9747e-09	4.9309e-10	1.9756e-09	7.4788e-10	1.2415e-09	2.5367e-10	1.2571e-09	1.8349e-10	1.1449e-09	1.0318e-10	1.1455e-09	3.9591e-10	1.7e-09	1.1185e-09	2.1247e-09	3.9631e-10	6.9449e-10	2.1292e-10	1.988e-09	1.0357e-10	1.1559e-10	6.9983e-11
1.3579	14.203	1.04	0.0011732	7.0588e-05	0.0017176	0.021228	0.0028921	0.025469	0.00016816	0.0054123	0.00051112	0.0046736	0.00068557	0.0028234	2.4039e-05	0.00022157	7.3821e-06	0.00021445	2.7333e-05	0.00042912	4.5187e-05	0.00017872	0.00016968	0.00029095	0.00024405	0.001328	1.2402e-06	4.9819e-05	9.077e-07	1.1731e-06	8.7363e-08	1.8861e-07	1.1992e-08	7.0495e-08	1.3089e-08	3.6626e-08	1.1913e-08	3.9238e-08	8.7678e-09	2.1585e-08	3.9055e-09	1.0932e-08	1.2814e-09	4.1901e-09	2.16e-09	6.2296e-09	2.027e-09	5.4351e-09	1.1959e-09	6.4104e-09	1.3523e-09	7.8365e-09	1.5036e-09	3.7039e-09	8.9039e-10	9.2099e-09	8.2354e-10	2.4655e-09	5.874e-10	2.1891e-09	2.5923e-10	2.4678e-09	4.2447e-10	1.9253e-09	4.8077e-10	1.9263e-09	7.2921e-10	1.2105e-09	2.4733e-10	1.2257e-09	1.7891e-10	1.1163e-09	1.006e-10	1.1169e-09	3.8603e-10	1.6576e-09	1.0906e-09	2.0717e-09	3.8642e-10	6.7716e-10	2.0761e-10	1.9384e-09	1.0099e-10	1.1271e-10	6.8239e-11
1.37677	13.685	1.0115	0.0011467	6.9395e-05	0.0016795	0.020657	0.0028353	0.024915	0.00016427	0.0053559	0.00049817	0.0045469	0.00066769	0.0027474	2.3515e-05	0.00021612	7.2447e-06	0.00021666	2.6763e-05	0.00041785	4.4118e-05	0.00017448	0.0001654	0.00028363	0.00023771	0.0012948	1.2157e-06	4.8593e-05	8.8507e-07	1.1438e-06	8.5187e-08	1.8392e-07	1.1694e-08	6.8743e-08	1.2764e-08	3.5716e-08	1.1616e-08	3.8262e-08	8.5496e-09	2.1048e-08	3.8083e-09	1.066e-08	1.2495e-09	4.0859e-09	2.1063e-09	6.0747e-09	1.9766e-09	5.3001e-09	1.1662e-09	6.2505e-09	1.3183e-09	7.6399e-09	1.4658e-09	3.6109e-09	8.6803e-10	8.9788e-09	8.0287e-10	2.4036e-09	5.7265e-10	2.1341e-09	2.5275e-10	2.4058e-09	4.1381e-10	1.877e-09	4.6871e-10	1.878e-09	7.1092e-10	1.1802e-09	2.4113e-10	1.195e-09	1.7442e-10	1.0883e-09	9.8082e-11	1.0889e-09	3.7635e-10	1.6161e-09	1.0633e-09	2.0198e-09	3.7674e-10	6.602e-10	2.0241e-10	1.8898e-09	9.8456e-11	1.0989e-10	6.6532e-11
1.3959	13.183	0.98367	0.0011205	6.8214e-05	0.0016421	0.020099	0.0027799	0.024377	0.00016044	0.0053027	0.00048551	0.0044233	0.0006502	0.0026731	2.3e-05	0.00021078	7.109e-06	0.00021926	2.6201e-05	0.00040683	4.3071e-05	0.00017031	0.00016122	0.00027646	0.00023151	0.0012624	1.1917e-06	4.7392e-05	8.6291e-07	1.1152e-06	8.3058e-08	1.7932e-07	1.1401e-08	6.7027e-08	1.2445e-08	3.4825e-08	1.1326e-08	3.7307e-08	8.336e-09	2.0522e-08	3.7131e-09	1.0394e-08	1.2183e-09	3.9839e-09	2.0537e-09	5.9231e-09	1.9272e-09	5.1679e-09	1.1371e-09	6.0929e-09	1.2851e-09	7.4475e-09	1.4288e-09	3.5199e-09	8.4616e-10	8.7527e-09	7.8265e-10	2.343e-09	5.5821e-10	2.0803e-09	2.4638e-10	2.3452e-09	4.0338e-10	1.8298e-09	4.5691e-10	1.8307e-09	6.9302e-10	1.1504e-09	2.3506e-10	1.1649e-09	1.7003e-10	1.0609e-09	9.5613e-11	1.0615e-09	3.6688e-10	1.5754e-09	1.0365e-09	1.9689e-09	3.6726e-10	6.4359e-10	1.9732e-10	1.8423e-09	9.598e-11	1.0713e-10	6.4861e-11
1.4153	12.698	0.95655	0.001095	6.7051e-05	0.0016054	0.019555	0.0027259	0.023854	0.0001567	0.005252	0.00047313	0.0043026	0.00063314	0.0026006	2.2495e-05	0.00020556	6.9756e-06	0.00022141	2.565e-05	0.00039607	4.2045e-05	0.00016624	0.00015713	0.00026946	0.00022546	0.0012307	1.168e-06	4.6218e-05	8.4126e-07	1.0872e-06	8.0977e-08	1.7483e-07	1.1116e-08	6.5351e-08	1.2133e-08	3.3954e-08	1.1043e-08	3.6374e-08	8.1273e-09	2.0008e-08	3.6201e-09	1.0134e-08	1.1878e-09	3.8842e-09	2.0023e-09	5.7749e-09	1.879e-09	5.0381e-09	1.1085e-09	5.9389e-09	1.2526e-09	7.2595e-09	1.3927e-09	3.4311e-09	8.2478e-10	8.5318e-09	7.6288e-10	2.2839e-09	5.441e-10	2.0277e-09	2.4015e-10	2.286e-09	3.9319e-10	1.7836e-09	4.4537e-10	1.7845e-09	6.7553e-10	1.1214e-09	2.2912e-10	1.1355e-09	1.6574e-10	1.0342e-09	9.3201e-11	1.0347e-09	3.5763e-10	1.5357e-09	1.0104e-09	1.9193e-09	3.5799e-10	6.2736e-10	1.9235e-10	1.7959e-09	9.356e-11	1.0443e-10	6.3228e-11
1.43497	12.229	0.93011	0.0010699	6.5904e-05	0.0015694	0.019024	0.0026732	0.023346	0.00015303	0.0052036	0.00046104	0.004185	0.00061647	0.0025299	2.2e-05	0.00020046	6.8441e-06	0.00022346	2.5109e-05	0.00038557	4.1042e-05	0.00016225	0.00015313	0.00026262	0.00021955	0.0011997	1.1448e-06	4.5069e-05	8.2009e-07	1.0598e-06	7.8942e-08	1.7044e-07	1.0837e-08	6.3709e-08	1.1829e-08	3.3097e-08	1.0766e-08	3.5461e-08	7.9233e-09	1.9506e-08	3.5292e-09	9.8791e-09	1.1579e-09	3.7867e-09	1.952e-09	5.63e-09	1.8318e-09	4.9103e-09	1.0804e-09	5.7883e-09	1.2208e-09	7.0758e-09	1.3574e-09	3.3442e-09	8.0389e-10	8.3158e-09	7.4357e-10	2.226e-09	5.3031e-10	1.9764e-09	2.3406e-10	2.2281e-09	3.8323e-10	1.7385e-09	4.341e-10	1.7393e-09	6.5843e-10	1.093e-09	2.2332e-10	1.1068e-09	1.6154e-10	1.008e-09	9.0843e-11	1.0086e-09	3.4858e-10	1.4968e-09	9.8481e-10	1.8708e-09	3.4894e-10	6.115e-10	1.8749e-10	1.7505e-09	9.1195e-11	1.0179e-10	6.1632e-11
1.45491	11.775	0.90433	0.0010452	6.477e-05	0.0015341	0.018506	0.0026217	0.022852	0.00014943	0.0051573	0.00044922	0.0040702	0.00060019	0.0024609	2.1513e-05	0.00019546	6.7145e-06	0.00022549	2.4576e-05	0.00037531	4.0058e-05	0.00015835	0.00014922	0.00025593	0.00021377	0.0011694	1.1219e-06	4.3946e-05	7.9939e-07	1.033e-06	7.6952e-08	1.6614e-07	1.0564e-08	6.2086e-08	1.1531e-08	3.2255e-08	1.0494e-08	3.4567e-08	7.7237e-09	1.9014e-08	3.4403e-09	9.6303e-09	1.1288e-09	3.6913e-09	1.9028e-09	5.4873e-09	1.7857e-09	4.7853e-09	1.0529e-09	5.641e-09	1.1898e-09	6.8961e-09	1.3229e-09	3.2592e-09	7.8346e-10	8.1046e-09	7.2468e-10	2.1694e-09	5.1683e-10	1.9261e-09	2.2811e-10	2.1715e-09	3.7349e-10	1.6943e-09	4.2307e-10	1.6952e-09	6.4171e-10	1.0653e-09	2.1765e-10	1.0787e-09	1.5744e-10	9.8243e-10	8.8537e-11	9.8296e-10	3.3973e-10	1.4589e-09	9.5982e-10	1.8233e-09	3.4008e-10	5.9598e-10	1.8273e-10	1.7061e-09	8.8882e-11	9.9212e-11	6.0071e-11
1.47513	11.336	0.8792	0.0010208	6.3653e-05	0.0014995	0.018001	0.0025717	0.022372	0.00014591	0.0051134	0.00043767	0.0039582	0.0005843	0.0023936	2.1036e-05	0.00019057	6.5869e-06	0.00022766	2.4054e-05	0.0003653	3.9096e-05	0.00015453	0.00014541	0.00024939	0.00020814	0.0011397	1.0994e-06	4.2847e-05	7.7916e-07	1.0069e-06	7.5007e-08	1.6195e-07	1.0297e-08	6.0501e-08	1.124e-08	3.1431e-08	1.0226e-08	3.3684e-08	7.5286e-09	1.8534e-08	3.3534e-09	9.3871e-09	1.1003e-09	3.5975e-09	1.8548e-09	5.3472e-09	1.7404e-09	4.6632e-09	1.026e-09	5.4972e-09	1.1594e-09	6.7205e-09	1.2892e-09	3.1762e-09	7.635e-10	7.8982e-09	7.0622e-10	2.1142e-09	5.0365e-10	1.877e-09	2.2229e-10	2.1161e-09	3.6397e-10	1.6512e-09	4.1229e-10	1.652e-09	6.2537e-10	1.0382e-09	2.1211e-10	1.0512e-09	1.5343e-10	9.5743e-10	8.6284e-11	9.5795e-10	3.3109e-10	1.4218e-09	9.354e-10	1.7769e-09	3.3143e-10	5.8083e-10	1.7809e-10	1.6627e-09	8.6621e-11	9.6692e-11	5.8545e-11
1.49563	10.912	0.85472	0.00099698	6.2552e-05	0.0014656	0.017508	0.002523	0.021905	0.00014247	0.005071	0.00042639	0.0038491	0.00056879	0.002328	2.0568e-05	0.0001858	6.4615e-06	0.00022982	2.3541e-05	0.00035553	3.8155e-05	0.00015079	0.00014168	0.00024301	0.00020264	0.0011108	1.0773e-06	4.1773e-05	7.5939e-07	9.8134e-07	7.3107e-08	1.5785e-07	1.0036e-08	5.8953e-08	1.0953e-08	3.0627e-08	9.964e-09	3.2822e-08	7.337e-09	1.8062e-08	3.2684e-09	9.1473e-09	1.0723e-09	3.5054e-09	1.8073e-09	5.2103e-09	1.6958e-09	4.5439e-09	9.9979e-10	5.3566e-09	1.1298e-09	6.5489e-09	1.2563e-09	3.0951e-09	7.4399e-10	7.6966e-09	6.8819e-10	2.0601e-09	4.9078e-10	1.8291e-09	2.1661e-10	2.0621e-09	3.5467e-10	1.609e-09	4.0177e-10	1.6099e-09	6.0941e-10	1.0117e-09	2.0669e-10	1.0244e-09	1.4952e-10	9.33e-10	8.4083e-11	9.3351e-10	3.2264e-10	1.3855e-09	9.1155e-10	1.7316e-09	3.2298e-10	5.6602e-10	1.7355e-10	1.6203e-09	8.4413e-11	9.423e-11	5.7055e-11
1.51642	10.502	0.83083	0.00097357	6.1459e-05	0.0014322	0.017026	0.0024752	0.021451	0.00013908	0.0050305	0.00041534	0.0037425	0.00055362	0.0022639	2.0107e-05	0.00018111	6.3373e-06	0.00023198	2.3035e-05	0.00034597	3.7231e-05	0.00014712	0.00013803	0.00023675	0.00019727	0.0010825	1.0554e-06	4.0721e-05	7.4003e-07	9.5632e-07	7.1246e-08	1.5379e-07	9.7781e-09	5.7437e-08	1.0671e-08	2.984e-08	9.7077e-09	3.1978e-08	7.1481e-09	1.7597e-08	3.1847e-09	8.912e-09	1.0447e-09	3.4152e-09	1.7608e-09	5.0763e-09	1.6522e-09	4.4271e-09	9.741e-10	5.2191e-09	1.1008e-09	6.381e-09	1.224e-09	3.0157e-09	7.249e-10	7.4993e-09	6.7053e-10	2.0073e-09	4.7817e-10	1.7821e-09	2.1104e-10	2.0092e-09	3.4557e-10	1.5678e-09	3.9146e-10	1.5686e-09	5.9379e-10	9.8572e-10	2.0139e-10	9.9816e-10	1.4569e-10	9.0909e-10	8.1928e-11	9.0959e-10	3.1437e-10	1.35e-09	8.8819e-10	1.6872e-09	3.147e-10	5.5152e-10	1.691e-10	1.5789e-09	8.2251e-11	9.182e-11	5.5596e-11
1.53749	10.106	0.80758	0.00095069	6.0373e-05	0.0013996	0.016558	0.0024288	0.021011	0.00013577	0.0049923	0.00040457	0.0036386	0.00053884	0.0022015	1.9657e-05	0.00017654	6.2155e-06	0.00023409	2.254e-05	0.00033666	3.6329e-05	0.00014354	0.00013447	0.00023066	0.00019203	0.0010548	1.0341e-06	3.9694e-05	7.2115e-07	9.319e-07	6.9419e-08	1.4983e-07	9.5261e-09	5.5958e-08	1.0396e-08	2.9072e-08	9.4577e-09	3.1154e-08	6.964e-09	1.7144e-08	3.1026e-09	8.6823e-09	1.0177e-09	3.3273e-09	1.7155e-09	4.9456e-09	1.6096e-09	4.3132e-09	9.4903e-10	5.0848e-09	1.0725e-09	6.2172e-09	1.1925e-09	2.9382e-09	7.0627e-10	7.3067e-09	6.5331e-10	1.9557e-09	4.6588e-10	1.7363e-09	2.0562e-10	1.9576e-09	3.3669e-10	1.5275e-09	3.8141e-10	1.5283e-09	5.7855e-10	9.6041e-10	1.9622e-10	9.7254e-10	1.4195e-10	8.8576e-10	7.9825e-11	8.8625e-10	3.063e-10	1.3154e-09	8.6541e-10	1.644e-09	3.0663e-10	5.3737e-10	1.6477e-10	1.5384e-09	8.0142e-11	8.9468e-11	5.4172e-11
1.55886	9.7227	0.78491	0.00092842	5.9294e-05	0.0013676	0.0161	0.0023836	0.020585	0.00013253	0.0049566	0.00039403	0.0035374	0.0005244	0.0021405	1.9214e-05	0.00017207	6.0953e-06	0.00023614	2.2053e-05	0.00032757	3.5445e-05	0.00014003	0.00013099	0.00022469	0.00018691	0.0010277	1.013e-06	3.8689e-05	7.0267e-07	9.0802e-07	6.7623e-08	1.4595e-07	9.2796e-09	5.4512e-08	1.0127e-08	2.832e-08	9.2133e-09	3.0349e-08	6.7838e-09	1.67e-08	3.0223e-09	8.4578e-09	9.9142e-10	3.2412e-09	1.6711e-09	4.8178e-09	1.568e-09	4.2018e-09	9.2452e-10	4.9536e-09	1.0448e-09	6.0569e-09	1.1618e-09	2.8624e-09	6.8806e-10	7.1184e-09	6.3647e-10	1.9053e-09	4.5386e-10	1.6915e-09	2.0031e-10	1.9071e-09	3.28e-10	1.4881e-09	3.7158e-10	1.4889e-09	5.6364e-10	9.3566e-10	1.9116e-10	9.4749e-10	1.3829e-10	8.6294e-10	7.7769e-11	8.6342e-10	2.9841e-10	1.2815e-09	8.4312e-10	1.6016e-09	2.9873e-10	5.2354e-10	1.6053e-10	1.4988e-09	7.8079e-11	8.7168e-11	5.2779e-11
1.58052	9.3527	0.76285	0.0009065	5.8235e-05	0.0013363	0.015654	0.0023397	0.020175	0.00012936	0.004923	0.00038376	0.0034387	0.00051032	0.0020812	1.8781e-05	0.0001677	5.9774e-06	0.00023822	2.1576e-05	0.0003187	3.4581e-05	0.00013661	0.00012759	0.00021888	0.00018192	0.0010014	9.9234e-07	3.7708e-05	6.8464e-07	8.8472e-07	6.587e-08	1.4217e-07	9.0392e-09	5.3102e-08	9.8648e-09	2.7588e-08	8.9748e-09	2.9563e-08	6.6081e-09	1.6268e-08	2.944e-09	8.2387e-09	9.6574e-10	3.1573e-09	1.6278e-09	4.6931e-09	1.5274e-09	4.0931e-09	9.006e-10	4.8255e-09	1.0178e-09	5.9006e-09	1.1317e-09	2.7885e-09	6.7029e-10	6.9347e-09	6.2003e-10	1.856e-09	4.4213e-10	1.6478e-09	1.9513e-10	1.8578e-09	3.1953e-10	1.4497e-09	3.6199e-10	1.4505e-09	5.4909e-10	9.1152e-10	1.8623e-10	9.2304e-10	1.3472e-10	8.4068e-10	7.5763e-11	8.4115e-10	2.9072e-10	1.2485e-09	8.2138e-10	1.5603e-09	2.9103e-10	5.1004e-10	1.5639e-10	1.4602e-09	7.6067e-11	8.4924e-11	5.1415e-11
1.60249	8.9954	0.74133	0.00088498	5.7185e-05	0.0013055	0.015219	0.002297	0.019777	0.00012625	0.0048911	0.00037371	0.0033425	0.00049656	0.0020232	1.8355e-05	0.00016343	5.8607e-06	0.00024033	2.1106e-05	0.00031004	3.3734e-05	0.00013325	0.00012423	0.00021319	0.00017704	0.00097552	9.7196e-07	3.6748e-05	6.67e-07	8.6192e-07	6.4155e-08	1.3847e-07	8.804e-09	5.1721e-08	9.6082e-09	2.6871e-08	8.7414e-09	2.8794e-08	6.4362e-09	1.5845e-08	2.8674e-09	8.0244e-09	9.4062e-10	3.0752e-09	1.5855e-09	4.5711e-09	1.4877e-09	3.9867e-09	8.772e-10	4.7002e-09	9.9139e-10	5.7476e-09	1.1024e-09	2.7162e-09	6.529e-10	6.7549e-09	6.0395e-10	1.8079e-09	4.3065e-10	1.605e-09	1.9007e-10	1.8097e-09	3.1124e-10	1.4122e-09	3.526e-10	1.4129e-09	5.3486e-10	8.8789e-10	1.814e-10	8.9912e-10	1.3123e-10	8.1889e-10	7.3799e-11	8.1935e-10	2.8318e-10	1.2161e-09	8.001e-10	1.5199e-09	2.8349e-10	4.9683e-10	1.5234e-10	1.4224e-09	7.4097e-11	8.2708e-11	5.0074e-11
1.62476	8.6503	0.7204	0.00086396	5.6167e-05	0.0012754	0.014796	0.0022556	0.019392	0.00012321	0.0048609	0.00036391	0.0032487	0.00048316	0.0019668	1.7939e-05	0.00015925	5.7465e-06	0.00024252	2.0647e-05	0.0003016	3.2907e-05	0.00012997	0.00012095	0.00020764	0.00017223	0.00095033	9.5196e-07	3.5811e-05	6.4965e-07	8.3967e-07	6.2483e-08	1.3486e-07	8.5747e-09	5.0375e-08	9.3579e-09	2.6171e-08	8.5139e-09	2.8045e-08	6.2686e-09	1.5432e-08	2.7927e-09	7.8154e-09	9.1612e-10	2.9951e-09	1.5442e-09	4.4521e-09	1.449e-09	3.883e-09	8.5438e-10	4.578e-09	9.6563e-10	5.5984e-09	1.0737e-09	2.6457e-09	6.3594e-10	6.5795e-09	5.8827e-10	1.7609e-09	4.1946e-10	1.5633e-09	1.8512e-10	1.7627e-09	3.0316e-10	1.3755e-09	3.4345e-10	1.3762e-09	5.2098e-10	8.6485e-10	1.7669e-10	8.7579e-10	1.2782e-10	7.9765e-10	7.1885e-11	7.981e-10	2.7584e-10	1.1846e-09	7.7935e-10	1.4805e-09	2.7614e-10	4.8395e-10	1.4839e-10	1.3855e-09	7.2176e-11	8.0548e-11	4.8766e-11
1.64734	8.3172	0.70001	0.00084338	5.5152e-05	0.0012459	0.014383	0.0022154	0.019018	0.00012024	0.0048327	0.00035434	0.0031574	0.00047008	0.0019118	1.753e-05	0.00015517	5.6339e-06	0.00024475	2.0195e-05	0.00029337	3.2098e-05	0.00012673	0.00011776	0.00020222	0.00016755	0.00092571	9.3205e-07	3.4894e-05	6.3265e-07	8.177e-07	6.085e-08	1.3134e-07	8.3506e-09	4.906e-08	9.1135e-09	2.5488e-08	8.2916e-09	2.7313e-08	6.1048e-09	1.5029e-08	2.7197e-09	7.6113e-09	8.9219e-10	2.9169e-09	1.5039e-09	4.3359e-09	1.4111e-09	3.7817e-09	8.3209e-10	4.4587e-09	9.4046e-10	5.4527e-09	1.0457e-09	2.5768e-09	6.1937e-10	6.4083e-09	5.7296e-10	1.7151e-09	4.0853e-10	1.5226e-09	1.803e-10	1.7167e-09	2.9526e-10	1.3397e-09	3.3451e-10	1.3404e-09	5.0742e-10	8.4234e-10	1.7209e-10	8.53e-10	1.245e-10	7.769e-10	7.0015e-11	7.7734e-10	2.6866e-10	1.1538e-09	7.5908e-10	1.442e-09	2.6896e-10	4.7136e-10	1.4453e-10	1.3495e-09	7.03e-11	7.8437e-11	4.7488e-11
1.67023	7.9957	0.68015	0.00082323	5.4149e-05	0.0012167	0.01398	0.0021764	0.018655	0.00011732	0.0048058	0.00034499	0.0030684	0.00045732	0.0018582	1.7129e-05	0.00015118	5.523e-06	0.00024687	1.9752e-05	0.00028534	3.1306e-05	0.00012355	0.00011464	0.00019686	0.00016298	0.00090166	9.1248e-07	3.3999e-05	6.1604e-07	7.9623e-07	5.9254e-08	1.279e-07	8.1318e-09	4.7776e-08	8.8747e-09	2.4821e-08	8.0745e-09	2.6597e-08	5.9449e-09	1.4635e-08	2.6485e-09	7.4119e-09	8.6881e-10	2.8405e-09	1.4645e-09	4.2224e-09	1.3742e-09	3.6827e-09	8.1032e-10	4.3421e-09	9.1587e-10	5.3104e-09	1.0184e-09	2.5095e-09	6.0319e-10	6.241e-09	5.5799e-10	1.6702e-09	3.9785e-10	1.4828e-09	1.7558e-10	1.6719e-09	2.8754e-10	1.3047e-09	3.2577e-10	1.3054e-09	4.9417e-10	8.2035e-10	1.676e-10	8.3074e-10	1.2125e-10	7.5663e-10	6.8188e-11	7.5706e-10	2.6165e-10	1.1237e-09	7.3928e-10	1.4044e-09	2.6194e-10	4.5907e-10	1.4074e-10	1.314e-09	6.8458e-11	7.6376e-11	4.624e-11
1.69345	7.6854	0.66082	0.00080352	5.3163e-05	0.001188	0.013588	0.0021388	0.018305	0.00011448	0.0047806	0.00033587	0.0029816	0.00044488	0.001806	1.6736e-05	0.00014729	5.4139e-06	0.00024882	1.9317e-05	0.0002775	3.0529e-05	0.00012045	0.00011162	0.00019164	0.00015853	0.00087796	8.9327e-07	3.3124e-05	5.9983e-07	7.7528e-07	5.7697e-08	1.2454e-07	7.9182e-09	4.6523e-08	8.6417e-09	2.417e-08	7.8626e-09	2.5899e-08	5.7887e-09	1.4251e-08	2.5789e-09	7.2173e-09	8.4599e-10	2.766e-09	1.426e-09	4.1116e-09	1.3381e-09	3.5862e-09	7.8907e-10	4.2283e-09	8.9187e-10	5.1714e-09	9.9173e-10	2.4438e-09	5.8739e-10	6.0776e-09	5.4339e-10	1.6265e-09	3.8742e-10	1.444e-09	1.7098e-10	1.6281e-09	2.8001e-10	1.2706e-09	3.1725e-10	1.2713e-09	4.8125e-10	7.9889e-10	1.6321e-10	8.0901e-10	1.1807e-10	7.3684e-10	6.6404e-11	7.3726e-10	2.5481e-10	1.0942e-09	7.1991e-10	1.3675e-09	2.5508e-10	4.4697e-10	1.3703e-10	1.2793e-09	6.6653e-11	7.4364e-11	4.5023e-11
1.71698	7.3861	0.64201	0.00078423	5.2191e-05	0.00116	0.013206	0.0021023	0.017967	0.00011169	0.0047579	0.00032697	0.0028972	0.00043274	0.0017551	1.6352e-05	0.00014348	5.3068e-06	0.00025057	1.889e-05	0.00026987	2.9763e-05	0.00011742	0.00010865	0.00018654	0.00015422	0.00085479	8.7442e-07	3.227e-05	5.8402e-07	7.5483e-07	5.6178e-08	1.2126e-07	7.7098e-09	4.5299e-08	8.4142e-09	2.3535e-08	7.6558e-09	2.5218e-08	5.6364e-09	1.3876e-08	2.511e-09	7.0273e-09	8.2373e-10	2.6932e-09	1.3885e-09	4.0034e-09	1.3029e-09	3.4919e-09	7.6833e-10	4.1172e-09	8.6845e-10	5.0358e-09	9.6569e-10	2.3797e-09	5.7198e-10	5.9182e-09	5.2913e-10	1.5838e-09	3.7725e-10	1.4061e-09	1.6649e-10	1.5854e-09	2.7266e-10	1.2373e-09	3.0892e-10	1.2379e-09	4.6863e-10	7.7794e-10	1.5893e-10	7.878e-10	1.1498e-10	7.1747e-10	6.466e-11	7.1783e-10	2.481e-10	1.0652e-09	7.0087e-10	1.3313e-09	2.4834e-10	4.3516e-10	1.3341e-10	1.2455e-09	6.4892e-11	7.2401e-11	4.3834e-11
1.74084	7.0973	0.6237	0.00076535	5.1233e-05	0.0011325	0.012834	0.002067	0.01764	0.00010895	0.0047389	0.00031828	0.0028149	0.00042091	0.0017055	1.5974e-05	0.00013976	5.2012e-06	0.00025257	1.8471e-05	0.00026242	2.9014e-05	0.00011448	0.00010575	0.00018157	0.00014999	0.00083217	8.561e-07	3.1436e-05	5.6857e-07	7.3487e-07	5.4694e-08	1.1806e-07	7.5062e-09	4.4105e-08	8.1922e-09	2.2914e-08	7.4538e-09	2.4553e-08	5.4876e-09	1.3509e-08	2.4447e-09	6.8419e-09	8.0199e-10	2.6221e-09	1.3518e-09	3.8978e-09	1.2685e-09	3.3998e-09	7.4808e-10	4.0087e-09	8.4558e-10	4.9033e-09	9.4026e-10	2.317e-09	5.5692e-10	5.7626e-09	5.1521e-10	1.5421e-09	3.6731e-10	1.3691e-09	1.6211e-10	1.5437e-09	2.6549e-10	1.2047e-09	3.008e-10	1.2053e-09	4.5627e-10	7.5745e-10	1.5475e-10	7.6693e-10	1.1194e-10	6.9845e-10	6.2945e-11	6.988e-10	2.4152e-10	1.037e-09	6.8229e-10	1.296e-09	2.4175e-10	4.2362e-10	1.2987e-10	1.2125e-09	6.3172e-11	7.0484e-11	4.2674e-11
1.76503	6.8187	0.60588	0.0007469	5.029e-05	0.0011059	0.012471	0.0020326	0.017325	0.00010625	0.0047219	0.0003098	0.0027348	0.00040937	0.0016572	1.5605e-05	0.00013613	5.0975e-06	0.00025451	1.8061e-05	0.00025516	2.8282e-05	0.00011158	0.00010293	0.00017676	0.00014586	0.0008101	8.3792e-07	3.0618e-05	5.5351e-07	7.1539e-07	5.3247e-08	1.1494e-07	7.3077e-09	4.2939e-08	7.9755e-09	2.2309e-08	7.2568e-09	2.3904e-08	5.3425e-09	1.3152e-08	2.38e-09	6.6609e-09	7.8078e-10	2.5528e-09	1.3161e-09	3.7948e-09	1.235e-09	3.31e-09	7.2832e-10	3.9029e-09	8.2327e-10	4.7732e-09	9.1545e-10	2.256e-09	5.4223e-10	5.6098e-09	5.0163e-10	1.5015e-09	3.5762e-10	1.3329e-09	1.5783e-10	1.503e-09	2.5848e-10	1.1727e-09	2.9285e-10	1.1733e-09	4.4415e-10	7.3732e-10	1.5065e-10	7.4655e-10	1.0897e-10	6.7989e-10	6.1272e-11	6.8023e-10	2.351e-10	1.0094e-09	6.6417e-10	1.2616e-09	2.3533e-10	4.1237e-10	1.2642e-10	1.1803e-09	6.1494e-11	6.8615e-11	4.1542e-11
1.78956	6.5502	0.58855	0.00072885	4.9363e-05	0.0010796	0.012118	0.0019992	0.01702	0.00010361	0.0047072	0.00030145	0.0026568	0.00039813	0.0016101	1.5243e-05	0.00013259	4.9948e-06	0.00025651	1.7659e-05	0.00024809	2.7568e-05	0.00010876	0.00010017	0.00017203	0.00014184	0.00078878	8.201e-07	2.9814e-05	5.3896e-07	6.9658e-07	5.1849e-08	1.1192e-07	7.1159e-09	4.1814e-08	7.7663e-09	2.1724e-08	7.0665e-09	2.3277e-08	5.2023e-09	1.2807e-08	2.3176e-09	6.4862e-09	7.6029e-10	2.4858e-09	1.2816e-09	3.6953e-09	1.2026e-09	3.2233e-09	7.0923e-10	3.8007e-09	8.0171e-10	4.6473e-09	8.9149e-10	2.1967e-09	5.2805e-10	5.4618e-09	4.8841e-10	1.4622e-09	3.4826e-10	1.2981e-09	1.5369e-10	1.4636e-09	2.5172e-10	1.1418e-09	2.8512e-10	1.1423e-09	4.3243e-10	7.1787e-10	1.4668e-10	7.2686e-10	1.0609e-10	6.6196e-10	5.9656e-11	6.6229e-10	2.2891e-10	9.8284e-10	6.4666e-10	1.2284e-09	2.2913e-10	4.015e-10	1.2309e-10	1.1492e-09	5.9874e-11	6.6809e-11	4.0449e-11
1.81443	6.2913	0.57168	0.0007112	4.8449e-05	0.0010538	0.011774	0.0019669	0.016724	0.00010103	0.0046946	0.0002933	0.0025808	0.00038707	0.0015643	1.4888e-05	0.00012913	4.8931e-06	0.00025854	1.7264e-05	0.0002412	2.6877e-05	0.00010599	9.7484e-05	0.00016742	0.00013792	0.00076777	8.0259e-07	2.9029e-05	5.2462e-07	6.7804e-07	5.0471e-08	1.0895e-07	6.9269e-09	4.0704e-08	7.56e-09	2.1147e-08	6.879e-09	2.2659e-08	5.0641e-09	1.2467e-08	2.256e-09	6.3139e-09	7.401e-10	2.4198e-09	1.2475e-09	3.5972e-09	1.1706e-09	3.1378e-09	6.9042e-10	3.7e-09	7.8047e-10	4.5232e-09	8.6787e-10	2.138e-09	5.1399e-10	5.316e-09	4.7537e-10	1.4233e-09	3.3903e-10	1.2637e-09	1.4962e-10	1.4245e-09	2.4503e-10	1.1113e-09	2.7751e-10	1.1118e-09	4.2089e-10	6.9871e-10	1.4276e-10	7.0746e-10	1.0326e-10	6.443e-10	5.8065e-11	6.4462e-10	2.228e-10	9.5663e-10	6.2941e-10	1.1956e-09	2.2302e-10	3.908e-10	1.1981e-10	1.1186e-09	5.8278e-11	6.5029e-11	3.9372e-11
1.83965	6.0417	0.55527	0.00069393	4.755e-05	0.0010286	0.011439	0.0019356	0.01644	9.8513e-05	0.0046833	0.00028534	0.0025068	0.00037627	0.0015197	1.4536e-05	0.00012575	4.7932e-06	0.00026041	1.6874e-05	0.00023448	2.6195e-05	0.00010329	9.4862e-05	0.00016292	0.00013411	0.00074728	7.8541e-07	2.8263e-05	5.1063e-07	6.5996e-07	4.9127e-08	1.0605e-07	6.7425e-09	3.9622e-08	7.3588e-09	2.0585e-08	6.696e-09	2.2056e-08	4.9293e-09	1.2135e-08	2.1959e-09	6.1459e-09	7.204e-10	2.3555e-09	1.2143e-09	3.5016e-09	1.1395e-09	3.0544e-09	6.7207e-10	3.6017e-09	7.5974e-10	4.4022e-09	8.4477e-10	2.0808e-09	5.0023e-10	5.1737e-09	4.6265e-10	1.3852e-09	3.3003e-10	1.2299e-09	1.4565e-10	1.3864e-09	2.3847e-10	1.0816e-09	2.7008e-10	1.0821e-09	4.0963e-10	6.8001e-10	1.3894e-10	6.8854e-10	1.005e-10	6.2706e-10	5.6512e-11	6.2739e-10	2.1684e-10	9.3105e-10	6.1258e-10	1.1636e-09	2.1705e-10	3.8035e-10	1.1661e-10	1.0887e-09	5.672e-11	6.3293e-11	3.8321e-11
1.86522	5.8013	0.53931	0.00067704	4.6663e-05	0.0010039	0.011113	0.0019052	0.016166	9.6075e-05	0.0046724	0.00027759	0.0024348	0.00036575	0.0014763	1.4192e-05	0.00012244	4.6948e-06	0.00026225	1.6489e-05	0.00022794	2.5528e-05	0.00010065	9.2305e-05	0.00015852	0.00013039	0.00072729	7.6854e-07	2.7515e-05	4.9698e-07	6.4231e-07	4.7815e-08	1.0322e-07	6.5625e-09	3.8565e-08	7.1625e-09	2.0036e-08	6.5175e-09	2.1468e-08	4.7978e-09	1.1811e-08	2.1373e-09	5.9819e-09	7.0118e-10	2.2926e-09	1.1819e-09	3.4082e-09	1.1091e-09	2.973e-09	6.5416e-10	3.5058e-09	7.3937e-10	4.2841e-09	8.2209e-10	2.025e-09	4.868e-10	5.035e-09	4.5023e-10	1.348e-09	3.2117e-10	1.1969e-09	1.4176e-10	1.3492e-09	2.3207e-10	1.0526e-09	2.6284e-10	1.0531e-09	3.9864e-10	6.6177e-10	1.3522e-10	6.7008e-10	9.7805e-11	6.1025e-10	5.4997e-11	6.1057e-10	2.1103e-10	9.061e-10	5.9616e-10	1.1325e-09	2.1124e-10	3.7016e-10	1.1348e-10	1.0595e-09	5.52e-11	6.1599e-11	3.7295e-11
1.89114	5.5696	0.5238	0.00066056	4.5794e-05	0.00097983	0.010796	0.0018759	0.015903	9.367e-05	0.0046631	0.00027012	0.0023646	0.00035552	0.001434	1.3856e-05	0.00011923	4.6e-06	0.00026405	1.6113e-05	0.00022156	2.4878e-05	9.8081e-05	8.9816e-05	0.00015425	0.00012677	0.00070781	7.5204e-07	2.6794e-05	4.8368e-07	6.2512e-07	4.6537e-08	1.0046e-07	6.3872e-09	3.7537e-08	6.9712e-09	1.9502e-08	6.3435e-09	2.0895e-08	4.6697e-09	1.1496e-08	2.0802e-09	5.8222e-09	6.8245e-10	2.2314e-09	1.1504e-09	3.3173e-09	1.0795e-09	2.8937e-09	6.3672e-10	3.4115e-09	7.195e-10	4.1691e-09	7.9999e-10	1.9706e-09	4.7373e-10	4.8998e-09	4.3814e-10	1.3118e-09	3.1254e-10	1.1647e-09	1.3795e-10	1.3129e-09	2.2584e-10	1.0243e-09	2.5578e-10	1.0248e-09	3.8794e-10	6.4401e-10	1.3159e-10	6.5209e-10	9.518e-11	5.9388e-10	5.3521e-11	5.9418e-10	2.0536e-10	8.818e-10	5.8017e-10	1.1021e-09	2.0557e-10	3.6023e-10	1.1044e-10	1.0311e-09	5.372e-11	5.9949e-11	3.6297e-11
1.91742	5.3441	0.50872	0.00064444	4.4938e-05	0.00095625	0.010488	0.0018476	0.015649	9.1319e-05	0.0046543	0.00026275	0.0022957	0.00034566	0.0013929	1.3526e-05	0.00011609	4.5054e-06	0.00026592	1.5745e-05	0.00021536	2.4242e-05	9.5568e-05	8.7387e-05	0.00015008	0.00012324	0.00068881	7.3583e-07	2.6083e-05	4.7071e-07	6.0835e-07	4.5291e-08	9.7769e-08	6.2162e-09	3.6533e-08	6.7846e-09	1.898e-08	6.1738e-09	2.0336e-08	4.5447e-09	1.1188e-08	2.0245e-09	5.6664e-09	6.6418e-10	2.1717e-09	1.1196e-09	3.2285e-09	1.0506e-09	2.8163e-09	6.1968e-10	3.3196e-09	7.0011e-10	4.0569e-09	7.7844e-10	1.9175e-09	4.6097e-10	4.7679e-09	4.2635e-10	1.2764e-09	3.0412e-10	1.1333e-09	1.3423e-10	1.2776e-09	2.1975e-10	9.9674e-10	2.489e-10	9.9723e-10	3.775e-10	6.2668e-10	1.2804e-10	6.3455e-10	9.2619e-11	5.779e-10	5.2081e-11	5.782e-10	1.9984e-10	8.5809e-10	5.6457e-10	1.0724e-09	2.0004e-10	3.5055e-10	1.0747e-10	1.0034e-09	5.2276e-11	5.834e-11	3.5322e-11
1.94407	5.1259	0.49396	0.00062867	4.4095e-05	0.00093317	0.010185	0.0018199	0.015403	8.902e-05	0.0046468	0.00025557	0.0022287	0.00033594	0.0013525	1.3208e-05	0.00011299	4.4124e-06	0.00026787	1.5384e-05	0.00020926	2.3622e-05	9.3114e-05	8.502e-05	0.00014601	0.0001198	0.00067028	7.1993e-07	2.5389e-05	4.5806e-07	5.92e-07	4.4075e-08	9.5146e-08	6.0494e-09	3.5553e-08	6.6026e-09	1.8471e-08	6.0083e-09	1.9791e-08	4.4228e-09	1.0888e-08	1.9702e-09	5.5144e-09	6.4637e-10	2.1135e-09	1.0896e-09	3.142e-09	1.0224e-09	2.7402e-09	6.0293e-10	3.2299e-09	6.8121e-10	3.9475e-09	7.5743e-10	1.8658e-09	4.4853e-10	4.6393e-09	4.1485e-10	1.242e-09	2.9591e-10	1.1027e-09	1.3061e-10	1.2431e-09	2.1382e-10	9.6986e-10	2.4218e-10	9.7034e-10	3.6732e-10	6.0978e-10	1.2459e-10	6.1744e-10	9.0122e-11	5.6232e-10	5.0677e-11	5.6262e-10	1.9445e-10	8.3497e-10	5.4936e-10	1.0435e-09	1.9465e-10	3.411e-10	1.0458e-10	9.764e-10	5.0868e-11	5.677e-11	3.4372e-11
1.97108	4.9159	0.47955	0.00061322	4.3264e-05	0.0009106	0.0098898	0.0017928	0.015164	8.6774e-05	0.0046407	0.00024857	0.0021635	0.00032648	0.0013131	1.2892e-05	0.00010997	4.321e-06	0.00026977	1.5035e-05	0.00020331	2.3016e-05	9.0717e-05	8.2712e-05	0.00014205	0.00011646	0.00065221	7.0432e-07	2.4712e-05	4.4572e-07	5.7605e-07	4.2889e-08	9.2588e-08	5.8868e-09	3.4592e-08	6.4252e-09	1.7971e-08	5.8468e-09	1.9259e-08	4.3039e-09	1.0595e-08	1.9172e-09	5.3661e-09	6.2899e-10	2.0567e-09	1.0603e-09	3.0574e-09	9.9495e-10	2.666e-09	5.866e-10	3.1425e-09	6.6278e-10	3.8408e-09	7.3693e-10	1.8154e-09	4.364e-10	4.514e-09	4.0363e-10	1.2084e-09	2.879e-10	1.0729e-09	1.2707e-10	1.2095e-09	2.0804e-10	9.4365e-10	2.3564e-10	9.4412e-10	3.574e-10	5.9331e-10	1.2122e-10	6.0076e-10	8.7687e-11	5.4713e-10	4.9308e-11	5.4742e-10	1.892e-10	8.1242e-10	5.3452e-10	1.0154e-09	1.8939e-10	3.3189e-10	1.0176e-10	9.5004e-10	4.9495e-11	5.5239e-11	3.3445e-11
1.99848	4.7138	0.46556	0.00059803	4.245e-05	0.00088855	0.0096026	0.0017667	0.014934	8.4583e-05	0.0046357	0.00024176	0.0021002	0.00031728	0.0012748	1.2584e-05	0.00010702	4.2315e-06	0.00027129	1.4689e-05	0.00019752	2.2425e-05	8.8381e-05	8.0464e-05	0.00013819	0.0001132	0.00063461	6.8905e-07	2.4052e-05	4.337e-07	5.6051e-07	4.1734e-08	9.0095e-08	5.7283e-09	3.3653e-08	6.2523e-09	1.7483e-08	5.6882e-09	1.8738e-08	4.1881e-09	1.031e-08	1.8656e-09	5.2217e-09	6.1206e-10	2.0012e-09	1.0318e-09	2.9744e-09	9.6815e-10	2.5937e-09	5.707e-10	3.0574e-09	6.4482e-10	3.7369e-09	7.1697e-10	1.7662e-09	4.2458e-10	4.3918e-09	3.9271e-10	1.1757e-09	2.801e-10	1.0439e-09	1.2363e-10	1.1768e-09	2.0241e-10	9.1812e-10	2.2926e-10	9.1858e-10	3.4773e-10	5.7726e-10	1.1794e-10	5.8452e-10	8.5315e-11	5.3234e-10	4.7975e-11	5.3262e-10	1.8409e-10	7.9046e-10	5.2007e-10	9.8792e-10	1.8427e-10	3.2292e-10	9.9006e-11	9.2437e-10	4.8157e-11	5.3748e-11	3.2543e-11
2.02625	4.5195	0.45196	0.00058318	4.1647e-05	0.00086698	0.0093232	0.0017417	0.014712	8.2441e-05	0.0046329	0.00023511	0.0020393	0.00030831	0.0012376	1.2282e-05	0.00010414	4.1434e-06	0.00027302	1.4349e-05	0.00019188	2.1847e-05	8.6098e-05	7.8273e-05	0.00013442	0.00011003	0.00061744	6.7405e-07	2.3408e-05	4.2198e-07	5.4536e-07	4.0608e-08	8.7665e-08	5.5738e-09	3.2739e-08	6.0831e-09	1.7008e-08	5.5336e-09	1.8228e-08	4.075e-09	1.0032e-08	1.8153e-09	5.0804e-09	5.9554e-10	1.9468e-09	1.0038e-09	2.8936e-09	9.4182e-10	2.5233e-09	5.5519e-10	2.9743e-09	6.2732e-10	3.6356e-09	6.9751e-10	1.7183e-09	4.1306e-10	4.2727e-09	3.8206e-10	1.1438e-09	2.725e-10	1.0155e-09	1.2027e-10	1.1448e-09	1.9691e-10	8.9323e-10	2.2304e-10	8.9367e-10	3.383e-10	5.616e-10	1.1475e-10	5.6867e-10	8.3002e-11	5.1791e-10	4.6675e-11	5.1819e-10	1.791e-10	7.6905e-10	5.0598e-10	9.6116e-10	1.7928e-10	3.1417e-10	9.6324e-11	8.9934e-10	4.6853e-11	5.2294e-11	3.1662e-11
2.05441	4.3327	0.43875	0.00056869	4.0859e-05	0.00084591	0.0090516	0.001718	0.014498	8.0351e-05	0.0046329	0.00022864	0.0019794	0.00029959	0.0012014	1.1987e-05	0.00010134	4.0572e-06	0.00027466	1.4017e-05	0.00018639	2.1284e-05	8.3873e-05	7.614e-05	0.00013076	0.00010694	0.00060072	6.5937e-07	2.2781e-05	4.1057e-07	5.306e-07	3.9511e-08	8.5287e-08	5.4225e-09	3.1848e-08	5.9175e-09	1.6545e-08	5.3829e-09	1.7732e-08	3.964e-09	9.7584e-09	1.7661e-09	4.942e-09	5.7932e-10	1.8938e-09	9.7645e-10	2.8148e-09	9.1618e-10	2.4546e-09	5.4009e-10	2.8935e-09	6.1026e-10	3.5369e-09	6.7855e-10	1.6716e-09	4.0184e-10	4.1567e-09	3.7168e-10	1.1127e-09	2.6509e-10	9.8793e-10	1.17e-10	1.1137e-09	1.9157e-10	8.6898e-10	2.1699e-10	8.6942e-10	3.2912e-10	5.4636e-10	1.1163e-10	5.5324e-10	8.0749e-11	5.0386e-10	4.5408e-11	5.0413e-10	1.7424e-10	7.4819e-10	4.9225e-10	9.3509e-10	1.7442e-10	3.0565e-10	9.3713e-11	8.7496e-10	4.5583e-11	5.0877e-11	3.0804e-11
2.08296	4.1557	0.42607	0.00055453	4.0079e-05	0.0008253	0.0087907	0.0016956	0.014296	7.8309e-05	0.0046344	0.00022234	0.0019211	0.00029109	0.0011666	1.1698e-05	9.8645e-05	3.9724e-06	0.00027633	1.3692e-05	0.00018112	2.0734e-05	8.17e-05	7.406e-05	0.00012719	0.00010394	0.00058443	6.4497e-07	2.2169e-05	3.9944e-07	5.1622e-07	3.8439e-08	8.296e-08	5.2745e-09	3.0979e-08	5.756e-09	1.6094e-08	5.2361e-09	1.7248e-08	3.8558e-09	9.4921e-09	1.7179e-09	4.8072e-09	5.6351e-10	1.8422e-09	9.4981e-10	2.738e-09	8.9119e-10	2.3877e-09	5.2537e-10	2.8146e-09	5.9365e-10	3.4407e-09	6.6008e-10	1.6262e-09	3.909e-10	4.0437e-09	3.6157e-10	1.0824e-09	2.5787e-10	9.6103e-10	1.1382e-10	1.0834e-09	1.8635e-10	8.4535e-10	2.1108e-10	8.4577e-10	3.2017e-10	5.315e-10	1.0859e-10	5.382e-10	7.8553e-11	4.9016e-10	4.4174e-11	4.9042e-10	1.695e-10	7.2786e-10	4.7888e-10	9.0968e-10	1.6968e-10	2.9735e-10	9.1167e-11	8.5119e-10	4.4344e-11	4.949e-11	2.9961e-11
2.11191	3.983	0.41362	0.00054072	3.9308e-05	0.00080518	0.008534	0.0016737	0.014101	7.6318e-05	0.0046366	0.0002162	0.0018645	0.00028283	0.0011324	1.1416e-05	9.5982e-05	3.8893e-06	0.00027787	1.3375e-05	0.00017593	2.0198e-05	7.9582e-05	7.2036e-05	0.00012371	0.00010102	0.00056855	6.3087e-07	2.1573e-05	3.886e-07	5.0221e-07	3.7389e-08	8.0693e-08	5.1304e-09	3.0134e-08	5.5988e-09	1.5655e-08	5.0932e-09	1.6777e-08	3.7505e-09	9.2329e-09	1.671e-09	4.6759e-09	5.4812e-10	1.7918e-09	9.2386e-10	2.6633e-09	8.6685e-10	2.3226e-09	5.1103e-10	2.7379e-09	5.7746e-10	3.347e-09	6.4209e-10	1.5819e-09	3.8025e-10	3.9336e-09	3.5172e-10	1.0529e-09	2.5084e-10	9.3484e-10	1.1071e-10	1.0539e-09	1.8127e-10	8.2233e-10	2.0534e-10	8.2275e-10	3.1145e-10	5.1703e-10	1.0564e-10	5.2355e-10	7.6415e-11	4.7682e-10	4.2971e-11	4.7708e-10	1.6489e-10	7.0806e-10	4.6585e-10	8.8493e-10	1.6506e-10	2.8926e-10	8.8688e-11	8.2805e-10	4.3138e-11	4.8134e-11	2.9141e-11
2.14126	3.8169	0.40151	0.00052721	3.8549e-05	0.00078549	0.0082843	0.0016525	0.013916	7.4371e-05	0.0046398	0.00021022	0.0018095	0.00027479	0.0010991	1.114e-05	9.3385e-05	3.8077e-06	0.00027916	1.3063e-05	0.00017087	1.9675e-05	7.7513e-05	7.0063e-05	0.00012032	9.8171e-05	0.00055308	6.1703e-07	2.0992e-05	3.7804e-07	4.8855e-07	3.6365e-08	7.8484e-08	4.99e-09	2.931e-08	5.4455e-09	1.5227e-08	4.9538e-09	1.6318e-08	3.6478e-09	8.9801e-09	1.6252e-09	4.5479e-09	5.3311e-10	1.7428e-09	8.9858e-10	2.5904e-09	8.4313e-10	2.2591e-09	4.9706e-10	2.6631e-09	5.6169e-10	3.2557e-09	6.2455e-10	1.5387e-09	3.6987e-10	3.8263e-09	3.4212e-10	1.0242e-09	2.4399e-10	9.0931e-10	1.0769e-10	1.0252e-09	1.7632e-10	7.999e-10	1.9973e-10	8.003e-10	3.0296e-10	5.0293e-10	1.0275e-10	5.0927e-10	7.433e-11	4.6382e-10	4.18e-11	4.6407e-10	1.6039e-10	6.8876e-10	4.5315e-10	8.6081e-10	1.6056e-10	2.8138e-10	8.6272e-11	8.0549e-10	4.1963e-11	4.6813e-11	2.8341e-11
2.17102	3.6574	0.38977	0.00051404	3.7806e-05	0.00076628	0.0080418	0.0016321	0.01374	7.2475e-05	0.0046436	0.0002044	0.001756	0.00026697	0.0010668	1.0871e-05	9.0856e-05	3.7278e-06	0.00028042	1.2759e-05	0.00016596	1.9165e-05	7.5498e-05	6.8127e-05	0.00011702	9.5403e-05	0.00053802	6.0351e-07	2.0426e-05	3.6775e-07	4.7526e-07	3.5368e-08	7.6334e-08	4.8533e-09	2.8508e-08	5.2964e-09	1.481e-08	4.8182e-09	1.5872e-08	3.5479e-09	8.7342e-09	1.5807e-09	4.4233e-09	5.1851e-10	1.6951e-09	8.7397e-10	2.5195e-09	8.2004e-10	2.1973e-09	4.8346e-10	2.5903e-09	5.4633e-10	3.1668e-09	6.0748e-10	1.4967e-09	3.5977e-10	3.7218e-09	3.3278e-10	9.9621e-10	2.3732e-10	8.8446e-10	1.0474e-10	9.9715e-10	1.7151e-10	7.7806e-10	1.9428e-10	7.7846e-10	2.9469e-10	4.892e-10	9.9949e-11	4.9537e-10	7.2302e-11	4.5116e-10	4.0659e-11	4.5141e-10	1.5602e-10	6.6997e-10	4.4079e-10	8.3733e-10	1.5618e-10	2.737e-10	8.391e-11	7.834e-10	4.0817e-11	4.5528e-11	2.7563e-11
2.20119	3.5041	0.37837	0.00050118	3.7075e-05	0.00074752	0.0078061	0.0016126	0.013574	7.0623e-05	0.0046478	0.00019874	0.0017041	0.00025936	0.0010354	1.0607e-05	8.8392e-05	3.6494e-06	0.00028179	1.2461e-05	0.00016118	1.8667e-05	7.3532e-05	6.6243e-05	0.00011381	9.2692e-05	0.00052335	5.9025e-07	1.9875e-05	3.577e-07	4.6231e-07	3.4397e-08	7.424e-08	4.7201e-09	2.7726e-08	5.1511e-09	1.4404e-08	4.6862e-09	1.5436e-08	3.4506e-09	8.4946e-09	1.5373e-09	4.302e-09	5.0429e-10	1.6486e-09	8.5e-10	2.4505e-09	7.9756e-10	2.1371e-09	4.7022e-10	2.5194e-09	5.3138e-10	3.0802e-09	5.9086e-10	1.4557e-09	3.4993e-10	3.6201e-09	3.2368e-10	9.6896e-10	2.3083e-10	8.6026e-10	1.0188e-10	9.6988e-10	1.6681e-10	7.5679e-10	1.8897e-10	7.5718e-10	2.8663e-10	4.7583e-10	9.7216e-11	4.8183e-10	7.0326e-11	4.3883e-10	3.9548e-11	4.3907e-10	1.5175e-10	6.5163e-10	4.2875e-10	8.1442e-10	1.5191e-10	2.6619e-10	8.16e-11	7.6184e-10	3.9693e-11	4.4276e-11	2.6805e-11
2.23178	3.3568	0.3673	0.00048863	3.6357e-05	0.00072919	0.007577	0.001594	0.013417	6.8817e-05	0.0046534	0.00019322	0.0016536	0.00025197	0.0010048	1.035e-05	8.5991e-05	3.5725e-06	0.0002829	1.217e-05	0.00015653	1.8182e-05	7.1609e-05	6.4408e-05	0.00011068	9.0051e-05	0.00050906	5.7715e-07	1.9338e-05	3.4786e-07	4.4962e-07	3.3452e-08	7.2201e-08	4.5905e-09	2.6966e-08	5.0097e-09	1.4009e-08	4.5576e-09	1.5013e-08	3.3559e-09	8.2614e-09	1.4951e-09	4.1839e-09	4.9044e-10	1.6034e-09	8.2667e-10	2.3832e-09	7.7567e-10	2.0785e-09	4.5733e-10	2.4503e-09	5.1682e-10	2.9959e-09	5.7467e-10	1.4159e-09	3.4034e-10	3.521e-09	3.1482e-10	9.4242e-10	2.245e-10	8.367e-10	9.9084e-11	9.4332e-10	1.6225e-10	7.3608e-10	1.838e-10	7.3646e-10	2.7879e-10	4.6281e-10	9.4555e-11	4.6865e-10	6.8401e-11	4.2683e-10	3.8466e-11	4.2704e-10	1.476e-10	6.3367e-10	4.1693e-10	7.9197e-10	1.4773e-10	2.5885e-10	7.9352e-11	7.4085e-10	3.86e-11	4.3057e-11	2.6068e-11
2.2628	3.2154	0.35656	0.00047639	3.5652e-05	0.0007112	0.0073545	0.0015763	0.013268	6.7054e-05	0.0046611	0.00018786	0.0016045	0.00024477	0.00097515	1.0099e-05	8.3653e-05	3.4972e-06	0.00028412	1.1885e-05	0.00015202	1.7709e-05	6.9723e-05	6.2622e-05	0.00010762	8.7484e-05	0.00049515	5.643e-07	1.8815e-05	3.3828e-07	4.3724e-07	3.2532e-08	7.0216e-08	4.4643e-09	2.6225e-08	4.872e-09	1.3624e-08	4.4324e-09	1.46e-08	3.2636e-09	8.0343e-09	1.454e-09	4.0689e-09	4.7696e-10	1.5593e-09	8.0395e-10	2.3178e-09	7.5435e-10	2.0214e-09	4.4477e-10	2.3831e-09	5.0264e-10	2.9139e-09	5.5891e-10	1.3771e-09	3.3101e-10	3.4245e-09	3.0619e-10	9.1658e-10	2.1834e-10	8.1376e-10	9.6366e-11	9.1747e-10	1.578e-10	7.1592e-10	1.7876e-10	7.1629e-10	2.7115e-10	4.5013e-10	9.1965e-11	4.5576e-10	6.6526e-11	4.1505e-10	3.7405e-11	4.1525e-10	1.4352e-10	6.1618e-10	4.0543e-10	7.7012e-10	1.4366e-10	2.5171e-10	7.7163e-11	7.2042e-10	3.7535e-11	4.187e-11	2.5349e-11
2.29424	3.0796	0.34613	0.00046443	3.4959e-05	0.00069354	0.0071383	0.0015594	0.013125	6.5334e-05	0.00467	0.00018263	0.0015569	0.00023777	0.00094631	9.8527e-06	8.1374e-05	3.4232e-06	0.00028526	1.1606e-05	0.00014762	1.7247e-05	6.7885e-05	6.0884e-05	0.00010463	8.4986e-05	0.00048154	5.5171e-07	1.8305e-05	3.2895e-07	4.2518e-07	3.1636e-08	6.8282e-08	4.3414e-09	2.5504e-08	4.7379e-09	1.325e-08	4.3104e-09	1.4199e-08	3.1738e-09	7.8131e-09	1.414e-09	3.9569e-09	4.6383e-10	1.5164e-09	7.8182e-10	2.254e-09	7.3359e-10	1.9658e-09	4.3254e-10	2.3176e-09	4.8884e-10	2.8336e-09	5.4355e-10	1.3393e-09	3.2192e-10	3.3303e-09	2.9779e-10	8.9142e-10	2.1235e-10	7.9141e-10	9.3718e-11	8.9228e-10	1.5346e-10	6.9617e-10	1.7385e-10	6.9649e-10	2.6366e-10	4.377e-10	8.9438e-11	4.4316e-10	6.4687e-11	4.0358e-10	3.6371e-11	4.0377e-10	1.3955e-10	5.9915e-10	3.9422e-10	7.4883e-10	1.3969e-10	2.4476e-10	7.5032e-11	7.0052e-10	3.6498e-11	4.0715e-11	2.465e-11
2.32613	2.9493	0.33602	0.00045277	3.428e-05	0.00067633	0.0069284	0.0015433	0.012991	6.3657e-05	0.0046786	0.00017755	0.0015106	0.00023097	0.00091832	9.6129e-06	7.9157e-05	3.3508e-06	0.00028636	1.1334e-05	0.00014335	1.6793e-05	6.6095e-05	5.9193e-05	0.00010172	8.2559e-05	0.00046825	5.3941e-07	1.7809e-05	3.1988e-07	4.1345e-07	3.0765e-08	6.6402e-08	4.2218e-09	2.4802e-08	4.6075e-09	1.2885e-08	4.1918e-09	1.3808e-08	3.0864e-09	7.598e-09	1.375e-09	3.848e-09	4.5106e-10	1.4747e-09	7.603e-10	2.192e-09	7.134e-10	1.9118e-09	4.2065e-10	2.2539e-09	4.7541e-10	2.7552e-09	5.2862e-10	1.3025e-09	3.1308e-10	3.2381e-09	2.8958e-10	8.6694e-10	2.0651e-10	7.6967e-10	9.1142e-11	8.6778e-10	1.4925e-10	6.7692e-10	1.6905e-10	6.7723e-10	2.5637e-10	4.2559e-10	8.6964e-11	4.309e-10	6.2898e-11	3.9242e-10	3.5365e-11	3.9261e-10	1.357e-10	5.8259e-10	3.8332e-10	7.2814e-10	1.3582e-10	2.3799e-10	7.2958e-11	6.8116e-10	3.5489e-11	3.9591e-11	2.3969e-11
2.35845	2.8241	0.32621	0.0004414	3.3614e-05	0.00065952	0.0067245	0.0015277	0.012863	6.2022e-05	0.0046883	0.0001726	0.0014657	0.00022435	0.00089112	9.3785e-06	7.6997e-05	3.2799e-06	0.00028749	1.1068e-05	0.0001392	1.6351e-05	6.435e-05	5.7549e-05	9.889e-05	8.0199e-05	0.00045531	5.2737e-07	1.7326e-05	3.1105e-07	4.0204e-07	2.9916e-08	6.4572e-08	4.1055e-09	2.4119e-08	4.4805e-09	1.2531e-08	4.0764e-09	1.3428e-08	3.0013e-09	7.3886e-09	1.3371e-09	3.742e-09	4.3863e-10	1.434e-09	7.3935e-10	2.1316e-09	6.9375e-10	1.8591e-09	4.0907e-10	2.1919e-09	4.6233e-10	2.6789e-09	5.1409e-10	1.2664e-09	3.0446e-10	3.1485e-09	2.8156e-10	8.4307e-10	2.0083e-10	7.4851e-10	8.8635e-11	8.4379e-10	1.4515e-10	6.5817e-10	1.6436e-10	6.5848e-10	2.4927e-10	4.1381e-10	8.4556e-11	4.1898e-10	6.1156e-11	3.8156e-10	3.4386e-11	3.8174e-10	1.3194e-10	5.6647e-10	3.7272e-10	7.0799e-10	1.3207e-10	2.3141e-10	7.0941e-11	6.6233e-10	3.4508e-11	3.8497e-11	2.3307e-11
2.39123	2.7041	0.3167	0.0004303	3.2958e-05	0.00064309	0.0065264	0.0015129	0.01274	6.0412e-05	0.0046995	0.00016779	0.0014221	0.00021792	0.00086469	9.1495e-06	7.4893e-05	3.2102e-06	0.00028854	1.0807e-05	0.00013516	1.592e-05	6.2649e-05	5.5947e-05	9.6136e-05	7.7904e-05	0.00044271	5.1557e-07	1.6855e-05	3.0245e-07	3.9092e-07	2.909e-08	6.279e-08	3.9922e-09	2.3454e-08	4.3569e-09	1.2185e-08	3.964e-09	1.3057e-08	2.9185e-09	7.1848e-09	1.3002e-09	3.6387e-09	4.2653e-10	1.3945e-09	7.1895e-10	2.0728e-09	6.7461e-10	1.8079e-09	3.978e-10	2.1315e-09	4.496e-10	2.6047e-09	4.9993e-10	1.2313e-09	2.9601e-10	3.0612e-09	2.7375e-10	8.1968e-10	1.953e-10	7.2782e-10	8.6194e-11	8.2038e-10	1.4112e-10	6.3993e-10	1.5981e-10	6.4022e-10	2.4236e-10	4.0234e-10	8.2211e-11	4.0736e-10	5.9461e-11	3.7098e-10	3.3434e-11	3.7117e-10	1.2828e-10	5.5078e-10	3.6239e-10	6.8838e-10	1.2841e-10	2.25e-10	6.8976e-11	6.4399e-10	3.3552e-11	3.7432e-11	2.2663e-11
2.42446	2.5889	0.30747	0.00041947	3.2315e-05	0.00062708	0.0063341	0.0014989	0.012624	5.8843e-05	0.0047118	0.00016308	0.0013797	0.00021167	0.00083903	8.9259e-06	7.2846e-05	3.1419e-06	0.00028939	1.0553e-05	0.00013124	1.55e-05	6.0992e-05	5.439e-05	9.3458e-05	7.5675e-05	0.00043046	5.0403e-07	1.6393e-05	2.9409e-07	3.8011e-07	2.8287e-08	6.1056e-08	3.8819e-09	2.2807e-08	4.2366e-09	1.1849e-08	3.8546e-09	1.2697e-08	2.8379e-09	6.9864e-09	1.2643e-09	3.5383e-09	4.1475e-10	1.356e-09	6.9911e-10	2.0157e-09	6.5599e-10	1.7581e-09	3.8683e-10	2.0728e-09	4.3717e-10	2.5324e-09	4.8606e-10	1.1971e-09	2.878e-10	2.9763e-09	2.6616e-10	7.9693e-10	1.899e-10	7.0762e-10	8.3819e-11	7.9762e-10	1.372e-10	6.2218e-10	1.5537e-10	6.2247e-10	2.3564e-10	3.9118e-10	7.9931e-11	3.9607e-10	5.7812e-11	3.607e-10	3.2507e-11	3.6088e-10	1.2473e-10	5.3552e-10	3.5235e-10	6.693e-10	1.2485e-10	2.1876e-10	6.7065e-11	6.2615e-10	3.2622e-11	3.6396e-11	2.2035e-11
2.45816	2.4784	0.29852	0.00040892	3.1686e-05	0.00061146	0.0061474	0.0014858	0.012515	5.7315e-05	0.0047255	0.00015849	0.0013386	0.00020556	0.00081413	8.7078e-06	7.0854e-05	3.0744e-06	0.00029007	1.0304e-05	0.00012743	1.5091e-05	5.938e-05	5.2876e-05	9.0854e-05	7.3508e-05	0.00041854	4.9275e-07	1.5943e-05	2.8595e-07	3.6959e-07	2.7505e-08	5.937e-08	3.7747e-09	2.2178e-08	4.1196e-09	1.1522e-08	3.7482e-09	1.2347e-08	2.7596e-09	6.7935e-09	1.2294e-09	3.4406e-09	4.033e-10	1.3186e-09	6.7981e-10	1.96e-09	6.3789e-10	1.7096e-09	3.7616e-10	2.0154e-09	4.2502e-10	2.4622e-09	4.7256e-10	1.1639e-09	2.7981e-10	2.8937e-09	2.5877e-10	7.7481e-10	1.8462e-10	6.8797e-10	8.1493e-11	7.7548e-10	1.3339e-10	6.0492e-10	1.5106e-10	6.052e-10	2.291e-10	3.8033e-10	7.7713e-11	3.8509e-10	5.6209e-11	3.507e-10	3.1605e-11	3.5087e-10	1.2127e-10	5.2068e-10	3.4258e-10	6.5075e-10	1.2139e-10	2.127e-10	6.5207e-11	6.088e-10	3.1718e-11	3.5388e-11	2.1425e-11
2.49232	2.3723	0.28984	0.00039863	3.1068e-05	0.00059623	0.0059662	0.0014734	0.012414	5.5826e-05	0.0047404	0.00015403	0.0012987	0.00019962	0.00078995	8.4933e-06	6.8915e-05	3.0084e-06	0.00029063	1.0061e-05	0.00012373	1.4693e-05	5.7809e-05	5.1404e-05	8.8322e-05	7.1403e-05	0.00040695	4.8172e-07	1.5506e-05	2.7804e-07	3.5936e-07	2.6745e-08	5.773e-08	3.6705e-09	2.1566e-08	4.0059e-09	1.1204e-08	3.6448e-09	1.2006e-08	2.6834e-09	6.6059e-09	1.1954e-09	3.3456e-09	3.9216e-10	1.2822e-09	6.6103e-10	1.9059e-09	6.2027e-10	1.6624e-09	3.6579e-10	1.9594e-09	4.1322e-10	2.3938e-09	4.5943e-10	1.1316e-09	2.7204e-10	2.8134e-09	2.5159e-10	7.5329e-10	1.7949e-10	6.6886e-10	7.9229e-11	7.5395e-10	1.2969e-10	5.8813e-10	1.4687e-10	5.8841e-10	2.2275e-10	3.6978e-10	7.5557e-11	3.744e-10	5.4649e-11	3.4097e-10	3.0728e-11	3.4114e-10	1.1791e-10	5.0624e-10	3.3308e-10	6.327e-10	1.1802e-10	2.068e-10	6.34e-11	5.9192e-10	3.0839e-11	3.4408e-11	2.0832e-11
2.52695	2.2707	0.28143	0.0003886	3.0462e-05	0.00058136	0.0057903	0.0014617	0.012319	5.4374e-05	0.0047558	0.00014969	0.0012599	0.00019384	0.00076647	8.2834e-06	6.7028e-05	2.9437e-06	0.00029096	9.8213e-06	0.00012014	1.4305e-05	5.6279e-05	4.9972e-05	8.5859e-05	6.9357e-05	0.00039568	4.7093e-07	1.508e-05	2.7034e-07	3.4941e-07	2.6006e-08	5.6134e-08	3.569e-09	2.0971e-08	3.8952e-09	1.0895e-08	3.5441e-09	1.1674e-08	2.6092e-09	6.4234e-09	1.1624e-09	3.2531e-09	3.8132e-10	1.2467e-09	6.4277e-10	1.8533e-09	6.0314e-10	1.6163e-09	3.5562e-10	1.9049e-09	4.0173e-10	2.3274e-09	4.4666e-10	1.1001e-09	2.6448e-10	2.7353e-09	2.446e-10	7.3236e-10	1.745e-10	6.5027e-10	7.7026e-11	7.33e-10	1.2609e-10	5.718e-10	1.4279e-10	5.7207e-10	2.1656e-10	3.5951e-10	7.3458e-11	3.6401e-10	5.3132e-11	3.315e-10	2.9876e-11	3.3167e-10	1.1463e-10	4.9219e-10	3.2384e-10	6.1515e-10	1.1475e-10	2.0107e-10	6.1641e-11	5.7551e-10	2.9984e-11	3.3455e-11	2.0255e-11
2.56207	2.1732	0.27328	0.00037881	2.9867e-05	0.00056686	0.0056196	0.0014504	0.012229	5.2959e-05	0.0047717	0.00014547	0.0012223	0.00018822	0.00074368	8.0786e-06	6.5191e-05	2.8804e-06	0.00029148	9.5872e-06	0.00011665	1.3927e-05	5.4788e-05	4.858e-05	8.3463e-05	6.737e-05	0.00038471	4.6037e-07	1.4666e-05	2.6286e-07	3.3973e-07	2.5286e-08	5.4582e-08	3.4703e-09	2.0389e-08	3.7875e-09	1.0592e-08	3.4462e-09	1.1352e-08	2.5371e-09	6.2458e-09	1.1302e-09	3.1632e-09	3.7078e-10	1.2123e-09	6.25e-10	1.8021e-09	5.8647e-10	1.5713e-09	3.4573e-10	1.8519e-09	3.9055e-10	2.2627e-09	4.3424e-10	1.0696e-09	2.5713e-10	2.6593e-09	2.378e-10	7.12e-10	1.6965e-10	6.3219e-10	7.4883e-11	7.1263e-10	1.2258e-10	5.5592e-10	1.3882e-10	5.5618e-10	2.1055e-10	3.4952e-10	7.1417e-11	3.539e-10	5.1656e-11	3.223e-10	2.9046e-11	3.2246e-10	1.1145e-10	4.7853e-10	3.1485e-10	5.9807e-10	1.1156e-10	1.9549e-10	5.9931e-11	5.5954e-10	2.9152e-11	3.2528e-11	1.9694e-11
2.59768	2.0798	0.26538	0.00036919	2.9283e-05	0.00055271	0.0054539	0.0014398	0.012144	5.1581e-05	0.0047896	0.00014137	0.0011855	0.00018276	0.00072156	7.8789e-06	6.3404e-05	2.8184e-06	0.00029198	9.3587e-06	0.00011325	1.3559e-05	5.3338e-05	4.7226e-05	8.1134e-05	6.5439e-05	0.00037404	4.5005e-07	1.4263e-05	2.5558e-07	3.3032e-07	2.4587e-08	5.3072e-08	3.3744e-09	1.9821e-08	3.6828e-09	1.0297e-08	3.3504e-09	1.1037e-08	2.4669e-09	6.0731e-09	1.099e-09	3.0757e-09	3.6053e-10	1.1788e-09	6.0772e-10	1.7519e-09	5.7026e-10	1.5275e-09	3.361e-10	1.8004e-09	3.7969e-10	2.1999e-09	4.2217e-10	1.0398e-09	2.4998e-10	2.5854e-09	2.312e-10	6.9221e-10	1.6493e-10	6.1461e-10	7.28e-11	6.9282e-10	1.1917e-10	5.4048e-10	1.3497e-10	5.4073e-10	2.047e-10	3.3981e-10	6.9433e-11	3.4407e-10	5.0221e-11	3.1335e-10	2.8239e-11	3.1351e-10	1.0836e-10	4.6525e-10	3.0611e-10	5.8147e-10	1.0846e-10	1.9006e-10	5.8268e-11	5.4401e-10	2.8343e-11	3.1626e-11	1.9148e-11
2.63378	1.9902	0.2577	0.00035982	2.8712e-05	0.00053892	0.0052927	0.0014297	0.012065	5.0238e-05	0.0048096	0.00013738	0.0011498	0.00017747	0.00069999	7.6841e-06	6.1659e-05	2.7577e-06	0.00029267	9.1355e-06	0.00010995	1.32e-05	5.1925e-05	4.591e-05	7.8871e-05	6.3563e-05	0.00036367	4.3996e-07	1.3871e-05	2.485e-07	3.2117e-07	2.3907e-08	5.1605e-08	3.281e-09	1.9269e-08	3.5809e-09	1.001e-08	3.2571e-09	1.0729e-08	2.3987e-09	5.9052e-09	1.0686e-09	2.9906e-09	3.5056e-10	1.146e-09	5.9088e-10	1.7031e-09	5.5439e-10	1.485e-09	3.2675e-10	1.7503e-09	3.6913e-10	2.1387e-09	4.1042e-10	1.0109e-09	2.4303e-10	2.5136e-09	2.2477e-10	6.7296e-10	1.6034e-10	5.9752e-10	7.0775e-11	6.7356e-10	1.1586e-10	5.2546e-10	1.3122e-10	5.2571e-10	1.9901e-10	3.3037e-10	6.7504e-11	3.3451e-10	4.8826e-11	3.0465e-10	2.7455e-11	3.048e-10	1.0535e-10	4.5233e-10	2.9761e-10	5.6533e-10	1.0545e-10	1.8478e-10	5.6651e-11	5.2892e-10	2.7556e-11	3.0749e-11	1.8617e-11
2.67038	1.9043	0.25023	0.00035069	2.8152e-05	0.00052549	0.0051356	0.0014199	0.01199	4.8931e-05	0.0048285	0.00013351	0.0011152	0.00017233	0.00067901	7.4941e-06	5.9954e-05	2.6984e-06	0.00029275	8.9178e-06	0.00010672	1.2852e-05	5.0551e-05	4.4632e-05	7.6671e-05	6.1742e-05	0.00035359	4.3011e-07	1.349e-05	2.4162e-07	3.1227e-07	2.3245e-08	5.0176e-08	3.1902e-09	1.8733e-08	3.4812e-09	9.7317e-09	3.1664e-09	1.0431e-08	2.332e-09	5.7408e-09	1.039e-09	2.9073e-09	3.4081e-10	1.114e-09	5.7442e-10	1.6557e-09	5.3895e-10	1.4437e-09	3.1765e-10	1.7016e-09	3.5887e-10	2.0793e-09	3.9901e-10	9.8284e-10	2.3628e-10	2.4438e-09	2.1853e-10	6.5426e-10	1.5589e-10	5.8091e-10	6.8806e-11	6.5484e-10	1.1264e-10	5.1087e-10	1.2757e-10	5.1111e-10	1.9348e-10	3.212e-10	6.5629e-11	3.2523e-10	4.747e-11	2.9619e-10	2.6693e-11	2.9634e-10	1.0242e-10	4.3978e-10	2.8935e-10	5.4964e-10	1.0252e-10	1.7966e-10	5.5079e-11	5.1425e-10	2.6792e-11	2.9897e-11	1.8101e-11
2.70749	1.8221	0.24299	0.00034178	2.7601e-05	0.00051237	0.0049831	0.0014106	0.01192	4.7658e-05	0.0048457	0.00012974	0.0010817	0.00016733	0.00065865	7.3087e-06	5.8296e-05	2.6403e-06	0.00029289	8.7051e-06	0.00010359	1.2512e-05	4.9212e-05	4.3388e-05	7.4532e-05	5.9973e-05	0.00034379	4.2046e-07	1.312e-05	2.3492e-07	3.0362e-07	2.2602e-08	4.8778e-08	3.1013e-09	1.8211e-08	3.3842e-09	9.4607e-09	3.0782e-09	1.014e-08	2.267e-09	5.5808e-09	1.0101e-09	2.8263e-09	3.3131e-10	1.083e-09	5.5842e-10	1.6096e-09	5.2394e-10	1.4035e-09	3.0881e-10	1.6542e-09	3.4888e-10	2.0216e-09	3.8792e-10	9.5552e-10	2.2971e-10	2.3759e-09	2.1245e-10	6.3607e-10	1.5155e-10	5.6476e-10	6.6892e-11	6.3664e-10	1.0951e-10	4.9668e-10	1.2403e-10	4.9692e-10	1.8811e-10	3.1228e-10	6.3805e-11	3.1619e-10	4.6152e-11	2.8796e-10	2.5952e-11	2.8811e-10	9.9579e-11	4.2757e-10	2.8132e-10	5.3438e-10	9.9678e-11	1.7467e-10	5.3551e-11	4.9998e-10	2.6048e-11	2.9068e-11	1.7599e-11
2.74512	1.7433	0.23598	0.00033311	2.7057e-05	0.0004996	0.0048352	0.0014022	0.011859	4.6418e-05	0.0048644	0.00012609	0.0010491	0.00016248	0.00063891	7.128e-06	5.6685e-05	2.5835e-06	0.00029284	8.4976e-06	0.00010056	1.2181e-05	4.791e-05	4.218e-05	7.2454e-05	5.8256e-05	0.00033427	4.1104e-07	1.276e-05	2.2842e-07	2.9522e-07	2.1973e-08	4.7419e-08	3.0148e-09	1.7704e-08	3.2899e-09	9.1974e-09	2.9925e-09	9.8576e-09	2.2039e-09	5.4254e-09	9.8195e-10	2.7476e-09	3.2208e-10	1.0529e-09	5.4286e-10	1.5648e-09	5.0935e-10	1.3644e-09	3.0022e-10	1.6082e-09	3.3918e-10	1.9654e-09	3.7713e-10	9.2898e-10	2.2332e-10	2.3099e-09	2.0655e-10	6.184e-10	1.4734e-10	5.4906e-10	6.5032e-11	6.1895e-10	1.0646e-10	4.8288e-10	1.2058e-10	4.8312e-10	1.8289e-10	3.036e-10	6.2033e-11	3.0742e-10	4.4871e-11	2.7997e-10	2.5231e-11	2.8012e-10	9.6815e-11	4.1571e-10	2.7351e-10	5.1956e-10	9.6912e-11	1.6982e-10	5.2066e-11	4.8611e-10	2.5326e-11	2.8263e-11	1.7112e-11
2.78327	1.6678	0.2292	0.00032467	2.6524e-05	0.00048715	0.0046919	0.0013948	0.011807	4.5211e-05	0.0048849	0.00012253	0.0010176	0.00015778	0.00061976	6.952e-06	5.5118e-05	2.5279e-06	0.00029276	8.2952e-06	9.7611e-05	1.186e-05	4.6643e-05	4.1006e-05	7.0435e-05	5.6588e-05	0.00032501	4.0185e-07	1.2409e-05	2.221e-07	2.8705e-07	2.1361e-08	4.6098e-08	2.9309e-09	1.7212e-08	3.1983e-09	8.9416e-09	2.9092e-09	9.5833e-09	2.1425e-09	5.2743e-09	9.5461e-10	2.6711e-09	3.1312e-10	1.0235e-09	5.2775e-10	1.5213e-09	4.9517e-10	1.3265e-09	2.9187e-10	1.5635e-09	3.2976e-10	1.9109e-09	3.6666e-10	9.0319e-10	2.1712e-10	2.2458e-09	2.0082e-10	6.0122e-10	1.4324e-10	5.3381e-10	6.3225e-11	6.0177e-10	1.0351e-10	4.6948e-10	1.1723e-10	4.6971e-10	1.7781e-10	2.9518e-10	6.0312e-11	2.9889e-10	4.3626e-11	2.7221e-10	2.4531e-11	2.7235e-10	9.4129e-11	4.0418e-10	2.6593e-10	5.0515e-10	9.4224e-11	1.6512e-10	5.0623e-11	4.7264e-10	2.4624e-11	2.748e-11	1.6638e-11
2.82195	1.5956	0.22263	0.00031644	2.6001e-05	0.00047501	0.0045529	0.0013879	0.011761	4.4036e-05	0.0049053	0.00011908	0.00098696	0.00015321	0.00060119	6.7802e-06	5.3595e-05	2.4736e-06	0.00029236	8.0975e-06	9.4751e-05	1.1547e-05	4.5409e-05	3.986e-05	6.8472e-05	5.4969e-05	0.00031601	3.9285e-07	1.2069e-05	2.1596e-07	2.791e-07	2.0766e-08	4.4815e-08	2.8493e-09	1.6733e-08	3.1093e-09	8.6929e-09	2.8283e-09	9.3167e-09	2.0829e-09	5.1275e-09	9.2803e-10	2.5967e-09	3.044e-10	9.9507e-10	5.1306e-10	1.4789e-09	4.8139e-10	1.2896e-09	2.8375e-10	1.5201e-09	3.206e-10	1.8579e-09	3.5647e-10	8.7812e-10	2.1109e-10	2.1835e-09	1.9524e-10	5.8453e-10	1.3926e-10	5.1899e-10	6.1468e-11	5.8506e-10	1.0063e-10	4.5646e-10	1.1398e-10	4.5668e-10	1.7288e-10	2.8699e-10	5.8638e-11	2.906e-10	4.2415e-11	2.6466e-10	2.3851e-11	2.6479e-10	9.1519e-11	3.9298e-10	2.5855e-10	4.9114e-10	9.1612e-11	1.6054e-10	4.922e-11	4.5954e-10	2.3941e-11	2.6719e-11	1.6177e-11
2.86117	1.5263	0.21627	0.00030843	2.549e-05	0.0004632	0.0044182	0.0013819	0.011721	4.2892e-05	0.0049253	0.00011573	0.0009573	0.00014878	0.00058319	6.6129e-06	5.2115e-05	2.4205e-06	0.00029214	7.9048e-06	9.1976e-05	1.1242e-05	4.421e-05	3.8743e-05	6.6567e-05	5.3391e-05	0.00030727	3.8407e-07	1.1738e-05	2.0998e-07	2.7139e-07	2.0188e-08	4.3568e-08	2.7701e-09	1.6268e-08	3.0228e-09	8.4514e-09	2.7497e-09	9.0577e-09	2.0249e-09	4.9849e-09	9.0221e-10	2.5245e-09	2.9594e-10	9.674e-10	4.988e-10	1.4378e-09	4.6801e-10	1.2538e-09	2.7587e-10	1.4779e-09	3.117e-10	1.8064e-09	3.4658e-10	8.5376e-10	2.0524e-10	2.1229e-09	1.8983e-10	5.6831e-10	1.354e-10	5.0459e-10	5.9762e-11	5.6883e-10	9.7841e-11	4.438e-10	1.1082e-10	4.4402e-10	1.6809e-10	2.7904e-10	5.7012e-11	2.8254e-10	4.124e-11	2.5732e-10	2.319e-11	2.5746e-10	8.8983e-11	3.8209e-10	2.5139e-10	4.7754e-10	8.9074e-11	1.5609e-10	4.7857e-11	4.4682e-10	2.3278e-11	2.598e-11	1.573e-11
2.90093	1.4601	0.21012	0.00030063	2.4989e-05	0.00045168	0.0042876	0.0013767	0.011687	4.1779e-05	0.0049463	0.00011247	0.00092854	0.00014447	0.00056573	6.4497e-06	5.0677e-05	2.3685e-06	0.00029153	7.7168e-06	8.9284e-05	1.0946e-05	4.3042e-05	3.7659e-05	6.4715e-05	5.1854e-05	0.00029878	3.7545e-07	1.1416e-05	2.0414e-07	2.6387e-07	1.9627e-08	4.2357e-08	2.693e-09	1.5816e-08	2.9388e-09	8.2167e-09	2.6733e-09	8.8061e-09	1.9686e-09	4.8464e-09	8.7713e-10	2.4544e-09	2.8771e-10	9.4052e-10	4.8494e-10	1.3979e-09	4.55e-10	1.219e-09	2.6821e-10	1.4369e-09	3.0305e-10	1.7563e-09	3.3696e-10	8.301e-10	1.9955e-10	2.0641e-09	1.8457e-10	5.5256e-10	1.3164e-10	4.9059e-10	5.8103e-11	5.5307e-10	9.5128e-11	4.3151e-10	1.0775e-10	4.3172e-10	1.6343e-10	2.713e-10	5.5432e-11	2.7472e-10	4.0097e-11	2.502e-10	2.2548e-11	2.5033e-10	8.6519e-11	3.7151e-10	2.4443e-10	4.6432e-10	8.6607e-11	1.5177e-10	4.6533e-11	4.3446e-10	2.2634e-11	2.5262e-11	1.5295e-11
2.94125	1.3966	0.20416	0.00029303	2.4499e-05	0.00044044	0.004161	0.0013721	0.011655	4.0696e-05	0.0049686	0.00010931	0.00090066	0.0001403	0.00054881	6.2907e-06	4.9279e-05	2.3177e-06	0.00029101	7.5334e-06	8.6672e-05	1.0658e-05	4.1897e-05	3.6605e-05	6.291e-05	5.0362e-05	0.00029052	3.6699e-07	1.1104e-05	1.9846e-07	2.5653e-07	1.9081e-08	4.118e-08	2.6182e-09	1.5377e-08	2.8572e-09	7.9887e-09	2.5991e-09	8.5616e-09	1.914e-09	4.7118e-09	8.5276e-10	2.3862e-09	2.7972e-10	9.1441e-10	4.7147e-10	1.3591e-09	4.4237e-10	1.1852e-09	2.6077e-10	1.3971e-09	2.9465e-10	1.7077e-09	3.2763e-10	8.0711e-10	1.9402e-10	2.007e-09	1.7946e-10	5.3725e-10	1.2799e-10	4.77e-10	5.6493e-11	5.3775e-10	9.2493e-11	4.1956e-10	1.0477e-10	4.1977e-10	1.5891e-10	2.638e-10	5.3898e-11	2.6712e-10	3.8987e-11	2.4327e-10	2.1924e-11	2.434e-10	8.4125e-11	3.6124e-10	2.3767e-10	4.5148e-10	8.4212e-11	1.4757e-10	4.5246e-11	4.2244e-10	2.2008e-11	2.4564e-11	1.4873e-11
2.98212	1.3359	0.1984	0.00028564	2.4018e-05	0.0004294	0.0040383	0.001368	0.011627	3.9641e-05	0.0049904	0.00010624	0.00087364	0.00013625	0.0005324	6.1358e-06	4.7921e-05	2.2681e-06	0.00029054	7.3544e-06	8.4138e-05	1.0378e-05	4.0783e-05	3.5582e-05	6.1148e-05	4.8914e-05	0.00028249	3.5873e-07	1.08e-05	1.9294e-07	2.494e-07	1.8551e-08	4.0037e-08	2.5456e-09	1.4951e-08	2.7779e-09	7.7672e-09	2.527e-09	8.3242e-09	1.8609e-09	4.581e-09	8.2909e-10	2.32e-09	2.7196e-10	8.8904e-10	4.5839e-10	1.3214e-09	4.301e-10	1.1523e-09	2.5355e-10	1.3584e-09	2.8649e-10	1.6604e-09	3.1855e-10	7.8477e-10	1.8865e-10	1.9515e-09	1.7449e-10	5.2238e-10	1.2445e-10	4.6379e-10	5.4928e-11	5.2286e-10	8.9933e-11	4.0796e-10	1.0187e-10	4.0816e-10	1.5451e-10	2.565e-10	5.2407e-11	2.5973e-10	3.7909e-11	2.3655e-10	2.1318e-11	2.3667e-10	8.1799e-11	3.5126e-10	2.311e-10	4.39e-10	8.1884e-11	1.435e-10	4.3996e-11	4.1077e-10	2.14e-11	2.3886e-11	1.4462e-11
3.02357	1.2778	0.19283	0.00027844	2.3548e-05	0.00041867	0.0039194	0.0013644	0.011602	3.8615e-05	0.0050117	0.00010326	0.00084746	0.00013232	0.0005165	5.9849e-06	4.6602e-05	2.2196e-06	0.00029002	7.1801e-06	8.1682e-05	1.0103e-05	3.9701e-05	3.4589e-05	5.9439e-05	4.751e-05	0.00027464	3.5067e-07	1.0505e-05	1.8759e-07	2.4247e-07	1.8037e-08	3.8928e-08	2.475e-09	1.4537e-08	2.7009e-09	7.5522e-09	2.457e-09	8.0936e-09	1.8093e-09	4.4541e-09	8.0611e-10	2.2557e-09	2.6442e-10	8.6442e-10	4.4569e-10	1.2848e-09	4.1818e-10	1.1204e-09	2.4653e-10	1.3208e-09	2.7857e-10	1.6146e-09	3.0975e-10	7.6309e-10	1.8343e-10	1.8975e-09	1.6967e-10	5.0794e-10	1.2101e-10	4.5097e-10	5.3408e-11	5.0841e-10	8.7447e-11	3.9669e-10	9.9054e-11	3.9689e-10	1.5024e-10	2.4941e-10	5.0959e-11	2.5256e-10	3.6862e-11	2.3002e-10	2.0729e-11	2.3014e-10	7.9541e-11	3.4156e-10	2.2472e-10	4.2688e-10	7.9624e-11	1.3954e-10	4.2782e-11	3.9944e-10	2.081e-11	2.3228e-11	1.4064e-11
3.06559	1.2222	0.18744	0.00027143	2.3088e-05	0.00040821	0.0038042	0.0013614	0.011581	3.7617e-05	0.0050323	0.00010037	0.00082208	0.00012851	0.00050109	5.8378e-06	4.532e-05	2.1722e-06	0.00028895	7.01e-06	7.9298e-05	9.836e-06	3.8649e-05	3.3625e-05	5.7779e-05	4.6148e-05	0.00026702	3.428e-07	1.0218e-05	1.8238e-07	2.3575e-07	1.7537e-08	3.785e-08	2.4065e-09	1.4135e-08	2.6262e-09	7.3433e-09	2.389e-09	7.8696e-09	1.7592e-09	4.3308e-09	7.8379e-10	2.1933e-09	2.571e-10	8.4049e-10	4.3335e-10	1.2493e-09	4.0661e-10	1.0894e-09	2.3971e-10	1.2843e-09	2.7087e-10	1.57e-09	3.0119e-10	7.4202e-10	1.7837e-10	1.8452e-09	1.6499e-10	4.9391e-10	1.1766e-10	4.3851e-10	5.1932e-11	4.9438e-10	8.5032e-11	3.8574e-10	9.632e-11	3.8594e-10	1.461e-10	2.4253e-10	4.9552e-11	2.4559e-10	3.5845e-11	2.2367e-10	2.0157e-11	2.2379e-10	7.7347e-11	3.3214e-10	2.1853e-10	4.1511e-10	7.7428e-11	1.3569e-10	4.1603e-11	3.8843e-10	2.0236e-11	2.2588e-11	1.3677e-11
3.10819	1.1691	0.18223	0.00026461	2.2638e-05	0.00039803	0.0036926	0.0013586	0.011564	3.664e-05	0.0050524	9.7558e-05	0.0007975	0.00012481	0.00048616	5.6946e-06	4.4075e-05	2.1259e-06	0.00028791	6.8442e-06	7.6988e-05	9.5761e-06	3.7626e-05	3.2689e-05	5.6168e-05	4.4826e-05	0.00025962	3.3512e-07	9.9395e-06	1.7733e-07	2.2922e-07	1.7052e-08	3.6803e-08	2.3399e-09	1.3744e-08	2.5536e-09	7.1404e-09	2.323e-09	7.6522e-09	1.7106e-09	4.211e-09	7.6211e-10	2.1326e-09	2.4999e-10	8.1726e-10	4.2137e-10	1.2147e-09	3.9537e-10	1.0594e-09	2.3309e-10	1.2488e-09	2.634e-10	1.5268e-09	2.9288e-10	7.2157e-10	1.7345e-10	1.7943e-09	1.6044e-10	4.8029e-10	1.1442e-10	4.2642e-10	5.0499e-11	4.8075e-10	8.2687e-11	3.7511e-10	9.3665e-11	3.7531e-10	1.4207e-10	2.3585e-10	4.8187e-11	2.3882e-10	3.4858e-11	2.1751e-10	1.9602e-11	2.1763e-10	7.5217e-11	3.23e-10	2.1251e-10	4.0368e-10	7.5296e-11	1.3195e-10	4.0458e-11	3.7774e-10	1.9679e-11	2.1967e-11	1.3301e-11
3.15139	1.1182	0.17719	0.00025797	2.2198e-05	0.00038812	0.0035845	0.0013562	0.01155	3.5688e-05	0.0050732	9.4826e-05	0.00077368	0.00012122	0.00047169	5.5552e-06	4.2866e-05	2.0806e-06	0.00028687	6.6826e-06	7.4747e-05	9.3235e-06	3.6631e-05	3.178e-05	5.4603e-05	4.3544e-05	0.00025243	3.2762e-07	9.6674e-06	1.7243e-07	2.2288e-07	1.6581e-08	3.5787e-08	2.2753e-09	1.3365e-08	2.4831e-09	6.9435e-09	2.2589e-09	7.441e-09	1.6633e-09	4.0948e-09	7.4107e-10	2.0738e-09	2.4309e-10	7.9471e-10	4.0974e-10	1.1812e-09	3.8446e-10	1.0302e-09	2.2667e-10	1.2144e-09	2.5614e-10	1.4848e-09	2.8481e-10	7.017e-10	1.6867e-10	1.745e-09	1.5602e-10	4.6707e-10	1.1127e-10	4.1468e-10	4.9108e-11	4.6751e-10	8.041e-11	3.6479e-10	9.1088e-11	3.6498e-10	1.3817e-10	2.2936e-10	4.6861e-11	2.3226e-10	3.3899e-11	2.1153e-10	1.9063e-11	2.1164e-10	7.3148e-11	3.1412e-10	2.0667e-10	3.9259e-10	7.3226e-11	1.2833e-10	3.9346e-11	3.6737e-10	1.9138e-11	2.1364e-11	1.2936e-11
3.19518	1.0695	0.17231	0.00025152	2.1767e-05	0.00037847	0.0034797	0.0013544	0.01154	3.4762e-05	0.0050943	9.216e-05	0.00075061	0.00011774	0.00045767	5.4195e-06	4.1692e-05	2.036e-06	0.0002856	6.5252e-06	7.2576e-05	9.078e-06	3.5665e-05	3.0898e-05	5.3086e-05	4.2301e-05	0.00024546	3.2032e-07	9.4027e-06	1.6767e-07	2.1672e-07	1.6124e-08	3.4801e-08	2.2126e-09	1.2997e-08	2.4147e-09	6.7524e-09	2.1967e-09	7.2361e-09	1.6175e-09	3.982e-09	7.2065e-10	2.0166e-09	2.3639e-10	7.7282e-10	3.9845e-10	1.1487e-09	3.7387e-10	1.0018e-09	2.2043e-10	1.181e-09	2.491e-10	1.444e-09	2.7698e-10	6.8243e-10	1.6404e-10	1.697e-09	1.5174e-10	4.5423e-10	1.0821e-10	4.0328e-10	4.7757e-11	4.5467e-10	7.82e-11	3.5478e-10	8.8586e-11	3.5496e-10	1.3437e-10	2.2306e-10	4.5574e-11	2.2588e-10	3.2968e-11	2.0572e-10	1.854e-11	2.0584e-10	7.1141e-11	3.055e-10	2.0099e-10	3.8182e-10	7.1216e-11	1.2481e-10	3.8267e-11	3.5729e-10	1.8613e-11	2.0779e-11	1.2581e-11
3.23959	1.023	0.1676	0.00024523	2.1346e-05	0.00036908	0.0033783	0.0013532	0.011536	3.3862e-05	0.0051163	8.9572e-05	0.00072825	0.00011434	0.00044409	5.2866e-06	4.0552e-05	1.9924e-06	0.00028423	6.3717e-06	7.047e-05	8.8393e-06	3.4726e-05	3.0042e-05	5.1612e-05	4.1095e-05	0.00023869	3.1318e-07	9.1455e-06	1.6305e-07	2.1075e-07	1.568e-08	3.3843e-08	2.1517e-09	1.264e-08	2.3482e-09	6.5667e-09	2.1363e-09	7.0371e-09	1.573e-09	3.8724e-09	7.0081e-10	1.9612e-09	2.2989e-10	7.5156e-10	3.8749e-10	1.1171e-09	3.6358e-10	9.7427e-10	2.1437e-10	1.1486e-09	2.4226e-10	1.4044e-09	2.6938e-10	6.637e-10	1.5954e-10	1.6505e-09	1.4757e-10	4.4177e-10	1.0524e-10	3.9221e-10	4.6446e-11	4.4219e-10	7.6054e-11	3.4505e-10	8.6156e-11	3.4523e-10	1.3069e-10	2.1695e-10	4.4324e-11	2.1969e-10	3.2064e-11	2.0008e-10	1.8032e-11	2.0019e-10	6.9191e-11	2.9713e-10	1.9549e-10	3.7135e-10	6.9265e-11	1.2139e-10	3.7219e-11	3.4751e-10	1.8103e-11	2.0209e-11	1.2235e-11
3.28461	0.97847	0.16305	0.00023911	2.0933e-05	0.00035994	0.00328	0.0013524	0.01154	3.2986e-05	0.0051384	8.706e-05	0.00070659	0.00011104	0.00043093	5.1566e-06	3.9445e-05	1.9498e-06	0.00028254	6.2206e-06	6.8428e-05	8.6072e-06	3.3813e-05	2.9211e-05	5.0182e-05	3.9926e-05	0.00023212	3.0622e-07	8.8957e-06	1.5856e-07	2.0495e-07	1.5249e-08	3.2913e-08	2.0926e-09	1.2293e-08	2.2837e-09	6.3865e-09	2.0777e-09	6.8439e-09	1.5298e-09	3.766e-09	6.8156e-10	1.9073e-09	2.2357e-10	7.3092e-10	3.7685e-10	1.0865e-09	3.536e-10	9.4754e-10	2.0849e-10	1.1171e-09	2.3562e-10	1.3659e-09	2.6199e-10	6.4552e-10	1.5517e-10	1.6053e-09	1.4353e-10	4.2966e-10	1.0235e-10	3.8146e-10	4.5172e-11	4.3008e-10	7.397e-11	3.356e-10	8.3797e-11	3.3578e-10	1.2711e-10	2.1101e-10	4.311e-11	2.1367e-10	3.1186e-11	1.9461e-10	1.7538e-11	1.9472e-10	6.7298e-11	2.89e-10	1.9014e-10	3.612e-10	6.737e-11	1.1807e-10	3.6202e-11	3.38e-10	1.7608e-11	1.9652e-11	1.1898e-11
3.33026	0.93591	0.15865	0.00023317	2.0531e-05	0.00035105	0.0031849	0.001352	0.011547	3.2136e-05	0.0051613	8.4626e-05	0.00068563	0.00010785	0.00041819	5.0302e-06	3.8371e-05	1.9083e-06	0.00028089	6.0737e-06	6.645e-05	8.382e-06	3.2926e-05	2.8405e-05	4.8795e-05	3.8793e-05	0.00022574	2.9944e-07	8.6535e-06	1.5421e-07	1.9932e-07	1.4831e-08	3.2011e-08	2.0353e-09	1.1957e-08	2.2212e-09	6.2117e-09	2.0208e-09	6.6565e-09	1.4879e-09	3.6629e-09	6.6288e-10	1.855e-09	2.1745e-10	7.1091e-10	3.6653e-10	1.0567e-09	3.4392e-10	9.2161e-10	2.0278e-10	1.0865e-09	2.2918e-10	1.3286e-09	2.5483e-10	6.2789e-10	1.5093e-10	1.5615e-09	1.3961e-10	4.1792e-10	9.9553e-11	3.7103e-10	4.3937e-11	4.1833e-10	7.1948e-11	3.2644e-10	8.1509e-11	3.2661e-10	1.2364e-10	2.0525e-10	4.1933e-11	2.0784e-10	3.0335e-11	1.893e-10	1.706e-11	1.894e-10	6.5461e-11	2.8112e-10	1.8495e-10	3.5134e-10	6.5532e-11	1.1485e-10	3.5214e-11	3.2879e-10	1.7128e-11	1.9113e-11	1.1571e-11
3.37654	0.89522	0.1544	0.00022738	2.0137e-05	0.0003424	0.0030928	0.0013519	0.011555	3.1308e-05	0.0051839	8.2263e-05	0.00066521	0.00010475	0.00040585	4.9072e-06	3.7327e-05	1.8678e-06	0.00027903	5.9304e-06	6.4532e-05	8.163e-06	3.2065e-05	2.7623e-05	4.7449e-05	3.7693e-05	0.00021955	2.9282e-07	8.4182e-06	1.4999e-07	1.9386e-07	1.4425e-08	3.1136e-08	1.9796e-09	1.163e-08	2.1604e-09	6.042e-09	1.9656e-09	6.4746e-09	1.4472e-09	3.5627e-09	6.4475e-10	1.8043e-09	2.115e-10	6.9147e-10	3.565e-10	1.0278e-09	3.3451e-10	8.9644e-10	1.9725e-10	1.0569e-09	2.2292e-10	1.2924e-09	2.4788e-10	6.1077e-10	1.4681e-10	1.5189e-09	1.3581e-10	4.0652e-10	9.6836e-11	3.6091e-10	4.2738e-11	4.0692e-10	6.9986e-11	3.1754e-10	7.9287e-11	3.1771e-10	1.2027e-10	1.9965e-10	4.079e-11	2.0218e-10	2.9508e-11	1.8414e-10	1.6595e-11	1.8424e-10	6.3678e-11	2.7347e-10	1.7992e-10	3.4178e-10	6.3747e-11	1.1172e-10	3.4254e-11	3.1981e-10	1.6662e-11	1.8589e-11	1.1254e-11
3.42346	0.85594	0.1503	0.00022175	1.9751e-05	0.00033398	0.0030035	0.0013522	0.011567	3.0504e-05	0.0052055	7.9971e-05	0.0006454	0.00010175	0.00039386	4.7873e-06	3.6313e-05	1.8281e-06	0.00027711	5.7908e-06	6.2671e-05	7.9501e-06	3.1227e-05	2.6864e-05	4.6142e-05	3.6627e-05	0.00021354	2.8636e-07	8.1898e-06	1.4589e-07	1.8856e-07	1.4031e-08	3.0286e-08	1.9256e-09	1.1313e-08	2.1015e-09	5.8773e-09	1.9119e-09	6.298e-09	1.4077e-09	3.4655e-09	6.2715e-10	1.7551e-09	2.0573e-10	6.7261e-10	3.4678e-10	9.998e-10	3.2539e-10	8.72e-10	1.9187e-10	1.0281e-09	2.1685e-10	1.2573e-09	2.4113e-10	5.9415e-10	1.4281e-10	1.4776e-09	1.3211e-10	3.9546e-10	9.4199e-11	3.5109e-10	4.1574e-11	3.9585e-10	6.8081e-11	3.0891e-10	7.713e-11	3.0907e-10	1.17e-10	1.9422e-10	3.968e-11	1.9668e-10	2.8706e-11	1.7913e-10	1.6144e-11	1.7923e-10	6.1947e-11	2.6603e-10	1.7503e-10	3.3249e-10	6.2014e-11	1.0868e-10	3.3316e-11	3.1105e-10	1.6206e-11	1.808e-11	1.0946e-11
3.47104	0.8184	0.1463	0.00021628	1.9375e-05	0.0003258	0.0029166	0.0013527	0.011579	2.9723e-05	0.0052251	7.7749e-05	0.00062623	9.8846e-05	0.0003822	4.6709e-06	3.5323e-05	1.7896e-06	0.00027515	5.6551e-06	6.0858e-05	7.7435e-06	3.0415e-05	2.6128e-05	4.4875e-05	3.5595e-05	0.00020772	2.8007e-07	7.9683e-06	1.4191e-07	1.8342e-07	1.3649e-08	2.9462e-08	1.8732e-09	1.1005e-08	2.0443e-09	5.7175e-09	1.86e-09	6.1267e-09	1.3694e-09	3.3712e-09	6.1008e-10	1.7073e-09	2.0013e-10	6.5431e-10	3.3734e-10	9.7262e-10	3.1654e-10	8.4831e-10	1.8666e-10	1.0002e-09	2.1097e-10	1.2232e-09	2.3458e-10	5.7803e-10	1.3894e-10	1.4375e-09	1.2853e-10	3.8473e-10	9.1641e-11	3.4156e-10	4.0445e-11	3.8511e-10	6.6233e-11	3.0053e-10	7.5038e-11	3.0069e-10	1.1383e-10	1.8896e-10	3.8604e-11	1.9135e-10	2.7928e-11	1.7428e-10	1.5706e-11	1.7438e-10	6.0268e-11	2.5877e-10	1.7026e-10	3.2341e-10	6.0327e-11	1.0571e-10	3.2407e-11	3.0256e-10	1.5764e-11	1.7587e-11	1.0648e-11
3.51928	0.78255	0.14244	0.00021096	1.9007e-05	0.00031783	0.0028323	0.0013535	0.011593	2.8964e-05	0.0052415	7.5593e-05	0.00060766	9.6028e-05	0.00037091	4.5575e-06	3.4361e-05	1.7518e-06	0.00027301	5.5227e-06	5.91e-05	7.5427e-06	2.9624e-05	2.5414e-05	4.3646e-05	3.4593e-05	0.00020206	2.7393e-07	7.7532e-06	1.3805e-07	1.7843e-07	1.3279e-08	2.8662e-08	1.8223e-09	1.0707e-08	1.9888e-09	5.5624e-09	1.8095e-09	5.9604e-09	1.3322e-09	3.2797e-09	5.9351e-10	1.661e-09	1.947e-10	6.3656e-10	3.2818e-10	9.4623e-10	3.0795e-10	8.2531e-10	1.8159e-10	9.7307e-10	2.0525e-10	1.1901e-09	2.2823e-10	5.6239e-10	1.3518e-10	1.3986e-09	1.2505e-10	3.7431e-10	8.9159e-11	3.3231e-10	3.9349e-11	3.7468e-10	6.444e-11	2.924e-10	7.3007e-11	2.9256e-10	1.1075e-10	1.8385e-10	3.756e-11	1.8616e-10	2.7172e-11	1.6954e-10	1.5279e-11	1.6963e-10	5.8627e-11	2.5172e-10	1.6562e-10	3.146e-10	5.8683e-11	1.0283e-10	3.1524e-11	2.9432e-10	1.5334e-11	1.7109e-11	1.0358e-11
3.56819	0.74831	0.13871	0.00020642	1.8648e-05	0.00031008	0.0027508	0.0013551	0.011612	2.8226e-05	0.0052621	7.3504e-05	0.00058969	9.3297e-05	0.00035998	4.4473e-06	3.3429e-05	1.7151e-06	0.00027078	5.394e-06	5.7397e-05	7.3477e-06	2.8857e-05	2.4721e-05	4.2454e-05	3.3623e-05	0.00019658	2.6795e-07	7.5445e-06	1.3431e-07	1.7359e-07	1.2919e-08	2.7886e-08	1.773e-09	1.0417e-08	1.935e-09	5.412e-09	1.7605e-09	5.7992e-09	1.2962e-09	3.1909e-09	5.7744e-10	1.616e-09	1.8943e-10	6.1933e-10	3.193e-10	9.2063e-10	2.9961e-10	8.0299e-10	1.7668e-10	9.4678e-10	1.9971e-10	1.1579e-09	2.2207e-10	5.4721e-10	1.3153e-10	1.3609e-09	1.2167e-10	3.6421e-10	8.675e-11	3.2333e-10	3.8286e-11	3.6457e-10	6.27e-11	2.8449e-10	7.1038e-11	2.8462e-10	1.0775e-10	1.7887e-10	3.6547e-11	1.811e-10	2.6435e-11	1.6493e-10	1.4864e-11	1.6502e-10	5.7033e-11	2.4488e-10	1.6112e-10	3.0605e-10	5.7089e-11	1.0004e-10	3.0668e-11	2.8633e-10	1.4918e-11	1.6644e-11	1.0077e-11
3.61778	0.7156	0.13512	0.00020138	1.8297e-05	0.00030256	0.002672	0.0013576	0.011636	2.751e-05	0.0052851	7.1478e-05	0.0005723	9.0653e-05	0.0003494	4.3401e-06	3.2525e-05	1.6793e-06	0.00026847	5.2687e-06	5.5748e-05	7.1584e-06	2.8113e-05	2.4049e-05	4.1298e-05	3.2682e-05	0.00019126	2.6213e-07	7.3421e-06	1.3068e-07	1.689e-07	1.257e-08	2.7133e-08	1.7251e-09	1.0136e-08	1.8828e-09	5.2661e-09	1.7131e-09	5.6428e-09	1.2612e-09	3.1048e-09	5.6185e-10	1.5724e-09	1.8432e-10	6.0263e-10	3.1069e-10	8.9581e-10	2.9153e-10	7.8135e-10	1.7192e-10	9.2128e-10	1.9433e-10	1.1265e-09	2.1609e-10	5.3249e-10	1.2799e-10	1.324e-09	1.184e-10	3.5441e-10	8.4415e-11	3.1463e-10	3.7255e-11	3.5476e-10	6.1013e-11	2.7678e-10	6.9117e-11	2.7691e-10	1.0483e-10	1.7402e-10	3.5557e-11	1.762e-10	2.5718e-11	1.6046e-10	1.4461e-11	1.6054e-10	5.5488e-11	2.3824e-10	1.5675e-10	2.9776e-10	5.5542e-11	9.7326e-11	2.9837e-11	2.7858e-10	1.4514e-11	1.6194e-11	9.8046e-12
3.66805	0.68437	0.13165	0.00019648	1.7954e-05	0.00029523	0.0025956	0.0013605	0.011661	2.6814e-05	0.0053117	6.9513e-05	0.00055547	8.809e-05	0.00033916	4.2358e-06	3.1647e-05	1.6443e-06	0.00026595	5.1467e-06	5.4151e-05	6.9745e-06	2.739e-05	2.3398e-05	4.0177e-05	3.177e-05	0.0001861	2.5645e-07	7.1457e-06	1.2715e-07	1.6434e-07	1.2232e-08	2.6403e-08	1.6787e-09	9.8637e-09	1.8321e-09	5.1246e-09	1.667e-09	5.4911e-09	1.2273e-09	3.0213e-09	5.4673e-10	1.5301e-09	1.7936e-10	5.8642e-10	3.0233e-10	8.7172e-10	2.8369e-10	7.6036e-10	1.673e-10	8.9654e-10	1.8911e-10	1.0961e-09	2.1029e-10	5.1811e-10	1.2455e-10	1.2882e-09	1.152e-10	3.449e-10	8.2149e-11	3.0619e-10	3.6254e-11	3.4521e-10	5.9376e-11	2.693e-10	6.7248e-11	2.6942e-10	1.0199e-10	1.6931e-10	3.4596e-11	1.7144e-10	2.5023e-11	1.5613e-10	1.407e-11	1.5621e-10	5.3989e-11	2.3181e-10	1.5252e-10	2.8972e-10	5.4042e-11	9.4698e-11	2.9032e-11	2.7105e-10	1.4122e-11	1.5757e-11	9.5402e-12
3.71903	0.65454	0.1283	0.00019172	1.7676e-05	0.00028811	0.0025218	0.0013641	0.011687	2.6138e-05	0.0053373	6.7609e-05	0.00053918	8.5607e-05	0.00032925	4.1344e-06	3.0796e-05	1.6102e-06	0.00026342	5.028e-06	5.2604e-05	6.7959e-06	2.6687e-05	2.2766e-05	3.909e-05	3.0887e-05	0.0001811	2.5092e-07	6.9552e-06	1.2374e-07	1.5993e-07	1.1904e-08	2.5695e-08	1.6337e-09	9.5995e-09	1.783e-09	4.9873e-09	1.6223e-09	5.3439e-09	1.1943e-09	2.9402e-09	5.3207e-10	1.4891e-09	1.7455e-10	5.707e-10	2.9422e-10	8.4836e-10	2.7608e-10	7.3999e-10	1.6282e-10	8.7255e-10	1.8405e-10	1.0666e-09	2.0466e-10	5.0414e-10	1.212e-10	1.2535e-09	1.1209e-10	3.356e-10	7.995e-11	2.9798e-10	3.5284e-11	3.359e-10	5.7778e-11	2.6204e-10	6.5436e-11	2.6217e-10	9.9244e-11	1.6475e-10	3.3663e-11	1.6682e-10	2.4349e-11	1.5192e-10	1.3691e-11	1.52e-10	5.2535e-11	2.2557e-10	1.4841e-10	2.8192e-10	5.2587e-11	9.2149e-11	2.8251e-11	2.6376e-10	1.3742e-11	1.5334e-11	9.2838e-12
3.77071	0.62607	0.12507	0.0001871	1.7349e-05	0.00028119	0.0024504	0.0013681	0.011716	2.5481e-05	0.0053531	6.5763e-05	0.00052342	8.3202e-05	0.00031966	4.0358e-06	2.9971e-05	1.577e-06	0.00026064	4.9125e-06	5.1107e-05	6.6226e-06	2.6006e-05	2.2153e-05	3.8036e-05	3.0031e-05	0.00017624	2.4553e-07	6.7704e-06	1.2043e-07	1.5564e-07	1.1585e-08	2.5008e-08	1.59e-09	9.3432e-09	1.7353e-09	4.8542e-09	1.579e-09	5.2012e-09	1.1624e-09	2.8617e-09	5.1785e-10	1.4493e-09	1.6988e-10	5.5545e-10	2.8636e-10	8.2571e-10	2.6871e-10	7.2025e-10	1.5848e-10	8.4928e-10	1.7914e-10	1.0379e-09	1.9918e-10	4.906e-10	1.1794e-10	1.2198e-09	1.0908e-10	3.2659e-10	7.7814e-11	2.8997e-10	3.4343e-11	3.2688e-10	5.6226e-11	2.5501e-10	6.3679e-11	2.5513e-10	9.658e-11	1.6033e-10	3.276e-11	1.6234e-10	2.3696e-11	1.4785e-10	1.3324e-11	1.4792e-10	5.1125e-11	2.1952e-10	1.4443e-10	2.7436e-10	5.1176e-11	8.9677e-11	2.7493e-11	2.5669e-10	1.3373e-11	1.4923e-11	9.0351e-12
3.82312	0.59889	0.12196	0.0001826	1.7029e-05	0.00027446	0.0023813	0.0013723	0.011749	2.4843e-05	0.0053686	6.3973e-05	0.00050817	8.0872e-05	0.00031038	3.9399e-06	2.917e-05	1.5446e-06	0.0002578	4.8e-06	4.9656e-05	6.4543e-06	2.5343e-05	2.1631e-05	3.7013e-05	2.9202e-05	0.00017154	2.4028e-07	6.5911e-06	1.1721e-07	1.5149e-07	1.1277e-08	2.4342e-08	1.5477e-09	9.0946e-09	1.6891e-09	4.725e-09	1.537e-09	5.0627e-09	1.1315e-09	2.7855e-09	5.0405e-10	1.4107e-09	1.6536e-10	5.4067e-10	2.7874e-10	8.0373e-10	2.6156e-10	7.0109e-10	1.5426e-10	8.2663e-10	1.7434e-10	1.0102e-09	1.9384e-10	4.7747e-10	1.1478e-10	1.1872e-09	1.0616e-10	3.1784e-10	7.5729e-11	2.8221e-10	3.3426e-11	3.1813e-10	5.472e-11	2.4818e-10	6.1975e-11	2.483e-10	9.3996e-11	1.5604e-10	3.1883e-11	1.58e-10	2.3062e-11	1.4389e-10	1.2968e-11	1.4397e-10	4.9758e-11	2.1365e-10	1.4057e-10	2.6702e-10	4.9807e-11	8.728e-11	2.6758e-11	2.4983e-10	1.3016e-11	1.4525e-11	8.7939e-12
3.87625	0.57294	0.11896	0.00017822	1.6717e-05	0.00026792	0.0023145	0.0013764	0.011784	2.4223e-05	0.0053839	6.2239e-05	0.00049341	7.8616e-05	0.00030139	3.8466e-06	2.8394e-05	1.513e-06	0.00025478	4.6906e-06	4.8252e-05	6.2908e-06	2.4701e-05	2.1054e-05	3.6022e-05	2.8495e-05	0.00016697	2.3516e-07	6.4172e-06	1.141e-07	1.4746e-07	1.0977e-08	2.3696e-08	1.5066e-09	8.8535e-09	1.6443e-09	4.5998e-09	1.4962e-09	4.9285e-09	1.1015e-09	2.7116e-09	4.9067e-10	1.3733e-09	1.6097e-10	5.2633e-10	2.7134e-10	7.8242e-10	2.5462e-10	6.8251e-10	1.5018e-10	8.0456e-10	1.6968e-10	9.8322e-10	1.8867e-10	4.6473e-10	1.1172e-10	1.1555e-09	1.0333e-10	3.0936e-10	7.3708e-11	2.7468e-10	3.2534e-11	3.0964e-10	5.326e-11	2.4157e-10	6.0322e-11	2.4168e-10	9.1491e-11	1.5188e-10	3.1033e-11	1.5379e-10	2.2447e-11	1.4006e-10	1.2622e-11	1.4013e-10	4.8432e-11	2.0796e-10	1.3683e-10	2.5991e-10	4.8481e-11	8.4955e-11	2.6046e-11	2.4318e-10	1.2669e-11	1.4138e-11	8.5601e-12
3.93012	0.54817	0.11607	0.00017398	1.6413e-05	0.00026157	0.0022499	0.0013808	0.011824	2.3622e-05	0.0054015	6.0559e-05	0.00047914	7.6431e-05	0.00029271	3.7561e-06	2.7642e-05	1.4822e-06	0.00025157	4.5844e-06	4.6893e-05	6.1323e-06	2.4161e-05	2.0495e-05	3.5062e-05	2.7715e-05	0.00016255	2.3098e-07	6.2487e-06	1.1108e-07	1.4356e-07	1.0687e-08	2.307e-08	1.4668e-09	8.6199e-09	1.6009e-09	4.4784e-09	1.4567e-09	4.7984e-09	1.0724e-09	2.6399e-09	4.7771e-10	1.337e-09	1.5672e-10	5.1243e-10	2.6418e-10	7.6177e-10	2.4789e-10	6.6444e-10	1.462e-10	7.8317e-10	1.6517e-10	9.5713e-10	1.8365e-10	4.5239e-10	1.0875e-10	1.1249e-09	1.0059e-10	3.0115e-10	7.1749e-11	2.6738e-10	3.1669e-11	3.0142e-10	5.1846e-11	2.3516e-10	5.8721e-11	2.3527e-10	8.9063e-11	1.4785e-10	3.0209e-11	1.4971e-10	2.1851e-11	1.3634e-10	1.2287e-11	1.3641e-10	4.7147e-11	2.0245e-10	1.332e-10	2.5302e-10	4.7195e-11	8.2703e-11	2.5356e-11	2.3673e-10	1.2333e-11	1.3764e-11	8.3334e-12
3.98474	0.52496	0.11328	0.00016985	1.6116e-05	0.00025539	0.0021875	0.0013853	0.011866	2.3039e-05	0.0054193	5.893e-05	0.00046533	7.4316e-05	0.0002843	3.668e-06	2.6912e-05	1.4523e-06	0.00024832	4.4809e-06	4.5577e-05	5.9785e-06	2.3555e-05	1.9953e-05	3.4251e-05	2.696e-05	0.00015826	2.2613e-07	6.0853e-06	1.0815e-07	1.3977e-07	1.0406e-08	2.2463e-08	1.4282e-09	8.3929e-09	1.5588e-09	4.3601e-09	1.4184e-09	4.6722e-09	1.0441e-09	2.5705e-09	4.6514e-10	1.3018e-09	1.526e-10	4.9895e-10	2.5723e-10	7.4175e-10	2.4138e-10	6.4684e-10	1.4232e-10	7.6243e-10	1.608e-10	9.3182e-10	1.7879e-10	4.4043e-10	1.0588e-10	1.0951e-09	9.7927e-11	2.9318e-10	6.985e-11	2.6031e-10	3.083e-11	2.9344e-10	5.0474e-11	2.2894e-10	5.7168e-11	2.2905e-10	8.6709e-11	1.4394e-10	2.941e-11	1.4575e-10	2.1274e-11	1.3274e-10	1.1963e-11	1.3281e-10	4.5902e-11	1.971e-10	1.2968e-10	2.4633e-10	4.5948e-11	8.0518e-11	2.4686e-11	2.3048e-10	1.2008e-11	1.3401e-11	8.1137e-12
4.04011	0.50239	0.1106	0.00016581	1.5826e-05	0.00025028	0.0021271	0.00139	0.011908	2.2472e-05	0.0054314	5.7352e-05	0.00045197	7.2267e-05	0.00027617	3.5825e-06	2.6205e-05	1.423e-06	0.00024502	4.3803e-06	4.4304e-05	5.8291e-06	2.2966e-05	1.9427e-05	3.3346e-05	2.6228e-05	0.0001541	2.214e-07	5.9268e-06	1.0531e-07	1.361e-07	1.0133e-08	2.1874e-08	1.3908e-09	8.1714e-09	1.5179e-09	4.2451e-09	1.3812e-09	4.5497e-09	1.0168e-09	2.5032e-09	4.5295e-10	1.2678e-09	1.486e-10	4.8589e-10	2.5049e-10	7.2222e-10	2.3505e-10	6.2978e-10	1.3857e-10	7.4233e-10	1.5656e-10	9.073e-10	1.7408e-10	4.2883e-10	1.0309e-10	1.0663e-09	9.5348e-11	2.8546e-10	6.8009e-11	2.5345e-10	3.0018e-11	2.8572e-10	4.9144e-11	2.2291e-10	5.5663e-11	2.2302e-10	8.4427e-11	1.4015e-10	2.8636e-11	1.4192e-10	2.0714e-11	1.2925e-10	1.1648e-11	1.2931e-10	4.4694e-11	1.9191e-10	1.2627e-10	2.3986e-10	4.4739e-11	7.8401e-11	2.4037e-11	2.2442e-10	1.1692e-11	1.3049e-11	7.9006e-12
4.09626	0.48085	0.10801	0.00016188	1.5543e-05	0.00024443	0.0020687	0.001395	0.011953	2.1922e-05	0.0054422	5.5822e-05	0.00043904	7.0283e-05	0.0002683	3.4993e-06	2.5519e-05	1.3945e-06	0.00024161	4.2824e-06	4.307e-05	5.7046e-06	2.2395e-05	1.8918e-05	3.247e-05	2.5519e-05	0.00015061	2.1679e-07	5.7731e-06	1.0293e-07	1.3303e-07	9.9041e-09	2.138e-08	1.3594e-09	7.9854e-09	1.4837e-09	4.1485e-09	1.3497e-09	4.4461e-09	9.9385e-10	2.4467e-09	4.4272e-10	1.2391e-09	1.4525e-10	4.7486e-10	2.4484e-10	7.0578e-10	2.2973e-10	6.1545e-10	1.3542e-10	7.2546e-10	1.5301e-10	8.867e-10	1.7013e-10	4.1909e-10	1.0075e-10	1.0421e-09	9.3183e-11	2.7897e-10	6.6463e-11	2.4769e-10	2.9335e-11	2.7923e-10	4.8028e-11	2.1785e-10	5.44e-11	2.1796e-10	8.2511e-11	1.3697e-10	2.7986e-11	1.387e-10	2.0244e-11	1.2631e-10	1.1384e-11	1.2638e-10	4.368e-11	1.8756e-10	1.234e-10	2.3442e-10	4.3725e-11	7.6624e-11	2.3492e-11	2.1934e-10	1.1427e-11	1.2754e-11	7.7218e-12
4.15319	0.46029	0.10552	0.00015806	1.5267e-05	0.00023876	0.0020122	0.0014001	0.012006	2.1388e-05	0.0054513	5.4341e-05	0.00042655	6.8362e-05	0.00026069	3.4185e-06	2.4855e-05	1.3669e-06	0.00023817	4.1873e-06	4.1877e-05	5.5638e-06	2.1841e-05	1.8424e-05	3.1621e-05	2.4833e-05	0.0001467	2.1231e-07	5.6241e-06	1.0026e-07	1.2957e-07	9.6474e-09	2.0826e-08	1.3242e-09	7.7769e-09	1.445e-09	4.0402e-09	1.3145e-09	4.33e-09	9.6799e-10	2.383e-09	4.3125e-10	1.2068e-09	1.4147e-10	4.6246e-10	2.3844e-10	6.8735e-10	2.2373e-10	5.9939e-10	1.3188e-10	7.0654e-10	1.4902e-10	8.6362e-10	1.6569e-10	4.0818e-10	9.8121e-11	1.015e-09	9.0756e-11	2.717e-10	6.4731e-11	2.4123e-10	2.857e-11	2.7195e-10	4.6776e-11	2.1218e-10	5.2983e-11	2.1229e-10	8.0363e-11	1.3341e-10	2.7257e-11	1.3509e-10	1.9717e-11	1.2303e-10	1.1087e-11	1.2309e-10	4.2544e-11	1.8268e-10	1.2019e-10	2.2832e-10	4.2587e-11	7.4631e-11	2.2882e-11	2.1364e-10	1.113e-11	1.2422e-11	7.5213e-12
4.21091	0.44067	0.10313	0.00015435	1.4998e-05	0.00023325	0.0019576	0.0014057	0.012061	2.0947e-05	0.0054624	5.2906e-05	0.00041446	6.6503e-05	0.00025333	3.3401e-06	2.4211e-05	1.3399e-06	0.00023449	4.0949e-06	4.0722e-05	5.4271e-06	2.1304e-05	1.7946e-05	3.0798e-05	2.4168e-05	0.00014291	2.0795e-07	5.4798e-06	9.7668e-08	1.2622e-07	9.3985e-09	2.0285e-08	1.2897e-09	7.5749e-09	1.4075e-09	3.9353e-09	1.2803e-09	4.2175e-09	9.4282e-10	2.321e-09	4.2007e-10	1.1755e-09	1.3779e-10	4.5044e-10	2.3225e-10	6.695e-10	2.1791e-10	5.8383e-10	1.2846e-10	6.8821e-10	1.4515e-10	8.4124e-10	1.6139e-10	3.976e-10	9.5577e-11	9.8868e-10	8.8404e-11	2.6466e-10	6.3052e-11	2.3498e-10	2.7829e-11	2.649e-10	4.5564e-11	2.0669e-10	5.161e-11	2.0679e-10	7.8281e-11	1.2995e-10	2.6551e-11	1.3159e-10	1.9206e-11	1.1984e-10	1.08e-11	1.1991e-10	4.1442e-11	1.7796e-10	1.1708e-10	2.2241e-10	4.1485e-11	7.2699e-11	2.229e-11	2.0811e-10	1.0842e-11	1.2101e-11	7.3269e-12
4.26943	0.42196	0.10082	0.00015075	1.4733e-05	0.00022789	0.0019049	0.0014121	0.012109	2.0443e-05	0.0054728	5.171e-05	0.00040277	6.4703e-05	0.00024621	3.2638e-06	2.3587e-05	1.3185e-06	0.00023061	4.005e-06	3.9605e-05	5.2944e-06	2.0782e-05	1.7482e-05	3e-05	2.3524e-05	0.00013923	2.0371e-07	5.3599e-06	9.5157e-08	1.2298e-07	9.156e-09	1.9761e-08	1.2564e-09	7.3791e-09	1.371e-09	3.8336e-09	1.2472e-09	4.1084e-09	9.1843e-10	2.261e-09	4.092e-10	1.145e-09	1.3422e-10	4.3879e-10	2.2624e-10	6.5219e-10	2.1228e-10	5.6874e-10	1.2514e-10	6.7044e-10	1.414e-10	8.1955e-10	1.5723e-10	3.8734e-10	9.3111e-11	9.6319e-10	8.6124e-11	2.5783e-10	6.1424e-11	2.2891e-10	2.711e-11	2.5807e-10	4.4388e-11	2.0136e-10	5.0279e-11	2.0146e-10	7.6263e-11	1.266e-10	2.5866e-11	1.282e-10	1.8711e-11	1.1675e-10	1.0522e-11	1.1682e-10	4.0374e-11	1.7337e-10	1.1407e-10	2.1668e-10	4.0416e-11	7.0827e-11	2.1716e-11	2.0275e-10	1.0563e-11	1.179e-11	7.1385e-12
4.32876	0.4041	0.098604	0.00014725	1.4474e-05	0.00022269	0.0018538	0.0014188	0.012157	1.9954e-05	0.0054785	5.0361e-05	0.00039147	6.3202e-05	0.00023933	3.1898e-06	2.2983e-05	1.2929e-06	0.00022658	3.9177e-06	3.8524e-05	5.1658e-06	2.0276e-05	1.7032e-05	2.9227e-05	2.2901e-05	0.00013567	1.9958e-07	5.224e-06	9.2726e-08	1.1984e-07	8.9203e-09	1.9252e-08	1.224e-09	7.1895e-09	1.3358e-09	3.735e-09	1.2152e-09	4.0028e-09	8.948e-10	2.2028e-09	3.9867e-10	1.1156e-09	1.3077e-10	4.2751e-10	2.2042e-10	6.3542e-10	2.0682e-10	5.5413e-10	1.2192e-10	6.5322e-10	1.3777e-10	7.9854e-10	1.5319e-10	3.7741e-10	9.0723e-11	9.3849e-10	8.3916e-11	2.5121e-10	5.9847e-11	2.2304e-10	2.6414e-11	2.5145e-10	4.3249e-11	1.962e-10	4.899e-11	1.963e-10	7.4308e-11	1.2336e-10	2.5203e-11	1.2491e-10	1.8231e-11	1.1376e-10	1.0252e-11	1.1382e-10	3.934e-11	1.6893e-10	1.1114e-10	2.1113e-10	3.9381e-11	6.9013e-11	2.116e-11	1.9756e-10	1.0292e-11	1.1488e-11	6.956e-12
4.38892	0.38706	0.096465	0.00014386	1.4222e-05	0.00021765	0.0018046	0.0014254	0.012211	1.948e-05	0.0054842	4.9054e-05	0.00038054	6.1512e-05	0.00023267	3.13e-06	2.2397e-05	1.268e-06	0.0002225	3.8328e-06	3.7477e-05	5.041e-06	1.9786e-05	1.6596e-05	2.8479e-05	2.2297e-05	0.00013222	1.9556e-07	5.0923e-06	9.0369e-08	1.1679e-07	8.692e-09	1.8759e-08	1.1927e-09	7.0057e-09	1.3016e-09	3.6396e-09	1.1841e-09	3.9004e-09	8.7191e-10	2.1464e-09	3.8846e-10	1.087e-09	1.2743e-10	4.1657e-10	2.1478e-10	6.1917e-10	2.0153e-10	5.3997e-10	1.1881e-10	6.3654e-10	1.3426e-10	7.7818e-10	1.4928e-10	3.6778e-10	8.8408e-11	9.1456e-10	8.1775e-11	2.448e-10	5.8319e-11	2.1735e-10	2.574e-11	2.4504e-10	4.2145e-11	1.9119e-10	4.7741e-11	1.9129e-10	7.2414e-11	1.2021e-10	2.4561e-11	1.2173e-10	1.7767e-11	1.1086e-10	9.9911e-12	1.1092e-10	3.8337e-11	1.6463e-10	1.0831e-10	2.0575e-10	3.8378e-11	6.7255e-11	2.0621e-11	1.9253e-10	1.003e-11	1.1196e-11	6.7791e-12
4.44991	0.37081	0.094408	0.00014056	1.3976e-05	0.00021274	0.0017569	0.0014322	0.012267	1.902e-05	0.0054895	4.7789e-05	0.00036997	5.9877e-05	0.00022623	3.06e-06	2.1829e-05	1.2437e-06	0.00021842	3.7651e-06	3.6465e-05	4.92e-06	1.931e-05	1.617e-05	2.7753e-05	2.1712e-05	0.00012887	1.9165e-07	4.9647e-06	8.8085e-08	1.1384e-07	8.4707e-09	1.8282e-08	1.1624e-09	6.8276e-09	1.2685e-09	3.5471e-09	1.154e-09	3.8013e-09	8.4973e-10	2.0918e-09	3.7858e-10	1.0594e-09	1.2418e-10	4.0598e-10	2.0932e-10	6.0343e-10	1.964e-10	5.2625e-10	1.1579e-10	6.2038e-10	1.3085e-10	7.5846e-10	1.4549e-10	3.5845e-10	8.6165e-11	8.9138e-10	7.9702e-11	2.3859e-10	5.6839e-11	2.1183e-10	2.5086e-11	2.3882e-10	4.1076e-11	1.8635e-10	4.6531e-11	1.8644e-10	7.0579e-11	1.1716e-10	2.3938e-11	1.1864e-10	1.7316e-11	1.0805e-10	9.738e-12	1.0811e-10	3.7366e-11	1.6046e-10	1.0557e-10	2.0054e-10	3.7406e-11	6.5552e-11	2.0099e-11	1.8766e-10	9.7762e-12	1.0913e-11	6.6077e-12
4.51176	0.35531	0.092431	0.00013737	1.3737e-05	0.00020799	0.0017109	0.0014388	0.012321	1.8574e-05	0.0054945	4.6563e-05	0.00035975	5.8294e-05	0.00022001	2.9921e-06	2.128e-05	1.2201e-06	0.00021421	3.6849e-06	3.5486e-05	4.8027e-06	1.8849e-05	1.5758e-05	2.7051e-05	2.1141e-05	0.00012563	1.8785e-07	4.841e-06	8.5857e-08	1.1098e-07	8.2564e-09	1.782e-08	1.133e-09	6.6551e-09	1.2364e-09	3.4575e-09	1.1248e-09	3.7052e-09	8.2824e-10	2.039e-09	3.6901e-10	1.0326e-09	1.2104e-10	3.9572e-10	2.0403e-10	5.8819e-10	1.9144e-10	5.1296e-10	1.1287e-10	6.0472e-10	1.2755e-10	7.3935e-10	1.4182e-10	3.4942e-10	8.3993e-11	8.6892e-10	7.7693e-11	2.3258e-10	5.5405e-11	2.0649e-10	2.4453e-11	2.328e-10	4.004e-11	1.8165e-10	4.5358e-11	1.8175e-10	6.8801e-11	1.1421e-10	2.3335e-11	1.1565e-10	1.688e-11	1.0533e-10	9.4927e-12	1.0539e-10	3.6425e-11	1.5642e-10	1.0291e-10	1.955e-10	3.6464e-11	6.3903e-11	1.9593e-11	1.8294e-10	9.5302e-12	1.0639e-11	6.4417e-12
4.57446	0.34052	0.09053	0.00013426	1.3503e-05	0.00020336	0.0016664	0.0014455	0.012375	1.814e-05	0.0054994	4.5376e-05	0.00035129	5.6762e-05	0.00021399	2.9261e-06	2.0747e-05	1.1971e-06	0.00020996	3.6068e-06	3.4538e-05	4.6888e-06	1.8398e-05	1.5359e-05	2.6369e-05	2.0589e-05	0.00012249	1.8411e-07	4.7211e-06	8.3695e-08	1.0818e-07	8.0487e-09	1.7372e-08	1.1045e-09	6.488e-09	1.2053e-09	3.3706e-09	1.0966e-09	3.6121e-09	8.0742e-10	1.9877e-09	3.5973e-10	1.0067e-09	1.18e-10	3.8577e-10	1.989e-10	5.7341e-10	1.8663e-10	5.0008e-10	1.1003e-10	5.8955e-10	1.2435e-10	7.2083e-10	1.3827e-10	3.4066e-10	8.1887e-11	8.4716e-10	7.5746e-11	2.2675e-10	5.4015e-11	2.0131e-10	2.384e-11	2.2697e-10	3.9037e-11	1.771e-10	4.4222e-11	1.772e-10	6.7078e-11	1.1135e-10	2.275e-11	1.1276e-10	1.6458e-11	1.027e-10	9.2551e-12	1.0275e-10	3.5513e-11	1.5251e-10	1.0034e-10	1.906e-10	3.5551e-11	6.2304e-11	1.9103e-11	1.7836e-10	9.2918e-12	1.0373e-11	6.2808e-12
4.63803	0.32641	0.088704	0.00013125	1.3276e-05	0.00019884	0.0016234	0.0014525	0.012434	1.7721e-05	0.0055026	4.4226e-05	0.00034171	5.5279e-05	0.00020817	2.8622e-06	2.0231e-05	1.1748e-06	0.00020567	3.5311e-06	3.3622e-05	4.5785e-06	1.796e-05	1.4973e-05	2.5704e-05	2.0054e-05	0.00011945	1.8048e-07	4.605e-06	8.1602e-08	1.0547e-07	7.8476e-09	1.6938e-08	1.0769e-09	6.3261e-09	1.1752e-09	3.2866e-09	1.0692e-09	3.522e-09	7.8726e-10	1.9381e-09	3.5074e-10	9.8153e-10	1.1505e-10	3.7615e-10	1.9393e-10	5.5911e-10	1.8197e-10	4.8761e-10	1.0729e-10	5.7486e-10	1.2125e-10	7.029e-10	1.3482e-10	3.3218e-10	7.9849e-11	8.2608e-10	7.3862e-11	2.211e-10	5.267e-11	1.963e-10	2.3246e-11	2.2132e-10	3.8065e-11	1.727e-10	4.3122e-11	1.7279e-10	6.541e-11	1.0858e-10	2.2184e-11	1.0996e-10	1.6048e-11	1.0014e-10	9.025e-12	1.002e-10	3.4631e-11	1.4872e-10	9.7843e-11	1.8587e-10	3.4668e-11	6.0756e-11	1.8629e-11	1.7393e-10	9.061e-12	1.0116e-11	6.1236e-12
4.70249	0.31296	0.08724	0.00012832	1.3055e-05	0.00019444	0.0015882	0.0014609	0.0125	1.7313e-05	0.0055016	4.3114e-05	0.00033246	5.3845e-05	0.00020338	2.8001e-06	1.9814e-05	1.1531e-06	0.00020138	3.4576e-06	3.2872e-05	4.471e-06	1.7536e-05	1.4598e-05	2.506e-05	1.9537e-05	0.00011649	1.7695e-07	4.4926e-06	7.9574e-08	1.0285e-07	7.6529e-09	1.6518e-08	1.0502e-09	6.1694e-09	1.1461e-09	3.2052e-09	1.0427e-09	3.4347e-09	7.6774e-10	1.89e-09	3.4204e-10	9.5719e-10	1.122e-10	3.6682e-10	1.8912e-10	5.4525e-10	1.7746e-10	4.7554e-10	1.0463e-10	5.6064e-10	1.1825e-10	6.8554e-10	1.3149e-10	3.2397e-10	7.7874e-11	8.0567e-10	7.2036e-11	2.1564e-10	5.1367e-11	1.9144e-10	2.2671e-11	2.1585e-10	3.7124e-11	1.6843e-10	4.2056e-11	1.6852e-10	6.3794e-11	1.059e-10	2.1636e-11	1.0724e-10	1.5652e-11	9.7671e-11	8.8021e-12	9.7725e-11	3.3776e-11	1.4505e-10	9.5428e-11	1.8128e-10	3.3812e-11	5.9256e-11	1.8169e-11	1.6964e-10	8.8375e-12	9.862e-12	5.97e-12
4.76784	0.30012	0.085551	0.00012548	1.284e-05	0.00019018	0.0015479	0.0014684	0.012557	1.6919e-05	0.0054989	4.2037e-05	0.00032352	5.2458e-05	0.00019793	2.7398e-06	1.9329e-05	1.132e-06	0.00019702	3.3862e-06	3.2012e-05	4.3664e-06	1.7124e-05	1.4236e-05	2.4437e-05	1.9037e-05	0.00011361	1.7352e-07	4.3837e-06	7.761e-08	1.0031e-07	7.4643e-09	1.6111e-08	1.0243e-09	6.0176e-09	1.1179e-09	3.1263e-09	1.017e-09	3.3502e-09	7.4883e-10	1.8435e-09	3.3362e-10	9.3362e-10	1.0944e-10	3.5779e-10	1.8447e-10	5.3183e-10	1.7309e-10	4.6384e-10	1.0206e-10	5.4686e-10	1.1535e-10	6.6871e-10	1.2826e-10	3.1602e-10	7.5962e-11	7.8591e-10	7.0268e-11	2.1034e-10	5.0105e-11	1.8674e-10	2.2114e-11	2.1055e-10	3.6212e-11	1.643e-10	4.1024e-11	1.6439e-10	6.2229e-11	1.033e-10	2.1105e-11	1.0461e-10	1.5268e-11	9.5275e-11	8.5863e-12	9.5329e-11	3.2947e-11	1.4149e-10	9.3089e-11	1.7684e-10	3.2983e-11	5.7804e-11	1.7724e-11	1.6549e-10	8.6209e-12	9.6161e-12	5.8212e-12
4.8341	0.28788	0.083931	0.00012273	1.2631e-05	0.00018604	0.0015091	0.0014756	0.012614	1.6534e-05	0.0054953	4.0994e-05	0.00031487	5.1115e-05	0.00019266	2.6813e-06	1.8859e-05	1.1115e-06	0.00019249	3.3169e-06	3.1181e-05	4.2649e-06	1.6725e-05	1.3885e-05	2.3833e-05	1.8552e-05	0.00011082	1.7018e-07	4.2781e-06	7.5709e-08	9.7855e-08	7.2816e-09	1.5717e-08	9.9927e-10	5.8706e-09	1.0906e-09	3.0499e-09	9.9219e-10	3.2683e-09	7.3052e-10	1.7984e-09	3.2546e-10	9.1079e-10	1.0676e-10	3.4905e-10	1.7996e-10	5.1884e-10	1.6886e-10	4.5252e-10	9.9568e-11	5.3351e-10	1.1253e-10	6.5243e-10	1.2513e-10	3.0832e-10	7.411e-11	7.6676e-10	6.8556e-11	2.0521e-10	4.8883e-11	1.8219e-10	2.1574e-11	2.0541e-10	3.5329e-11	1.603e-10	4.0024e-11	1.6038e-10	6.0713e-11	1.0079e-10	2.0591e-11	1.0206e-10	1.4896e-11	9.2956e-11	8.3772e-12	9.3008e-11	3.2145e-11	1.3805e-10	9.0823e-11	1.7253e-10	3.218e-11	5.6398e-11	1.7293e-11	1.6146e-10	8.4112e-12	9.3781e-12	5.6771e-12
4.90128	0.27621	0.08238	0.00012006	1.2427e-05	0.00018203	0.0014716	0.001483	0.012667	1.6159e-05	0.0054892	3.9984e-05	0.00030651	4.9816e-05	0.00018757	2.6245e-06	1.8405e-05	1.0915e-06	0.00018793	3.2496e-06	3.0377e-05	4.1665e-06	1.6339e-05	1.3545e-05	2.3249e-05	1.8083e-05	0.00010812	1.6694e-07	4.1755e-06	7.3868e-08	9.5474e-08	7.1048e-09	1.5335e-08	9.7501e-10	5.7282e-09	1.0641e-09	2.976e-09	9.6812e-10	3.189e-09	7.1279e-10	1.7547e-09	3.1755e-10	8.8869e-10	1.0417e-10	3.4058e-10	1.7559e-10	5.0625e-10	1.6476e-10	4.4155e-10	9.7154e-11	5.2059e-10	1.0981e-10	6.3665e-10	1.221e-10	3.0086e-10	7.2317e-11	7.4822e-10	6.6897e-11	2.0025e-10	4.7699e-11	1.7778e-10	2.1051e-11	2.0044e-10	3.4474e-11	1.5642e-10	3.9056e-11	1.5651e-10	5.9245e-11	9.835e-11	2.0093e-11	9.9595e-11	1.4536e-11	9.0709e-11	8.1748e-12	9.076e-11	3.1368e-11	1.3471e-10	8.8629e-11	1.6836e-10	3.1403e-11	5.5035e-11	1.6869e-11	1.5748e-10	8.206e-12	9.1477e-12	5.5376e-12
4.9694	0.26508	0.080894	0.00011747	1.2229e-05	0.00017813	0.0014354	0.0014908	0.012721	1.5796e-05	0.0054821	3.8998e-05	0.00029843	4.8559e-05	0.00018265	2.5694e-06	1.7964e-05	1.0719e-06	0.00018338	3.1842e-06	2.96e-05	4.0712e-06	1.5964e-05	1.3216e-05	2.2683e-05	1.763e-05	0.00010551	1.638e-07	4.0757e-06	7.2085e-08	9.317e-08	6.9335e-09	1.4966e-08	9.5152e-10	5.5904e-09	1.0385e-09	2.9044e-09	9.4482e-10	3.1122e-09	6.9562e-10	1.7125e-09	3.099e-10	8.6728e-10	1.0166e-10	3.3238e-10	1.7136e-10	4.9407e-10	1.6079e-10	4.3093e-10	9.4817e-11	5.0808e-10	1.0717e-10	6.2137e-10	1.1917e-10	2.9364e-10	7.058e-11	7.3027e-10	6.5292e-11	1.9544e-10	4.6553e-11	1.7351e-10	2.0545e-11	1.9563e-10	3.3646e-11	1.5267e-10	3.8119e-11	1.5275e-10	5.7824e-11	9.599e-11	1.9611e-11	9.7206e-11	1.4187e-11	8.8534e-11	7.9787e-12	8.8584e-11	3.0616e-11	1.3144e-10	8.6492e-11	1.6429e-10	3.0648e-11	5.3693e-11	1.6457e-11	1.5364e-10	8.0056e-12	8.9246e-12	5.4026e-12
5.03846	0.25446	0.079469	0.00011496	1.2036e-05	0.00017436	0.0014004	0.0014986	0.012777	1.5444e-05	0.0054755	3.8045e-05	0.00029063	4.7334e-05	0.00017789	2.5159e-06	1.7539e-05	1.0529e-06	0.0001788	3.1209e-06	2.8848e-05	3.9789e-06	1.5602e-05	1.2898e-05	2.2135e-05	1.7191e-05	0.00010298	1.6074e-07	3.979e-06	7.036e-08	9.0939e-08	6.7678e-09	1.4608e-08	9.2879e-10	5.457e-09	1.0137e-09	2.8351e-09	9.2227e-10	3.0379e-09	6.7901e-10	1.6716e-09	3.025e-10	8.4657e-10	9.9234e-11	3.2444e-10	1.6727e-10	4.8228e-10	1.5695e-10	4.2065e-10	9.2556e-11	4.9597e-10	1.0461e-10	6.0659e-10	1.1633e-10	2.8665e-10	6.89e-11	7.1289e-10	6.3738e-11	1.9079e-10	4.5444e-11	1.6938e-10	2.0056e-11	1.9098e-10	3.2845e-11	1.4904e-10	3.7212e-11	1.4912e-10	5.6449e-11	9.3707e-11	1.9144e-11	9.4895e-11	1.385e-11	8.6417e-11	7.788e-12	8.6453e-11	2.9881e-11	1.2826e-10	8.4397e-11	1.6031e-10	2.9906e-11	5.2393e-11	1.6058e-11	1.4992e-10	7.8118e-12	8.7087e-12	5.2719e-12
5.10848	0.24434	0.078104	0.00011252	1.1849e-05	0.00017069	0.0013667	0.0015068	0.012833	1.5103e-05	0.0054669	3.7121e-05	0.00028308	4.6148e-05	0.00017329	2.4635e-06	1.7126e-05	1.0343e-06	0.00017425	3.0588e-06	2.8121e-05	3.8894e-06	1.525e-05	1.2589e-05	2.1605e-05	1.6766e-05	0.00010054	1.5777e-07	3.8854e-06	6.8688e-08	8.8778e-08	6.6073e-09	1.4262e-08	9.0677e-10	5.3278e-09	9.8963e-10	2.768e-09	9.0042e-10	2.966e-09	6.6291e-10	1.632e-09	2.9533e-10	8.2651e-10	9.6881e-11	3.1675e-10	1.633e-10	4.7085e-10	1.5324e-10	4.1069e-10	9.0365e-11	4.8424e-10	1.0214e-10	5.9227e-10	1.1358e-10	2.7988e-10	6.7272e-11	6.9606e-10	6.2232e-11	1.8628e-10	4.4369e-11	1.6537e-10	1.9581e-11	1.8646e-10	3.2069e-11	1.4552e-10	3.6333e-11	1.4558e-10	5.5109e-11	9.1488e-11	1.8692e-11	9.2617e-11	1.352e-11	8.4338e-11	7.6007e-12	8.4374e-11	2.9163e-11	1.2518e-10	8.2368e-11	1.5645e-10	2.9187e-11	5.1133e-11	1.5673e-11	1.4632e-10	7.6241e-12	8.4996e-12	5.1454e-12
5.17947	0.23468	0.076798	0.00011016	1.1667e-05	0.00016714	0.0013341	0.0015151	0.012891	1.4772e-05	0.0054541	3.6228e-05	0.00027579	4.5002e-05	0.00016885	2.4128e-06	1.6727e-05	1.0163e-06	0.00016967	2.9986e-06	2.7419e-05	3.8028e-06	1.491e-05	1.2291e-05	2.1092e-05	1.6356e-05	9.8167e-05	1.5489e-07	3.7948e-06	6.7072e-08	8.6688e-08	6.452e-09	1.3927e-08	8.8547e-10	5.2028e-09	9.6639e-10	2.703e-09	8.7929e-10	2.8964e-09	6.4734e-10	1.5936e-09	2.8839e-10	8.071e-10	9.4606e-11	3.0932e-10	1.5947e-10	4.598e-10	1.4964e-10	4.0106e-10	8.8246e-11	4.7289e-10	9.9748e-11	5.7819e-10	1.1092e-10	2.7333e-10	6.5697e-11	6.7955e-10	6.0776e-11	1.8192e-10	4.333e-11	1.615e-10	1.9123e-11	1.821e-10	3.1318e-11	1.4205e-10	3.5478e-11	1.4211e-10	5.3795e-11	8.9306e-11	1.8251e-11	9.0409e-11	1.3198e-11	8.2328e-11	7.4195e-12	8.2364e-11	2.8468e-11	1.222e-10	8.0405e-11	1.5272e-10	2.8491e-11	4.9915e-11	1.5299e-11	1.4283e-10	7.4425e-12	8.2974e-12	5.023e-12
5.25146	0.22547	0.075548	0.00010787	1.149e-05	0.0001637	0.0013026	0.0015233	0.01295	1.4452e-05	0.0054351	3.5364e-05	0.00026872	4.3893e-05	0.00016455	2.3636e-06	1.634e-05	9.9887e-07	0.00016505	2.94e-06	2.674e-05	3.7188e-06	1.458e-05	1.2002e-05	2.0595e-05	1.5958e-05	9.5873e-05	1.521e-07	3.707e-06	6.5506e-08	8.4665e-08	6.3016e-09	1.3602e-08	8.6484e-10	5.0817e-09	9.4388e-10	2.6402e-09	8.5883e-10	2.8289e-09	6.3227e-10	1.5565e-09	2.8167e-10	7.883e-10	9.2403e-11	3.0212e-10	1.5576e-10	4.491e-10	1.4615e-10	3.9173e-10	8.6194e-11	4.619e-10	9.7431e-11	5.6452e-10	1.0834e-10	2.6692e-10	6.4172e-11	6.6347e-10	5.9343e-11	1.7769e-10	4.2323e-11	1.5775e-10	1.8678e-11	1.7786e-10	3.0591e-11	1.3869e-10	3.4639e-11	1.3875e-10	5.2523e-11	8.7194e-11	1.7819e-11	8.8272e-11	1.2886e-11	8.0382e-11	7.2441e-12	8.0417e-11	2.7795e-11	1.1931e-10	7.8505e-11	1.4912e-10	2.7818e-11	4.8736e-11	1.4938e-11	1.3946e-10	7.2667e-12	8.1016e-12	4.9045e-12
5.32444	0.21665	0.074353	0.00010565	1.1318e-05	0.00016036	0.0012722	0.0015315	0.013009	1.4142e-05	0.0054163	3.4528e-05	0.00026186	4.2821e-05	0.0001604	2.3159e-06	1.5967e-05	9.8193e-07	0.00016027	2.8833e-06	2.6083e-05	3.6376e-06	1.426e-05	1.1722e-05	2.0115e-05	1.5574e-05	9.3654e-05	1.4938e-07	3.6221e-06	6.3992e-08	8.2707e-08	6.1561e-09	1.3288e-08	8.4489e-10	4.9646e-09	9.2211e-10	2.5793e-09	8.3903e-10	2.7637e-09	6.1768e-10	1.5206e-09	2.7517e-10	7.7012e-10	9.0271e-11	2.9515e-10	1.5216e-10	4.3875e-10	1.4278e-10	3.8271e-10	8.4209e-11	4.5127e-10	9.5189e-11	5.5129e-10	1.0585e-10	2.6067e-10	6.2678e-11	6.4793e-10	5.7952e-11	1.7356e-10	4.1349e-11	1.5412e-10	1.8248e-11	1.7369e-10	2.9882e-11	1.3544e-10	3.3827e-11	1.3549e-10	5.1292e-11	8.5152e-11	1.7401e-11	8.6204e-11	1.2584e-11	7.8499e-11	7.0745e-12	7.8534e-11	2.7144e-11	1.1651e-10	7.6667e-11	1.4563e-10	2.7166e-11	4.7595e-11	1.4588e-11	1.362e-10	7.0966e-12	7.9122e-12	4.7898e-12
5.39843	0.20823	0.073201	0.00010349	1.1151e-05	0.00015713	0.0012427	0.0015403	0.013066	1.3841e-05	0.0054022	3.3719e-05	0.00025523	4.1784e-05	0.00015636	2.2697e-06	1.5602e-05	9.6547e-07	0.00015554	2.8283e-06	2.5443e-05	3.5588e-06	1.3951e-05	1.1452e-05	1.965e-05	1.5202e-05	9.1507e-05	1.4675e-07	3.54e-06	6.2526e-08	8.0812e-08	6.0153e-09	1.2985e-08	8.2557e-10	4.8513e-09	9.0103e-10	2.5204e-09	8.1986e-10	2.7006e-09	6.0356e-10	1.4859e-09	2.6888e-10	7.5252e-10	8.8208e-11	2.8841e-10	1.4869e-10	4.2873e-10	1.3952e-10	3.7398e-10	8.2287e-11	4.4098e-10	9.3019e-11	5.3849e-10	1.0342e-10	2.5461e-10	6.1222e-11	6.3288e-10	5.6606e-11	1.6953e-10	4.0407e-11	1.5055e-10	1.7832e-11	1.6966e-10	2.9188e-11	1.3229e-10	3.3042e-11	1.3235e-10	5.0102e-11	8.3175e-11	1.6997e-11	8.4203e-11	1.2292e-11	7.6678e-11	6.9103e-12	7.6711e-11	2.6514e-11	1.1381e-10	7.4889e-11	1.4225e-10	2.6536e-11	4.6491e-11	1.425e-11	1.3304e-10	6.932e-12	7.7289e-12	4.6789e-12
5.47346	0.2002	0.072098	0.00010141	1.099e-05	0.000154	0.0012141	0.0015495	0.013122	1.355e-05	0.0053923	3.2937e-05	0.00024882	4.0783e-05	0.00015245	2.2249e-06	1.5248e-05	9.4953e-07	0.00015088	2.775e-06	2.4825e-05	3.4826e-06	1.3651e-05	1.119e-05	1.92e-05	1.4843e-05	8.9429e-05	1.442e-07	3.4605e-06	6.1108e-08	7.8979e-08	5.8791e-09	1.2691e-08	8.0689e-10	4.7416e-09	8.8065e-10	2.4635e-09	8.0133e-10	2.6395e-09	5.8991e-10	1.4522e-09	2.6279e-10	7.3549e-10	8.6212e-11	2.8188e-10	1.4532e-10	4.1904e-10	1.3637e-10	3.6553e-10	8.0428e-11	4.3101e-10	9.0884e-11	5.2611e-10	1.0104e-10	2.4875e-10	5.9813e-11	6.1833e-10	5.5304e-11	1.6563e-10	3.9478e-11	1.4708e-10	1.7428e-11	1.6575e-10	2.8516e-11	1.2925e-10	3.2282e-11	1.2931e-10	4.895e-11	8.1262e-11	1.6607e-11	8.2268e-11	1.2009e-11	7.4915e-11	6.7515e-12	7.4948e-11	2.5904e-11	1.112e-10	7.3168e-11	1.3898e-10	2.5926e-11	4.5423e-11	1.3923e-11	1.2998e-10	6.7728e-12	7.5511e-12	4.5709e-12
5.54952	0.19254	0.071044	9.9386e-05	1.0833e-05	0.00015096	0.0011865	0.0015578	0.013168	1.3268e-05	0.0053679	3.2181e-05	0.00024264	3.9814e-05	0.00014868	2.1816e-06	1.4907e-05	9.3406e-07	0.00014624	2.7234e-06	2.4227e-05	3.4088e-06	1.3361e-05	1.0937e-05	1.8765e-05	1.4495e-05	8.7419e-05	1.4172e-07	3.3836e-06	5.9736e-08	7.7205e-08	5.7473e-09	1.2406e-08	7.8881e-10	4.6355e-09	8.6092e-10	2.4083e-09	7.8339e-10	2.5804e-09	5.7669e-10	1.4197e-09	2.569e-10	7.1902e-10	8.428e-11	2.7557e-10	1.4207e-10	4.0966e-10	1.3331e-10	3.5735e-10	7.8629e-11	4.2118e-10	8.8812e-11	5.1413e-10	9.8738e-11	2.4309e-10	5.845e-11	6.0425e-10	5.4045e-11	1.6185e-10	3.8578e-11	1.4373e-10	1.703e-11	1.6198e-10	2.7867e-11	1.2631e-10	3.1547e-11	1.2636e-10	4.7836e-11	7.9413e-11	1.6228e-11	8.0395e-11	1.1736e-11	7.3211e-11	6.5978e-12	7.3243e-11	2.5315e-11	1.0867e-10	7.1504e-11	1.3582e-10	2.5337e-11	4.439e-11	1.3606e-11	1.2703e-10	6.6188e-12	7.3784e-12	4.4664e-12
5.62665	0.18525	0.07004	9.7426e-05	1.068e-05	0.00014802	0.0011598	0.0015656	0.013211	1.2995e-05	0.0053408	3.1449e-05	0.00023666	3.8878e-05	0.00014504	2.1395e-06	1.4576e-05	9.1905e-07	0.00014153	2.6733e-06	2.3649e-05	3.3373e-06	1.308e-05	1.0692e-05	1.8344e-05	1.4159e-05	8.5474e-05	1.3932e-07	3.3092e-06	5.8409e-08	7.5489e-08	5.6198e-09	1.2131e-08	7.7131e-10	4.5328e-09	8.4183e-10	2.355e-09	7.6603e-10	2.5233e-09	5.639e-10	1.3882e-09	2.512e-10	7.0308e-10	8.2411e-11	2.6946e-10	1.3892e-10	4.0058e-10	1.3036e-10	3.4943e-10	7.6882e-11	4.1167e-10	8.6807e-11	5.0254e-10	9.6509e-11	2.3761e-10	5.7132e-11	5.9063e-10	5.2826e-11	1.582e-10	3.7707e-11	1.4049e-10	1.6646e-11	1.5832e-10	2.7238e-11	1.2346e-10	3.0835e-11	1.2351e-10	4.6757e-11	7.7623e-11	1.5863e-11	7.8584e-11	1.1471e-11	7.1561e-11	6.4492e-12	7.1593e-11	2.4745e-11	1.0622e-10	6.9893e-11	1.3276e-10	2.4766e-11	4.339e-11	1.33e-11	1.2417e-10	6.4698e-12	7.2113e-12	4.3652e-12
5.70484	0.17828	0.069082	9.553e-05	1.0533e-05	0.00014517	0.0011341	0.0015738	0.01327	1.2732e-05	0.005312	3.0742e-05	0.00023089	3.7974e-05	0.00014152	2.0989e-06	1.4256e-05	9.0453e-07	0.00013684	2.6249e-06	2.3091e-05	3.2682e-06	1.2808e-05	1.0455e-05	1.7937e-05	1.3834e-05	8.3594e-05	1.3699e-07	3.2372e-06	5.7125e-08	7.3829e-08	5.4964e-09	1.1865e-08	7.544e-10	4.4336e-09	8.2338e-10	2.3032e-09	7.4925e-10	2.468e-09	5.5154e-10	1.3578e-09	2.4569e-10	6.8766e-10	8.0605e-11	2.6356e-10	1.3587e-10	3.9181e-10	1.275e-10	3.4162e-10	7.5165e-11	4.0248e-10	8.4869e-11	4.9134e-10	9.4355e-11	2.3231e-10	5.5857e-11	5.7746e-10	5.1648e-11	1.5467e-10	3.6866e-11	1.3735e-10	1.6274e-11	1.5479e-10	2.663e-11	1.2071e-10	3.0148e-11	1.2076e-10	4.5715e-11	7.5892e-11	1.5509e-11	7.6832e-11	1.1216e-11	6.9966e-11	6.3055e-12	6.9998e-11	2.4193e-11	1.0386e-10	6.8336e-11	1.298e-10	2.4214e-11	4.2424e-11	1.3003e-11	1.2139e-10	6.3257e-12	7.0497e-12	4.2674e-12
5.78413	0.17165	0.068171	9.3677e-05	1.039e-05	0.00014241	0.0011094	0.0015823	0.013332	1.2476e-05	0.0052835	3.0058e-05	0.00022532	3.7099e-05	0.00013812	2.0594e-06	1.3947e-05	8.9044e-07	0.00013224	2.5779e-06	2.2552e-05	3.2013e-06	1.2545e-05	1.0225e-05	1.7543e-05	1.352e-05	8.1774e-05	1.3474e-07	3.1676e-06	5.5883e-08	7.2224e-08	5.3771e-09	1.1608e-08	7.3803e-10	4.3358e-09	8.0552e-10	2.2523e-09	7.3298e-10	2.4145e-09	5.3958e-10	1.3283e-09	2.4036e-10	6.7275e-10	7.8856e-11	2.5784e-10	1.3293e-10	3.8326e-10	1.2474e-10	3.3407e-10	7.3503e-11	3.9359e-10	8.2995e-11	4.805e-10	9.2271e-11	2.2718e-10	5.4624e-11	5.6472e-10	5.0508e-11	1.5126e-10	3.6051e-11	1.3432e-10	1.5915e-11	1.5138e-10	2.6042e-11	1.1805e-10	2.9483e-11	1.181e-10	4.4707e-11	7.4218e-11	1.5167e-11	7.5138e-11	1.0968e-11	6.8424e-11	6.1664e-12	6.8455e-11	2.366e-11	1.0156e-10	6.683e-11	1.2694e-10	2.368e-11	4.1487e-11	1.2715e-11	1.187e-10	6.1854e-12	6.8934e-12	4.1728e-12
5.86451	0.16532	0.067304	9.1855e-05	1.0251e-05	0.00013974	0.0010855	0.0015904	0.013401	1.2229e-05	0.0052529	2.9397e-05	0.00021994	3.6254e-05	0.00013484	2.0213e-06	1.3649e-05	8.768e-07	0.00012772	2.5324e-06	2.2031e-05	3.1365e-06	1.2291e-05	1.0004e-05	1.7162e-05	1.3216e-05	8.0015e-05	1.3255e-07	3.1003e-06	5.4682e-08	7.0671e-08	5.2618e-09	1.1359e-08	7.222e-10	4.2409e-09	7.8825e-10	2.203e-09	7.1695e-10	2.3618e-09	5.2801e-10	1.2999e-09	2.3521e-10	6.5833e-10	7.7166e-11	2.5229e-10	1.3008e-10	3.7488e-10	1.2205e-10	3.2676e-10	7.1896e-11	3.8499e-10	8.1182e-11	4.7002e-10	9.0256e-11	2.2222e-10	5.3432e-11	5.5241e-10	4.9406e-11	1.4796e-10	3.5264e-11	1.3139e-10	1.5567e-11	1.4807e-10	2.5474e-11	1.1547e-10	2.884e-11	1.1552e-10	4.3732e-11	7.26e-11	1.4836e-11	7.35e-11	1.0729e-11	6.6932e-11	6.032e-12	6.6962e-11	2.3144e-11	9.9335e-11	6.5366e-11	1.2415e-10	2.3162e-11	4.0576e-11	1.2436e-11	1.161e-10	6.0496e-12	6.7423e-12	4.0814e-12
5.94601	0.15929	0.066485	9.0091e-05	1.0117e-05	0.00013715	0.0010625	0.0015982	0.013453	1.1989e-05	0.0052196	2.8758e-05	0.00021475	3.5438e-05	0.00013167	1.9844e-06	1.336e-05	8.6361e-07	0.00012326	2.4885e-06	2.1528e-05	3.0739e-06	1.2044e-05	9.7894e-06	1.6794e-05	1.2923e-05	7.8314e-05	1.3044e-07	3.0352e-06	5.3521e-08	6.917e-08	5.1502e-09	1.1118e-08	7.069e-10	4.1493e-09	7.7142e-10	2.1554e-09	7.0144e-10	2.3108e-09	5.1678e-10	1.2722e-09	2.3022e-10	6.4424e-10	7.5526e-11	2.4683e-10	1.2729e-10	3.6677e-10	1.1941e-10	3.197e-10	7.0343e-11	3.7668e-10	7.943e-11	4.5989e-10	8.8309e-11	2.1743e-10	5.2279e-11	5.405e-10	4.8341e-11	1.4476e-10	3.4503e-11	1.2855e-10	1.5231e-11	1.4488e-10	2.4924e-11	1.1299e-10	2.8218e-11	1.1303e-10	4.2789e-11	7.1035e-11	1.4516e-11	7.1912e-11	1.0498e-11	6.5482e-11	5.9014e-12	6.5509e-11	2.2642e-11	9.718e-11	6.3947e-11	1.2146e-10	2.266e-11	3.9696e-11	1.2166e-11	1.1358e-10	5.9184e-12	6.5963e-12	3.993e-12
6.02865	0.15354	0.065709	8.8382e-05	9.9872e-06	0.00013465	0.0010403	0.0016063	0.013493	1.1758e-05	0.0051832	2.814e-05	0.00020973	3.4649e-05	0.00012861	1.9487e-06	1.3081e-05	8.5082e-07	0.0001189	2.4459e-06	2.1042e-05	3.0132e-06	1.1806e-05	9.5821e-06	1.6438e-05	1.2639e-05	7.6669e-05	1.2839e-07	2.9722e-06	5.2398e-08	6.7719e-08	5.0424e-09	1.0883e-08	6.9191e-10	4.0606e-09	7.5492e-10	2.1094e-09	6.8646e-10	2.2614e-09	5.0573e-10	1.245e-09	2.2537e-10	6.3047e-10	7.3911e-11	2.4155e-10	1.2456e-10	3.5894e-10	1.1686e-10	3.1288e-10	6.8841e-11	3.6864e-10	7.7735e-11	4.5007e-10	8.6425e-11	2.128e-10	5.1165e-11	5.2897e-10	4.7311e-11	1.4168e-10	3.3767e-11	1.2581e-10	1.4906e-11	1.4179e-10	2.4393e-11	1.1057e-10	2.7617e-11	1.1061e-10	4.1873e-11	6.9515e-11	1.4207e-11	7.0369e-11	1.0273e-11	6.4078e-11	5.7748e-12	6.4103e-11	2.2156e-11	9.5096e-11	6.2576e-11	1.1886e-10	2.2174e-11	3.8845e-11	1.1905e-11	1.1114e-10	5.7916e-12	6.455e-12	3.9075e-12
6.11243	0.14806	0.064974	8.6729e-05	9.8593e-06	0.00013223	0.0010188	0.0016145	0.013532	1.1534e-05	0.0051438	2.7543e-05	0.00020489	3.3888e-05	0.00012566	1.9141e-06	1.2811e-05	8.3845e-07	0.00011452	2.4047e-06	2.0572e-05	2.9546e-06	1.1576e-05	9.3817e-06	1.6094e-05	1.2365e-05	7.5079e-05	1.2641e-07	2.9114e-06	5.1313e-08	6.6315e-08	4.9375e-09	1.0653e-08	6.773e-10	3.9749e-09	7.3898e-10	2.0649e-09	6.7197e-10	2.2137e-09	4.9505e-10	1.2187e-09	2.2061e-10	6.1716e-10	7.235e-11	2.3645e-10	1.2193e-10	3.5136e-10	1.1439e-10	3.0628e-10	6.7389e-11	3.6087e-10	7.6098e-11	4.4053e-10	8.4604e-11	2.0832e-10	5.0087e-11	5.1775e-10	4.6313e-11	1.387e-10	3.3055e-11	1.2316e-10	1.4592e-11	1.3881e-10	2.3879e-11	1.0823e-10	2.7032e-11	1.0827e-10	4.0985e-11	6.8041e-11	1.3906e-11	6.8878e-11	1.0055e-11	6.272e-11	5.6524e-12	6.2745e-11	2.1687e-11	9.3082e-11	6.125e-11	1.1634e-10	2.1704e-11	3.8022e-11	1.1653e-11	1.0879e-10	5.6689e-12	6.3185e-12	3.8249e-12
6.19738	0.14283	0.064279	8.5129e-05	9.7335e-06	0.00012989	0.00099812	0.0016222	0.013572	1.1317e-05	0.0051031	2.6967e-05	0.00020022	3.3152e-05	0.00012281	1.8807e-06	1.255e-05	8.265e-07	0.00011021	2.3648e-06	2.0119e-05	2.8979e-06	1.1353e-05	9.1879e-06	1.5761e-05	1.21e-05	7.3542e-05	1.2449e-07	2.8526e-06	5.0264e-08	6.4959e-08	4.8345e-09	1.0431e-08	6.6317e-10	3.8922e-09	7.2357e-10	2.0219e-09	6.5797e-10	2.1675e-09	4.8473e-10	1.1933e-09	2.1601e-10	6.0429e-10	7.0842e-11	2.3153e-10	1.1939e-10	3.4404e-10	1.1201e-10	2.999e-10	6.5986e-11	3.5336e-10	7.4515e-11	4.3131e-10	8.2845e-11	2.0396e-10	4.9046e-11	5.0692e-10	4.5343e-11	1.3581e-10	3.2368e-11	1.206e-10	1.4288e-11	1.3591e-10	2.3383e-11	1.0596e-10	2.6466e-11	1.06e-10	4.0128e-11	6.6617e-11	1.3615e-11	6.7437e-11	9.8446e-12	6.1408e-11	5.5341e-12	6.1433e-11	2.1233e-11	9.1136e-11	5.9969e-11	1.1391e-10	2.125e-11	3.7227e-11	1.141e-11	1.0652e-10	5.5504e-12	6.1866e-12	3.745e-12
6.2835	0.13785	0.063622	8.3582e-05	9.6118e-06	0.00012762	0.00097816	0.0016296	0.013618	1.1108e-05	0.0050614	2.6409e-05	0.00019571	3.2441e-05	0.00012006	1.8484e-06	1.2298e-05	8.1494e-07	0.00010608	2.3263e-06	1.9682e-05	2.8431e-06	1.1137e-05	9.0006e-06	1.544e-05	1.1844e-05	7.2057e-05	1.2263e-07	2.7957e-06	4.925e-08	6.3649e-08	4.735e-09	1.0216e-08	6.4952e-10	3.8121e-09	7.0869e-10	1.9803e-09	6.4444e-10	2.123e-09	4.7475e-10	1.1687e-09	2.1156e-10	5.9186e-10	6.9384e-11	2.2676e-10	1.1694e-10	3.3697e-10	1.0971e-10	2.9374e-10	6.463e-11	3.4611e-10	7.2985e-11	4.224e-10	8.1145e-11	1.9974e-10	4.8032e-11	4.9644e-10	4.4406e-11	1.33e-10	3.1703e-11	1.1812e-10	1.3995e-11	1.331e-10	2.29e-11	1.0377e-10	2.5919e-11	1.0381e-10	3.9299e-11	6.5241e-11	1.3333e-11	6.6044e-11	9.6413e-12	6.0139e-11	5.4199e-12	6.0164e-11	2.0795e-11	8.9255e-11	5.8731e-11	1.1155e-10	2.0811e-11	3.6459e-11	1.1174e-11	1.0432e-10	5.4359e-12	6.0591e-12	3.6681e-12
6.37083	0.1331	0.063002	8.2085e-05	9.4943e-06	0.00012543	0.00095895	0.0016364	0.013655	1.0906e-05	0.0050188	2.5871e-05	0.00019135	3.1755e-05	0.0001174	1.8172e-06	1.2055e-05	8.0379e-07	0.00010194	2.2891e-06	1.9259e-05	2.7902e-06	1.0929e-05	8.8155e-06	1.5129e-05	1.1596e-05	7.0622e-05	1.2084e-07	2.7408e-06	4.8271e-08	6.2382e-08	4.6388e-09	1.0009e-08	6.3634e-10	3.7348e-09	6.943e-10	1.9402e-09	6.3137e-10	2.0799e-09	4.6512e-10	1.145e-09	2.0727e-10	5.7984e-10	6.7975e-11	2.2216e-10	1.1456e-10	3.3013e-10	1.0748e-10	2.8778e-10	6.332e-11	3.391e-10	7.1504e-11	4.1379e-10	7.9492e-11	1.9567e-10	4.7052e-11	4.8632e-10	4.3501e-11	1.3029e-10	3.106e-11	1.1571e-10	1.3711e-11	1.3038e-10	2.2433e-11	1.0166e-10	2.5391e-11	1.017e-10	3.8498e-11	6.3912e-11	1.3062e-11	6.4698e-11	9.4448e-12	5.8914e-11	5.3094e-12	5.8939e-11	2.0371e-11	8.7437e-11	5.7535e-11	1.0928e-10	2.0387e-11	3.5716e-11	1.0947e-11	1.022e-10	5.3252e-12	5.9371e-12	3.5946e-12
6.45936	0.12857	0.062418	8.0636e-05	9.3806e-06	0.00012331	0.00094043	0.001643	0.013684	1.071e-05	0.0049748	2.5351e-05	0.00018715	3.1092e-05	0.00011484	1.787e-06	1.182e-05	7.93e-07	9.7905e-05	2.2531e-06	1.8852e-05	2.739e-06	1.0728e-05	8.6367e-06	1.4829e-05	1.1353e-05	6.9236e-05	1.1911e-07	2.6878e-06	4.7314e-08	6.1159e-08	4.5458e-09	9.8082e-09	6.2359e-10	3.6601e-09	6.804e-10	1.9014e-09	6.1873e-10	2.0383e-09	4.5581e-10	1.1221e-09	2.0312e-10	5.6824e-10	6.6614e-11	2.1772e-10	1.1227e-10	3.2353e-10	1.0533e-10	2.8203e-10	6.2054e-11	3.3229e-10	7.0064e-11	4.0547e-10	7.7892e-11	1.9173e-10	4.6105e-11	4.7655e-10	4.2626e-11	1.2767e-10	3.0434e-11	1.1338e-10	1.3436e-11	1.2776e-10	2.1981e-11	9.9613e-11	2.488e-11	9.9652e-11	3.7724e-11	6.2627e-11	1.2799e-11	6.3398e-11	9.255e-12	5.773e-11	5.2028e-12	5.7754e-11	1.9962e-11	8.5681e-11	5.638e-11	1.0709e-10	1.9978e-11	3.4999e-11	1.0727e-11	1.0015e-10	5.2183e-12	5.8197e-12	3.5235e-12
6.54913	0.12425	0.061861	7.9236e-05	9.2711e-06	0.00012127	0.00092255	0.0016497	0.013708	1.0521e-05	0.0049259	2.4849e-05	0.0001831	3.0452e-05	0.00011237	1.7578e-06	1.1593e-05	7.8259e-07	9.3967e-05	2.2183e-06	1.8458e-05	2.6895e-06	1.0531e-05	8.4639e-06	1.4539e-05	1.1117e-05	6.7896e-05	1.1738e-07	2.6366e-06	4.6378e-08	5.9957e-08	4.4561e-09	9.6146e-09	6.1129e-10	3.588e-09	6.6698e-10	1.8639e-09	6.0653e-10	1.9981e-09	4.4681e-10	1.0999e-09	1.9911e-10	5.5702e-10	6.53e-11	2.1342e-10	1.1005e-10	3.1715e-10	1.0325e-10	2.7647e-10	6.0831e-11	3.257e-10	6.8674e-11	3.9743e-10	7.6347e-11	1.8793e-10	4.5191e-11	4.671e-10	4.1781e-11	1.2514e-10	2.983e-11	1.1113e-10	1.3169e-11	1.2523e-10	2.1545e-11	9.7639e-11	2.4387e-11	9.7678e-11	3.6977e-11	6.1386e-11	1.2545e-11	6.2142e-11	9.0716e-12	5.6587e-11	5.0997e-12	5.6611e-11	1.9567e-11	8.3985e-11	5.5264e-11	1.0497e-10	1.9582e-11	3.4306e-11	1.0515e-11	9.8165e-11	5.1151e-12	5.7064e-12	3.4549e-12
6.64015	0.12013	0.061338	7.7883e-05	9.1656e-06	0.00011926	0.00090532	0.0016562	0.013731	1.0338e-05	0.0048713	2.4364e-05	0.00017919	2.9835e-05	0.00010999	1.7297e-06	1.1374e-05	7.7256e-07	9.01e-05	2.1848e-06	1.8079e-05	2.6417e-06	1.0338e-05	8.2971e-06	1.4254e-05	1.0889e-05	6.6603e-05	1.1571e-07	2.5871e-06	4.5475e-08	5.8789e-08	4.3694e-09	9.4277e-09	5.994e-10	3.5183e-09	6.5401e-10	1.8277e-09	5.9475e-10	1.9593e-09	4.3813e-10	1.0786e-09	1.9524e-10	5.462e-10	6.4031e-11	2.0928e-10	1.0791e-10	3.1099e-10	1.0124e-10	2.7108e-10	5.9645e-11	3.1933e-10	6.7331e-11	3.8968e-10	7.4854e-11	1.8426e-10	4.4308e-11	4.5798e-10	4.0965e-11	1.2269e-10	2.9247e-11	1.0896e-10	1.2912e-11	1.2278e-10	2.1124e-11	9.5734e-11	2.3911e-11	9.5771e-11	3.6255e-11	6.0188e-11	1.23e-11	6.093e-11	8.8946e-12	5.5483e-11	5.0002e-12	5.5506e-11	1.9185e-11	8.2347e-11	5.4186e-11	1.0292e-10	1.92e-11	3.3637e-11	1.0312e-11	9.6274e-11	5.0157e-12	5.597e-12	3.3887e-12
6.73243	0.11621	0.060847	7.6575e-05	9.0638e-06	0.0001173	0.00088873	0.0016628	0.013759	1.0162e-05	0.0048137	2.3896e-05	0.00017542	2.9239e-05	0.00010768	1.7025e-06	1.1163e-05	7.6289e-07	8.6348e-05	2.1524e-06	1.7713e-05	2.5955e-06	1.0152e-05	8.1359e-06	1.3977e-05	1.0669e-05	6.5336e-05	1.141e-07	2.5393e-06	4.4602e-08	5.766e-08	4.2857e-09	9.2472e-09	5.8792e-10	3.4509e-09	6.4149e-10	1.7926e-09	5.8338e-10	1.9218e-09	4.2974e-10	1.0579e-09	1.915e-10	5.3574e-10	6.2805e-11	2.0527e-10	1.0585e-10	3.0504e-10	9.9307e-11	2.6586e-10	5.8495e-11	3.1318e-10	6.6035e-11	3.8218e-10	7.3413e-11	1.8072e-10	4.3455e-11	4.4918e-10	4.0177e-11	1.2033e-10	2.8684e-11	1.0686e-10	1.2663e-11	1.2042e-10	2.0718e-11	9.3893e-11	2.3451e-11	9.393e-11	3.5558e-11	5.9031e-11	1.2064e-11	5.9759e-11	8.7236e-12	5.4417e-11	4.9041e-12	5.444e-11	1.8816e-11	8.0775e-11	5.3145e-11	1.0095e-10	1.8832e-11	3.2998e-11	1.0117e-11	9.4453e-11	4.9209e-12	5.4913e-12	3.3247e-12
6.82599	0.11247	0.060388	7.5302e-05	8.9659e-06	0.0001154	0.00087275	0.0016693	0.013778	9.9921e-06	0.0047578	2.3445e-05	0.00017178	2.8664e-05	0.00010547	1.6763e-06	1.0959e-05	7.5358e-07	8.264e-05	2.1212e-06	1.7359e-05	2.5497e-06	9.9718e-06	7.9803e-06	1.371e-05	1.0457e-05	6.4101e-05	1.1255e-07	2.4932e-06	4.376e-08	5.6571e-08	4.2049e-09	9.0729e-09	5.7684e-10	3.3854e-09	6.2941e-10	1.7585e-09	5.7234e-10	1.8855e-09	4.2164e-10	1.038e-09	1.8789e-10	5.2565e-10	6.1622e-11	2.0141e-10	1.0386e-10	2.9926e-10	9.7437e-11	2.6081e-10	5.7385e-11	3.0724e-10	6.4783e-11	3.7495e-10	7.2022e-11	1.7729e-10	4.2632e-11	4.4068e-10	3.9416e-11	1.1805e-10	2.814e-11	1.0484e-10	1.2423e-11	1.1814e-10	2.0325e-11	9.2116e-11	2.3007e-11	9.2153e-11	3.4885e-11	5.7914e-11	1.1835e-11	5.8628e-11	8.5585e-12	5.3388e-11	4.8114e-12	5.3416e-11	1.8462e-11	7.9271e-11	5.2156e-11	9.9074e-11	1.848e-11	3.2384e-11	9.9283e-12	9.2696e-11	4.8293e-12	5.3892e-12	3.2629e-12
6.92086	0.1089	0.05996	7.407e-05	8.8718e-06	0.00011357	0.00085737	0.0016757	0.013789	9.8275e-06	0.0046993	2.3009e-05	0.00016827	2.8109e-05	0.00010333	1.651e-06	1.0762e-05	7.4461e-07	7.9051e-05	2.0911e-06	1.7019e-05	2.5056e-06	9.7982e-06	7.8301e-06	1.3452e-05	1.0252e-05	6.2909e-05	1.1105e-07	2.4487e-06	4.2947e-08	5.552e-08	4.1269e-09	8.9047e-09	5.6615e-10	3.3221e-09	6.1774e-10	1.7257e-09	5.6165e-10	1.8503e-09	4.1383e-10	1.0187e-09	1.844e-10	5.1591e-10	6.0479e-11	1.9765e-10	1.0193e-10	2.9367e-10	9.5622e-11	2.5595e-10	5.6314e-11	3.0151e-10	6.3575e-11	3.6797e-10	7.0679e-11	1.7399e-10	4.1838e-11	4.3247e-10	3.8682e-11	1.1585e-10	2.7616e-11	1.0288e-10	1.2191e-11	1.1594e-10	1.9947e-11	9.0401e-11	2.2579e-11	9.0439e-11	3.4236e-11	5.6836e-11	1.1615e-11	5.7548e-11	8.3996e-12	5.241e-11	4.7232e-12	5.2437e-11	1.8124e-11	7.782e-11	5.1201e-11	9.726e-11	1.8142e-11	3.1791e-11	9.7466e-12	9.1e-11	4.7409e-12	5.2908e-12	3.2033e-12
7.01704	0.10551	0.059561	7.2879e-05	8.7812e-06	0.00011181	0.00084256	0.0016818	0.013803	9.6646e-06	0.004641	2.2589e-05	0.00016489	2.7574e-05	0.00010127	1.6266e-06	1.0573e-05	7.3598e-07	7.5582e-05	2.0621e-06	1.669e-05	2.463e-06	9.6306e-06	7.685e-06	1.3203e-05	1.0054e-05	6.1758e-05	1.096e-07	2.4057e-06	4.2162e-08	5.4505e-08	4.0516e-09	8.7423e-09	5.5582e-10	3.2611e-09	6.064e-10	1.694e-09	5.5133e-10	1.8163e-09	4.0624e-10	1.0001e-09	1.8104e-10	5.0643e-10	5.9371e-11	1.9402e-10	1.0006e-10	2.8828e-10	9.3865e-11	2.5125e-10	5.528e-11	2.9598e-10	6.2409e-11	3.6129e-10	6.9383e-11	1.708e-10	4.1071e-11	4.2461e-10	3.7973e-11	1.1373e-10	2.7109e-11	1.01e-10	1.1968e-11	1.1381e-10	1.9581e-11	8.8765e-11	2.2166e-11	8.8809e-11	3.3619e-11	5.581e-11	1.1403e-11	5.6511e-11	8.2483e-12	5.1466e-11	4.6382e-12	5.1493e-11	1.7797e-11	7.6419e-11	5.0279e-11	9.5509e-11	1.7815e-11	3.1219e-11	9.5713e-12	8.9363e-11	4.6556e-12	5.1957e-12	3.1458e-12
7.11456	0.10227	0.059189	7.1731e-05	8.6946e-06	0.0001101	0.0008283	0.0016874	0.013814	9.5076e-06	0.00458	2.2177e-05	0.00016163	2.7058e-05	9.9278e-05	1.6031e-06	1.039e-05	7.276e-07	7.2225e-05	2.0342e-06	1.6374e-05	2.4219e-06	9.4691e-06	7.5451e-06	1.2963e-05	9.8635e-06	6.0648e-05	1.0821e-07	2.3632e-06	4.1406e-08	5.3527e-08	3.979e-09	8.5844e-09	5.4578e-10	3.2023e-09	5.9545e-10	1.6634e-09	5.4138e-10	1.7835e-09	3.989e-10	9.82e-10	1.7778e-10	4.9728e-10	5.8299e-11	1.9051e-10	9.8249e-11	2.8307e-10	9.217e-11	2.4671e-10	5.4283e-11	2.9064e-10	6.1285e-11	3.549e-10	6.8133e-11	1.6774e-10	4.0332e-11	4.1709e-10	3.7296e-11	1.1168e-10	2.6621e-11	9.9179e-11	1.1752e-11	1.1177e-10	1.9228e-11	8.7194e-11	2.1773e-11	8.7237e-11	3.3024e-11	5.4822e-11	1.1201e-11	5.5511e-11	8.1023e-12	5.0556e-11	4.5561e-12	5.0582e-11	1.7482e-11	7.5068e-11	4.939e-11	9.3821e-11	1.75e-11	3.0667e-11	9.4022e-12	8.7784e-11	4.5734e-12	5.1041e-12	3.0903e-12
7.21343	0.099178	0.058842	7.0622e-05	8.61e-06	0.00010846	0.00081455	0.0016918	0.013823	9.3561e-06	0.0045157	2.1776e-05	0.00015849	2.6553e-05	9.7362e-05	1.5805e-06	1.0214e-05	7.1931e-07	6.8986e-05	2.0073e-06	1.6068e-05	2.3822e-06	9.3132e-06	7.4101e-06	1.2731e-05	9.6794e-06	5.9578e-05	1.0687e-07	2.3223e-06	4.0676e-08	5.2583e-08	3.9085e-09	8.432e-09	5.3609e-10	3.1455e-09	5.8488e-10	1.6339e-09	5.3178e-10	1.7519e-09	3.9182e-10	9.6457e-10	1.7462e-10	4.8846e-10	5.7264e-11	1.8713e-10	9.6505e-11	2.7805e-10	9.0534e-11	2.4234e-10	5.3321e-11	2.855e-10	6.02e-11	3.4873e-10	6.6927e-11	1.6482e-10	3.9622e-11	4.0984e-10	3.6648e-11	1.0972e-10	2.615e-11	9.7424e-11	1.1544e-11	1.0982e-10	1.8889e-11	8.5679e-11	2.1395e-11	8.5721e-11	3.245e-11	5.3869e-11	1.1006e-11	5.4547e-11	7.9615e-12	4.9678e-11	4.477e-12	4.9704e-11	1.7179e-11	7.3765e-11	4.8533e-11	9.2192e-11	1.7196e-11	3.0135e-11	9.2391e-12	8.6262e-11	4.494e-12	5.0157e-12	3.0367e-12
7.31368	0.096236	0.058523	6.9553e-05	8.5289e-06	0.00010688	0.00080136	0.0016953	0.01383	9.2102e-06	0.0044495	2.1389e-05	0.00015546	2.6061e-05	9.5516e-05	1.558e-06	1.0044e-05	7.1135e-07	6.5868e-05	1.9811e-06	1.5774e-05	2.344e-06	9.1628e-06	7.2799e-06	1.2508e-05	9.5019e-06	5.8545e-05	1.0558e-07	2.2828e-06	3.9972e-08	5.1673e-08	3.8404e-09	8.2851e-09	5.2675e-10	3.0907e-09	5.7469e-10	1.6055e-09	5.2252e-10	1.7213e-09	3.85e-10	9.4776e-10	1.7158e-10	4.7995e-10	5.6266e-11	1.8387e-10	9.4824e-11	2.7321e-10	8.8957e-11	2.3813e-10	5.2394e-11	2.8053e-10	5.9154e-11	3.4278e-10	6.5765e-11	1.6201e-10	3.8946e-11	4.0285e-10	3.6022e-11	1.0784e-10	2.5695e-11	9.5748e-11	1.1343e-11	1.0794e-10	1.8566e-11	8.4217e-11	2.103e-11	8.4259e-11	3.1897e-11	5.2951e-11	1.0819e-11	5.3617e-11	7.8258e-12	4.8831e-11	4.4007e-12	4.8857e-11	1.6886e-11	7.2509e-11	4.7706e-11	9.0622e-11	1.6903e-11	2.9621e-11	9.0818e-12	8.4793e-11	4.4175e-12	4.93e-12	2.9848e-12
7.41532	0.093432	0.058229	6.8521e-05	8.4511e-06	0.00010535	0.00078868	0.0017005	0.013831	9.0694e-06	0.0043813	2.1016e-05	0.00015254	2.5587e-05	9.3737e-05	1.5363e-06	9.8805e-06	7.0371e-07	6.2852e-05	1.9553e-06	1.5491e-05	2.3072e-06	9.0178e-06	7.1537e-06	1.2292e-05	9.3307e-06	5.755e-05	1.0434e-07	2.2447e-06	3.9293e-08	5.0795e-08	3.7746e-09	8.1433e-09	5.1774e-10	3.0379e-09	5.6486e-10	1.5781e-09	5.1359e-10	1.6919e-09	3.7841e-10	9.3155e-10	1.6864e-10	4.7174e-10	5.5304e-11	1.8073e-10	9.3202e-11	2.6854e-10	8.7437e-11	2.3406e-10	5.1499e-11	2.7575e-10	5.8155e-11	3.3704e-10	6.4662e-11	1.593e-10	3.8293e-11	3.9611e-10	3.5419e-11	1.0604e-10	2.5262e-11	9.4144e-11	1.115e-11	1.0613e-10	1.8255e-11	8.2808e-11	2.0678e-11	8.285e-11	3.1363e-11	5.2065e-11	1.0638e-11	5.272e-11	7.6949e-12	4.8014e-11	4.3271e-12	4.804e-11	1.6604e-11	7.1297e-11	4.6909e-11	8.9108e-11	1.6621e-11	2.9127e-11	8.9302e-12	8.3378e-11	4.3437e-12	4.8472e-12	2.9347e-12
7.51837	0.090761	0.057961	6.7528e-05	8.3771e-06	0.00010389	0.00077645	0.0017058	0.013823	8.934e-06	0.0043136	2.0658e-05	0.00014972	2.5131e-05	9.2025e-05	1.5155e-06	9.7232e-06	6.9641e-07	5.9992e-05	1.9305e-06	1.5218e-05	2.2717e-06	8.8781e-06	7.0315e-06	1.2085e-05	9.1652e-06	5.6591e-05	1.0315e-07	2.208e-06	3.8639e-08	4.9949e-08	3.7113e-09	8.0068e-09	5.0906e-10	2.9871e-09	5.5539e-10	1.5517e-09	5.0499e-10	1.6636e-09	3.7207e-10	9.1594e-10	1.6581e-10	4.6383e-10	5.4377e-11	1.777e-10	9.164e-11	2.6405e-10	8.5972e-11	2.3014e-10	5.0637e-11	2.712e-10	5.72e-11	3.3152e-10	6.3601e-11	1.5668e-10	3.7665e-11	3.8962e-10	3.4838e-11	1.043e-10	2.4847e-11	9.2598e-11	1.0967e-11	1.0439e-10	1.7955e-11	8.1451e-11	2.0339e-11	8.1492e-11	3.0849e-11	5.1211e-11	1.0463e-11	5.1856e-11	7.5688e-12	4.7228e-11	4.2562e-12	4.7253e-11	1.6332e-11	7.0131e-11	4.6141e-11	8.7649e-11	1.6349e-11	2.865e-11	8.7841e-12	8.2014e-11	4.2727e-12	4.7675e-12	2.8864e-12
7.62286	0.088204	0.057718	6.657e-05	8.3062e-06	0.00010247	0.00076463	0.0017122	0.013813	8.8035e-06	0.0042451	2.0312e-05	0.00014695	2.4691e-05	9.0376e-05	1.4955e-06	9.5716e-06	6.8941e-07	5.7244e-05	1.9067e-06	1.4956e-05	2.2375e-06	8.7436e-06	6.9136e-06	1.1885e-05	9.0047e-06	5.5667e-05	1.02e-07	2.1727e-06	3.8003e-08	4.9133e-08	3.6503e-09	7.8752e-09	5.0069e-10	2.938e-09	5.4627e-10	1.5262e-09	4.967e-10	1.6363e-09	3.6596e-10	9.0089e-10	1.6309e-10	4.5621e-10	5.3483e-11	1.7479e-10	9.0135e-11	2.5971e-10	8.456e-11	2.2637e-10	4.9807e-11	2.6683e-10	5.6279e-11	3.2619e-10	6.2577e-11	1.5417e-10	3.7059e-11	3.8336e-10	3.4278e-11	1.0262e-10	2.4447e-11	9.1109e-11	1.079e-11	1.0271e-10	1.7667e-11	8.0143e-11	2.0012e-11	8.0184e-11	3.0354e-11	5.0389e-11	1.0295e-11	5.1024e-11	7.4473e-12	4.647e-11	4.1879e-12	4.6495e-11	1.607e-11	6.9006e-11	4.5401e-11	8.6244e-11	1.6086e-11	2.8191e-11	8.6427e-12	8.0692e-11	4.204e-12	4.6906e-12	2.8399e-12
7.7288	0.085754	0.057492	6.5648e-05	8.2388e-06	0.00010112	0.00075316	0.001717	0.013799	8.678e-06	0.004173	1.9979e-05	0.00014428	2.4267e-05	8.8758e-05	1.4762e-06	9.4233e-06	6.8272e-07	5.4595e-05	1.8839e-06	1.4699e-05	2.2046e-06	8.6127e-06	6.8001e-06	1.1691e-05	8.85e-06	5.4777e-05	1.0089e-07	2.1387e-06	3.739e-08	4.834e-08	3.5915e-09	7.7485e-09	4.9263e-10	2.8908e-09	5.3748e-10	1.5017e-09	4.8871e-10	1.61e-09	3.6007e-10	8.8639e-10	1.6046e-10	4.4887e-10	5.2623e-11	1.7197e-10	8.8685e-11	2.5554e-10	8.32e-11	2.2279e-10	4.902e-11	2.6263e-10	5.5393e-11	3.2107e-10	6.1592e-11	1.5174e-10	3.6476e-11	3.7734e-10	3.374e-11	1.01e-10	2.4062e-11	8.9675e-11	1.062e-11	1.011e-10	1.7389e-11	7.8884e-11	1.9697e-11	7.8924e-11	2.9877e-11	4.9598e-11	1.0133e-11	5.0223e-11	7.3303e-12	4.5741e-11	4.1222e-12	4.5765e-11	1.5817e-11	6.792e-11	4.4688e-11	8.4887e-11	1.5834e-11	2.7746e-11	8.5062e-12	7.9417e-11	4.1376e-12	4.6166e-12	2.7951e-12
7.83621	0.08342	0.057281	6.4762e-05	8.1748e-06	9.9795e-05	0.00074197	0.0017192	0.013778	8.5573e-06	0.0040968	1.9658e-05	0.0001417	2.386e-05	8.7191e-05	1.4577e-06	9.279e-06	6.7634e-07	5.21e-05	1.862e-06	1.4449e-05	2.173e-06	8.4866e-06	6.6907e-06	1.1504e-05	8.701e-06	5.392e-05	9.9829e-08	2.1059e-06	3.68e-08	4.7577e-08	3.5349e-09	7.6265e-09	4.8488e-10	2.8459e-09	5.2902e-10	1.4785e-09	4.8103e-10	1.5846e-09	3.544e-10	8.7244e-10	1.5794e-10	4.4181e-10	5.1795e-11	1.6927e-10	8.7289e-11	2.5152e-10	8.1891e-11	2.1935e-10	4.8264e-11	2.5858e-10	5.454e-11	3.1614e-10	6.0644e-11	1.4941e-10	3.5915e-11	3.7154e-10	3.3221e-11	9.945e-11	2.3691e-11	8.8295e-11	1.0456e-11	9.9544e-11	1.7121e-11	7.7672e-11	1.9395e-11	7.7712e-11	2.9418e-11	4.8836e-11	9.9777e-12	4.9452e-11	7.2177e-12	4.5038e-11	4.0589e-12	4.5061e-11	1.5574e-11	6.687e-11	4.3997e-11	8.3575e-11	1.5589e-11	2.7317e-11	8.3747e-12	7.819e-11	4.0737e-12	4.5454e-12	2.752e-12
7.94511	0.081197	0.057093	6.3927e-05	8.114e-06	9.8525e-05	0.00073119	0.0017211	0.013758	8.4414e-06	0.0040219	1.935e-05	0.00013923	2.3467e-05	8.5683e-05	1.44e-06	9.1402e-06	6.7026e-07	4.9663e-05	1.8411e-06	1.4208e-05	2.1423e-06	8.3653e-06	6.5854e-06	1.1323e-05	8.5575e-06	5.3086e-05	9.881e-08	2.0745e-06	3.6232e-08	4.6843e-08	3.4805e-09	7.509e-09	4.7741e-10	2.803e-09	5.2088e-10	1.4562e-09	4.7374e-10	1.5605e-09	3.4895e-10	8.5901e-10	1.555e-10	4.3501e-10	5.0997e-11	1.6667e-10	8.5946e-11	2.4773e-10	8.0631e-11	2.1604e-10	4.7536e-11	2.5469e-10	5.3719e-11	3.1139e-10	5.9731e-11	1.4716e-10	3.5375e-11	3.6596e-10	3.2722e-11	9.7955e-11	2.3335e-11	8.6967e-11	1.0299e-11	9.8048e-11	1.6864e-11	7.6506e-11	1.9103e-11	7.6545e-11	2.8976e-11	4.8103e-11	9.8278e-12	4.8706e-11	7.1092e-12	4.4357e-11	3.9975e-12	4.4379e-11	1.5339e-11	6.5859e-11	4.3332e-11	8.2311e-11	1.5354e-11	2.6904e-11	8.2483e-12	7.7009e-11	4.0121e-12	4.4769e-12	2.7105e-12
8.05553	0.079081	0.056927	6.3124e-05	8.0565e-06	9.7306e-05	0.00072082	0.0017228	0.013736	8.33e-06	0.0039448	1.9053e-05	0.00013685	2.309e-05	8.4232e-05	1.423e-06	9.0068e-06	6.6447e-07	4.7342e-05	1.821e-06	1.3977e-05	2.1127e-06	8.2487e-06	6.484e-06	1.115e-05	8.4193e-06	5.2285e-05	9.7837e-08	2.0442e-06	3.5686e-08	4.6136e-08	3.4281e-09	7.3961e-09	4.7023e-10	2.7617e-09	5.1307e-10	1.4348e-09	4.6676e-10	1.5375e-09	3.437e-10	8.4609e-10	1.5316e-10	4.285e-10	5.023e-11	1.6421e-10	8.4663e-11	2.4408e-10	7.944e-11	2.1286e-10	4.6837e-11	2.5095e-10	5.293e-11	3.068e-10	5.8854e-11	1.45e-10	3.4856e-11	3.6057e-10	3.2242e-11	9.6517e-11	2.2992e-11	8.569e-11	1.0148e-11	9.6609e-11	1.6616e-11	7.5377e-11	1.8823e-11	7.5414e-11	2.8548e-11	4.7392e-11	9.6834e-12	4.7986e-11	7.0041e-12	4.3702e-11	3.9384e-12	4.3724e-11	1.5112e-11	6.4887e-11	4.2692e-11	8.1097e-11	1.5127e-11	2.6507e-11	8.1266e-12	7.5874e-11	3.9529e-12	4.411e-12	2.6706e-12
8.16748	0.077067	0.056782	6.2353e-05	8.0021e-06	9.6136e-05	0.00071086	0.0017252	0.013709	8.2223e-06	0.003868	1.8767e-05	0.00013456	2.2727e-05	8.2837e-05	1.4067e-06	8.8787e-06	6.5897e-07	4.5158e-05	1.8018e-06	1.3755e-05	2.0843e-06	8.1366e-06	6.3864e-06	1.0983e-05	8.2863e-06	5.1514e-05	9.6907e-08	2.0151e-06	3.516e-08	4.5456e-08	3.3777e-09	7.288e-09	4.6337e-10	2.722e-09	5.0568e-10	1.4141e-09	4.6005e-10	1.5154e-09	3.3874e-10	8.3391e-10	1.5092e-10	4.2233e-10	4.9506e-11	1.6185e-10	8.3445e-11	2.4057e-10	7.8297e-11	2.0981e-10	4.6164e-11	2.4735e-10	5.2171e-11	3.0238e-10	5.801e-11	1.4292e-10	3.4356e-11	3.5537e-10	3.1778e-11	9.5134e-11	2.2662e-11	8.4462e-11	1.0002e-11	9.5226e-11	1.6378e-11	7.429e-11	1.8551e-11	7.4326e-11	2.8136e-11	4.6708e-11	9.5437e-12	4.7294e-11	6.9031e-12	4.3072e-11	3.8817e-12	4.3094e-11	1.4894e-11	6.3953e-11	4.2077e-11	7.9929e-11	1.4909e-11	2.6126e-11	8.0097e-12	7.4782e-11	3.896e-12	4.3476e-12	2.6323e-12
8.28098	0.075266	0.056658	6.1614e-05	7.9516e-06	9.5016e-05	0.00070131	0.0017268	0.013662	8.1184e-06	0.0037874	1.8493e-05	0.00013236	2.2378e-05	8.1496e-05	1.3911e-06	8.7558e-06	6.5377e-07	4.3063e-05	1.7835e-06	1.3541e-05	2.057e-06	8.0289e-06	6.2926e-06	1.0822e-05	8.1584e-06	5.0773e-05	9.6022e-08	1.987e-06	3.4655e-08	4.4803e-08	3.3292e-09	7.1857e-09	4.5686e-10	2.6839e-09	4.9859e-10	1.3943e-09	4.536e-10	1.4942e-09	3.3399e-10	8.2221e-10	1.488e-10	4.164e-10	4.8811e-11	1.5958e-10	8.2274e-11	2.372e-10	7.7199e-11	2.0687e-10	4.5518e-11	2.4389e-10	5.1442e-11	2.9812e-10	5.72e-11	1.4091e-10	3.3875e-11	3.5037e-10	3.1331e-11	9.3802e-11	2.2346e-11	8.3282e-11	9.8622e-12	9.3887e-11	1.6149e-11	7.3246e-11	1.829e-11	7.3281e-11	2.7741e-11	4.6052e-11	9.4095e-12	4.663e-11	6.8061e-12	4.2467e-11	3.8271e-12	4.2489e-11	1.4685e-11	6.3055e-11	4.1486e-11	7.8807e-11	1.47e-11	2.5759e-11	7.8973e-12	7.3733e-11	3.8414e-12	4.2862e-12	2.5947e-12
8.39607	0.07344	0.056554	6.0905e-05	7.9059e-06	9.3943e-05	0.00069211	0.0017268	0.013611	8.0188e-06	0.0037044	1.8227e-05	0.00013024	2.2042e-05	8.0208e-05	1.3762e-06	8.6379e-06	6.4876e-07	4.1077e-05	1.7661e-06	1.3336e-05	2.0308e-06	7.9256e-06	6.2024e-06	1.0668e-05	8.0354e-06	5.0061e-05	9.5179e-08	1.9599e-06	3.417e-08	4.4176e-08	3.2837e-09	7.0874e-09	4.5062e-10	2.6472e-09	4.9178e-10	1.3753e-09	4.4741e-10	1.4738e-09	3.2943e-10	8.1098e-10	1.4676e-10	4.1072e-10	4.8144e-11	1.574e-10	8.115e-11	2.3396e-10	7.6145e-11	2.0405e-10	4.4898e-11	2.4057e-10	5.0742e-11	2.9404e-10	5.6421e-11	1.3898e-10	3.3411e-11	3.4557e-10	3.0901e-11	9.2516e-11	2.2042e-11	8.2143e-11	9.728e-12	9.2599e-11	1.5928e-11	7.2243e-11	1.804e-11	7.2278e-11	2.7361e-11	4.5421e-11	9.2806e-12	4.5992e-11	6.7129e-12	4.1886e-11	3.7748e-12	4.1907e-11	1.4484e-11	6.2193e-11	4.0919e-11	7.7729e-11	1.4499e-11	2.5407e-11	7.7894e-12	7.2726e-11	3.7889e-12	4.2264e-12	2.5585e-12
8.51275	0.071702	0.056469	6.0225e-05	7.8633e-06	9.2916e-05	0.00068327	0.0017261	0.013559	7.9234e-06	0.0036214	1.7971e-05	0.00012821	2.1716e-05	7.8971e-05	1.3619e-06	8.5249e-06	6.4401e-07	3.9184e-05	1.7495e-06	1.3139e-05	2.0057e-06	7.8265e-06	6.1158e-06	1.0519e-05	7.9171e-06	4.9377e-05	9.4378e-08	1.9338e-06	3.3704e-08	4.3573e-08	3.24e-09	6.9931e-09	4.4462e-10	2.6121e-09	4.8524e-10	1.3571e-09	4.4147e-10	1.4542e-09	3.2504e-10	8.0019e-10	1.4481e-10	4.0525e-10	4.7504e-11	1.5531e-10	8.0071e-11	2.3085e-10	7.5133e-11	2.0134e-10	4.4302e-11	2.3738e-10	5.0066e-11	2.9012e-10	5.5668e-11	1.3713e-10	3.2965e-11	3.4097e-10	3.0489e-11	9.1281e-11	2.1748e-11	8.1046e-11	9.5991e-12	9.1364e-11	1.5715e-11	7.128e-11	1.7799e-11	7.1315e-11	2.6996e-11	4.4816e-11	9.1568e-12	4.5379e-11	6.6235e-12	4.1328e-11	3.7245e-12	4.1349e-11	1.4291e-11	6.1366e-11	4.0375e-11	7.6695e-11	1.4306e-11	2.5069e-11	7.6859e-12	7.1759e-11	3.7385e-12	4.1689e-12	2.5237e-12
8.63106	0.070049	0.056402	5.9575e-05	7.8239e-06	9.1935e-05	0.00067475	0.0017247	0.013533	7.8321e-06	0.0035383	1.7726e-05	0.00012626	2.1404e-05	7.7783e-05	1.3482e-06	8.4167e-06	6.3954e-07	3.7369e-05	1.7334e-06	1.295e-05	1.9816e-06	7.7315e-06	6.0339e-06	1.0377e-05	7.8035e-06	4.8721e-05	9.3619e-08	1.9089e-06	3.3257e-08	4.2995e-08	3.198e-09	6.9027e-09	4.3887e-10	2.5784e-09	4.7897e-10	1.3396e-09	4.3577e-10	1.4354e-09	3.2084e-10	7.8985e-10	1.4294e-10	4.0002e-10	4.689e-11	1.533e-10	7.9037e-11	2.2787e-10	7.4162e-11	1.9875e-10	4.3731e-11	2.343e-10	4.9416e-11	2.8636e-10	5.4945e-11	1.3535e-10	3.2537e-11	3.3655e-10	3.0094e-11	9.0097e-11	2.1466e-11	7.9994e-11	9.4744e-12	9.0179e-11	1.5511e-11	7.0357e-11	1.7569e-11	7.0391e-11	2.6647e-11	4.4236e-11	9.0382e-12	4.4792e-11	6.5377e-12	4.0793e-11	3.6763e-12	4.0815e-11	1.4106e-11	6.0572e-11	3.9853e-11	7.5703e-11	1.4121e-11	2.4745e-11	7.5858e-12	7.0821e-11	3.6902e-12	4.1138e-12	2.4904e-12
8.75101	0.068479	0.056354	5.8953e-05	7.7874e-06	9.0997e-05	0.00066656	0.0017241	0.013486	7.7447e-06	0.003453	1.749e-05	0.00012439	2.1104e-05	7.6643e-05	1.335e-06	8.313e-06	6.3534e-07	3.5672e-05	1.7182e-06	1.2769e-05	1.9586e-06	7.6404e-06	5.9557e-06	1.024e-05	7.6958e-06	4.8092e-05	9.2899e-08	1.8849e-06	3.2831e-08	4.244e-08	3.1578e-09	6.816e-09	4.3336e-10	2.5461e-09	4.7295e-10	1.3228e-09	4.3031e-10	1.4174e-09	3.1681e-10	7.7993e-10	1.4114e-10	3.95e-10	4.6301e-11	1.5138e-10	7.8045e-11	2.2502e-10	7.3232e-11	1.9626e-10	4.3183e-11	2.3134e-10	4.8792e-11	2.8276e-10	5.4252e-11	1.3364e-10	3.2127e-11	3.3231e-10	2.9715e-11	8.8961e-11	2.1195e-11	7.8985e-11	9.3548e-12	8.9043e-11	1.5316e-11	6.9471e-11	1.7347e-11	6.9506e-11	2.6312e-11	4.3679e-11	8.9244e-12	4.4228e-11	6.4555e-12	4.028e-11	3.6301e-12	4.0301e-11	1.3929e-11	5.9809e-11	3.9352e-11	7.4751e-11	1.3943e-11	2.4431e-11	7.4882e-12	6.9909e-11	3.6427e-12	4.061e-12	2.4584e-12
8.87262	0.066986	0.056324	5.8359e-05	7.754e-06	9.0104e-05	0.00065872	0.0017225	0.013418	7.6613e-06	0.0033691	1.7265e-05	0.00012258	2.0816e-05	7.5551e-05	1.3226e-06	8.214e-06	6.3141e-07	3.406e-05	1.7037e-06	1.2595e-05	1.9366e-06	7.5539e-06	5.8808e-06	1.0109e-05	7.5933e-06	4.749e-05	9.2239e-08	1.862e-06	3.243e-08	4.1915e-08	3.1193e-09	6.733e-09	4.2809e-10	2.5152e-09	4.672e-10	1.3067e-09	4.2508e-10	1.4002e-09	3.1296e-10	7.7044e-10	1.3942e-10	3.9019e-10	4.5737e-11	1.4954e-10	7.7095e-11	2.2228e-10	7.2341e-11	1.9386e-10	4.2654e-11	2.2851e-10	4.8195e-11	2.7931e-10	5.3588e-11	1.3201e-10	3.1734e-11	3.2826e-10	2.9352e-11	8.7874e-11	2.0935e-11	7.802e-11	9.2403e-12	8.7955e-11	1.5128e-11	6.8624e-11	1.7136e-11	6.8658e-11	2.5991e-11	4.3146e-11	8.8155e-12	4.3689e-11	6.3767e-12	3.9789e-11	3.5858e-12	3.9809e-11	1.3759e-11	5.9061e-11	3.8863e-11	7.3817e-11	1.3771e-11	2.4126e-11	7.3947e-12	6.9036e-11	3.5972e-12	4.0104e-12	2.4277e-12
8.99593	0.065567	0.05631	5.7972e-05	7.7236e-06	8.9262e-05	0.00065119	0.0017195	0.013342	7.5818e-06	0.0032841	1.7049e-05	0.00012084	2.054e-05	7.4501e-05	1.3107e-06	8.1193e-06	6.2775e-07	3.2545e-05	1.69e-06	1.2429e-05	1.9155e-06	7.4728e-06	5.809e-06	9.9857e-06	7.4949e-06	4.6912e-05	9.1627e-08	1.8401e-06	3.2046e-08	4.1418e-08	3.0825e-09	6.6536e-09	4.2303e-10	2.4854e-09	4.6169e-10	1.2912e-09	4.2007e-10	1.3837e-09	3.0927e-10	7.6135e-10	1.3778e-10	3.8559e-10	4.5198e-11	1.4777e-10	7.6186e-11	2.1966e-10	7.1488e-11	1.9155e-10	4.2148e-11	2.258e-10	4.7624e-11	2.7601e-10	5.2953e-11	1.3045e-10	3.1359e-11	3.2438e-10	2.9005e-11	8.6833e-11	2.0687e-11	7.7095e-11	9.1306e-12	8.6914e-11	1.4949e-11	6.7812e-11	1.6933e-11	6.7846e-11	2.5684e-11	4.2636e-11	8.7113e-12	4.3168e-11	6.3014e-12	3.931e-11	3.5426e-12	3.9327e-11	1.3593e-11	5.8345e-11	3.8392e-11	7.2923e-11	1.3604e-11	2.3833e-11	7.3051e-12	6.82e-11	3.5536e-12	3.9619e-12	2.3984e-12
9.12095	0.064221	0.056304	5.7424e-05	7.6962e-06	8.8479e-05	0.00064392	0.0017165	0.013268	7.5059e-06	0.0031993	1.6842e-05	0.00011917	2.0276e-05	7.3486e-05	1.2995e-06	8.0277e-06	6.2435e-07	3.1124e-05	1.6771e-06	1.2268e-05	1.8954e-06	7.3955e-06	5.7402e-06	9.8685e-06	7.4007e-06	4.6365e-05	9.1054e-08	1.8192e-06	3.1678e-08	4.0943e-08	3.0473e-09	6.5776e-09	4.1821e-10	2.4567e-09	4.5642e-10	1.2763e-09	4.1524e-10	1.3678e-09	3.0574e-10	7.5267e-10	1.362e-10	3.8119e-10	4.4682e-11	1.4609e-10	7.5317e-11	2.1713e-10	7.0673e-11	1.8935e-10	4.1663e-11	2.2321e-10	4.7077e-11	2.7282e-10	5.2345e-11	1.2896e-10	3.0999e-11	3.2065e-10	2.8673e-11	8.5838e-11	2.045e-11	7.6211e-11	9.0258e-12	8.5918e-11	1.4778e-11	6.7026e-11	1.6739e-11	6.7054e-11	2.5384e-11	4.214e-11	8.6116e-12	4.2661e-11	6.2275e-12	3.8848e-11	3.501e-12	3.8865e-11	1.3433e-11	5.7661e-11	3.7941e-11	7.2066e-11	1.3444e-11	2.3554e-11	7.2194e-12	6.74e-11	3.5119e-12	3.9155e-12	2.3703e-12
9.2477	0.062943	0.056312	5.6903e-05	7.6718e-06	8.7737e-05	0.00063693	0.001713	0.01319	7.4337e-06	0.0031153	1.6645e-05	0.00011757	2.0023e-05	7.2514e-05	1.2889e-06	7.9403e-06	6.2122e-07	2.9771e-05	1.665e-06	1.2113e-05	1.8767e-06	7.3217e-06	5.6744e-06	9.7564e-06	7.3105e-06	4.585e-05	9.0519e-08	1.7992e-06	3.1327e-08	4.049e-08	3.0136e-09	6.505e-09	4.1359e-10	2.4294e-09	4.5138e-10	1.2621e-09	4.1062e-10	1.3526e-09	3.0237e-10	7.4437e-10	1.347e-10	3.7698e-10	4.419e-11	1.4446e-10	7.4483e-11	2.1472e-10	6.9887e-11	1.8725e-10	4.12e-11	2.2073e-10	4.6555e-11	2.6972e-10	5.1765e-11	1.2753e-10	3.0656e-11	3.17e-10	2.8353e-11	8.4888e-11	2.0223e-11	7.5367e-11	8.9257e-12	8.4967e-11	1.4614e-11	6.6264e-11	1.655e-11	6.6291e-11	2.5095e-11	4.1661e-11	8.5137e-12	4.2176e-11	6.1567e-12	3.8406e-11	3.4612e-12	3.8423e-11	1.328e-11	5.7006e-11	3.751e-11	7.1248e-11	1.3291e-11	2.3286e-11	7.1375e-12	6.6636e-11	3.4721e-12	3.8712e-12	2.3436e-12
9.37622	0.061731	0.056336	5.6408e-05	7.675e-06	8.7036e-05	0.00063025	0.0017092	0.013106	7.3652e-06	0.0030303	1.6456e-05	0.00011604	1.9782e-05	7.1584e-05	1.2789e-06	7.8571e-06	6.1835e-07	2.8497e-05	1.6536e-06	1.1966e-05	1.8591e-06	7.2516e-06	5.6116e-06	9.6494e-06	7.2242e-06	4.5359e-05	9.0023e-08	1.7801e-06	3.0993e-08	4.0057e-08	2.9815e-09	6.4356e-09	4.0917e-10	2.4034e-09	4.4653e-10	1.2486e-09	4.0621e-10	1.3381e-09	2.9912e-10	7.3636e-10	1.3327e-10	3.7292e-10	4.3715e-11	1.4291e-10	7.3683e-11	2.1241e-10	6.9136e-11	1.8524e-10	4.0758e-11	2.1837e-10	4.6057e-11	2.6676e-10	5.1212e-11	1.2613e-10	3.0328e-11	3.1352e-10	2.8041e-11	8.398e-11	2.0007e-11	7.4561e-11	8.8302e-12	8.4044e-11	1.4458e-11	6.5536e-11	1.6368e-11	6.5563e-11	2.4819e-11	4.1203e-11	8.4202e-12	4.1713e-11	6.0891e-12	3.7985e-11	3.4232e-12	3.8002e-11	1.3135e-11	5.6381e-11	3.7099e-11	7.0467e-11	1.3146e-11	2.3031e-11	7.0593e-12	6.5906e-11	3.434e-12	3.8294e-12	2.3185e-12
9.50653	0.060582	0.056374	5.5937e-05	7.6563e-06	8.6374e-05	0.00062385	0.0017051	0.013014	7.302e-06	0.0029441	1.6276e-05	0.00011457	1.9551e-05	7.0695e-05	1.2694e-06	7.778e-06	6.1574e-07	2.7298e-05	1.6429e-06	1.1825e-05	1.8423e-06	7.1849e-06	5.5516e-06	9.5472e-06	7.1417e-06	4.4891e-05	8.9564e-08	1.762e-06	3.0674e-08	3.9644e-08	2.9509e-09	6.3689e-09	4.0493e-10	2.3785e-09	4.419e-10	1.2357e-09	4.0201e-10	1.3242e-09	2.9602e-10	7.2873e-10	1.3189e-10	3.6906e-10	4.3262e-11	1.4143e-10	7.2919e-11	2.1022e-10	6.842e-11	1.8333e-10	4.0337e-11	2.1612e-10	4.5582e-11	2.6393e-10	5.0684e-11	1.2479e-10	3.0006e-11	3.1019e-10	2.7744e-11	8.3088e-11	1.98e-11	7.3785e-11	8.7391e-12	8.3152e-11	1.4305e-11	6.4842e-11	1.6195e-11	6.4869e-11	2.4556e-11	4.0767e-11	8.3309e-12	4.1271e-11	6.0246e-12	3.7583e-11	3.387e-12	3.7599e-11	1.2995e-11	5.5785e-11	3.6706e-11	6.9722e-11	1.3007e-11	2.2788e-11	6.9847e-12	6.521e-11	3.3978e-12	3.7898e-12	2.2945e-12
9.63864	0.059494	0.056426	5.5492e-05	7.6399e-06	8.5751e-05	0.00061771	0.0017002	0.012915	7.2425e-06	0.0028576	1.6106e-05	0.00011317	1.933e-05	6.9846e-05	1.2606e-06	7.7028e-06	6.134e-07	2.6167e-05	1.633e-06	1.1691e-05	1.8264e-06	7.1216e-06	5.5122e-06	9.4499e-06	7.0629e-06	4.4446e-05	8.9142e-08	1.7451e-06	3.037e-08	3.9252e-08	2.9215e-09	6.3053e-09	4.0089e-10	2.3548e-09	4.3749e-10	1.2234e-09	3.98e-10	1.311e-09	2.9307e-10	7.2146e-10	1.3057e-10	3.6538e-10	4.283e-11	1.4002e-10	7.2192e-11	2.0812e-10	6.7738e-11	1.815e-10	3.9936e-11	2.1397e-10	4.5126e-11	2.6124e-10	5.0169e-11	1.2352e-10	2.9699e-11	3.0703e-10	2.7461e-11	8.2239e-11	1.9602e-11	7.3031e-11	8.6524e-12	8.2302e-11	1.4159e-11	6.418e-11	1.6029e-11	6.4207e-11	2.4306e-11	4.0351e-11	8.2459e-12	4.085e-11	5.9631e-12	3.72e-11	3.3525e-12	3.7216e-11	1.2863e-11	5.5217e-11	3.6332e-11	6.9012e-11	1.2874e-11	2.2556e-11	6.9137e-12	6.4546e-11	3.3632e-12	3.7521e-12	2.2717e-12
9.7726	0.058464	0.056493	5.5072e-05	7.6266e-06	8.5166e-05	0.00061179	0.001694	0.01281	7.1865e-06	0.0027705	1.5948e-05	0.00011184	1.9122e-05	6.9036e-05	1.2523e-06	7.6315e-06	6.1148e-07	2.5092e-05	1.6238e-06	1.1563e-05	1.8113e-06	7.0617e-06	5.4576e-06	9.3573e-06	6.9877e-06	4.4022e-05	8.8757e-08	1.7292e-06	3.0082e-08	3.8878e-08	2.8934e-09	6.2449e-09	3.9705e-10	2.3323e-09	4.3331e-10	1.2117e-09	3.942e-10	1.2985e-09	2.9026e-10	7.1456e-10	1.2932e-10	3.6188e-10	4.242e-11	1.3868e-10	7.1501e-11	2.0613e-10	6.709e-11	1.7977e-10	3.9555e-11	2.119e-10	4.4682e-11	2.5867e-10	4.9676e-11	1.223e-10	2.9407e-11	3.0402e-10	2.7191e-11	8.1431e-11	1.9409e-11	7.2313e-11	8.568e-12	8.1494e-11	1.402e-11	6.3551e-11	1.5872e-11	6.3577e-11	2.4068e-11	3.9955e-11	8.165e-12	4.045e-11	5.9047e-12	3.6835e-11	3.3196e-12	3.6852e-11	1.2737e-11	5.4676e-11	3.5977e-11	6.8336e-11	1.2748e-11	2.2335e-11	6.8469e-12	6.3926e-11	3.3305e-12	3.7163e-12	2.25e-12
9.90841	0.05749	0.056575	5.4675e-05	7.6161e-06	8.4618e-05	0.00060607	0.0016873	0.012702	7.1337e-06	0.0026843	1.5797e-05	0.00011056	1.8927e-05	6.8264e-05	1.2448e-06	7.5641e-06	6.0981e-07	2.4074e-05	1.6154e-06	1.1441e-05	1.7971e-06	7.0049e-06	5.4051e-06	9.2692e-06	6.9387e-06	4.362e-05	8.87e-08	1.7142e-06	2.9807e-08	3.8524e-08	2.8668e-09	6.1875e-09	3.934e-10	2.311e-09	4.2933e-10	1.2006e-09	3.9058e-10	1.2866e-09	2.8759e-10	7.0799e-10	1.2813e-10	3.5856e-10	4.203e-11	1.3741e-10	7.0845e-11	2.0424e-10	6.6474e-11	1.7813e-10	3.9193e-11	2.0989e-10	4.426e-11	2.5624e-10	4.9207e-11	1.2115e-10	2.913e-11	3.0115e-10	2.6935e-11	8.0663e-11	1.9225e-11	7.163e-11	8.487e-12	8.0726e-11	1.3888e-11	6.2952e-11	1.5722e-11	6.2979e-11	2.3841e-11	3.9579e-11	8.088e-12	4.0069e-11	5.8491e-12	3.6489e-11	3.2884e-12	3.6505e-11	1.2617e-11	5.4167e-11	3.5639e-11	6.7698e-11	1.2628e-11	2.2128e-11	6.784e-12	6.3339e-11	3.2999e-12	3.6823e-12	2.2294e-12
10.0461	0.056569	0.056669	5.4302e-05	7.6087e-06	8.4108e-05	0.0006007	0.00168	0.012593	7.0842e-06	0.0026	1.5654e-05	0.00010935	1.8742e-05	6.7529e-05	1.238e-06	7.5003e-06	6.0839e-07	2.3105e-05	1.608e-06	1.1326e-05	1.7837e-06	6.9745e-06	5.3551e-06	9.2162e-06	6.8698e-06	4.3239e-05	8.8388e-08	1.7e-06	2.9547e-08	3.8188e-08	2.8416e-09	6.1332e-09	3.8995e-10	2.2907e-09	4.2556e-10	1.1901e-09	3.8716e-10	1.2753e-09	2.8507e-10	7.0178e-10	1.27e-10	3.5541e-10	4.1661e-11	1.362e-10	7.0223e-11	2.0245e-10	6.5891e-11	1.7654e-10	3.8843e-11	2.0799e-10	4.3859e-11	2.5393e-10	4.8762e-11	1.2006e-10	2.8867e-11	2.9844e-10	2.6692e-11	7.9934e-11	1.9052e-11	7.0983e-11	8.4102e-12	7.9997e-11	1.3762e-11	6.2385e-11	1.5581e-11	6.2411e-11	2.3626e-11	3.9222e-11	8.0151e-12	3.9708e-11	5.7964e-12	3.616e-11	3.2588e-12	3.6179e-11	1.2504e-11	5.3691e-11	3.5325e-11	6.7103e-11	1.2517e-11	2.1934e-11	6.7244e-12	6.2783e-11	3.2709e-12	3.65e-12	2.2099e-12
10.1857	0.055701	0.056776	5.3952e-05	7.6041e-06	8.3913e-05	0.00059561	0.0016718	0.012481	7.0378e-06	0.0025175	1.5519e-05	0.00010819	1.8567e-05	6.6829e-05	1.2317e-06	7.4402e-06	6.0722e-07	2.2201e-05	1.6014e-06	1.1216e-05	1.7711e-06	6.9239e-06	5.3076e-06	9.1369e-06	6.804e-06	4.2879e-05	8.8104e-08	1.6865e-06	2.9298e-08	3.7868e-08	2.8177e-09	6.0817e-09	3.8667e-10	2.2713e-09	4.2199e-10	1.1799e-09	3.8392e-10	1.2646e-09	2.8268e-10	6.9589e-10	1.2594e-10	3.5243e-10	4.1312e-11	1.3506e-10	6.9635e-11	2.0076e-10	6.5339e-11	1.7501e-10	3.8506e-11	2.0619e-10	4.348e-11	2.5174e-10	4.834e-11	1.1902e-10	2.8617e-11	2.9586e-10	2.6461e-11	7.9243e-11	1.8887e-11	7.0369e-11	8.3374e-12	7.9306e-11	1.3643e-11	6.1847e-11	1.5446e-11	6.1874e-11	2.3423e-11	3.8884e-11	7.946e-12	3.9371e-11	5.7466e-12	3.5856e-11	3.2314e-12	3.5875e-11	1.2399e-11	5.324e-11	3.5029e-11	6.654e-11	1.2412e-11	2.1749e-11	6.668e-12	6.2256e-11	3.2434e-12	3.6195e-12	2.1915e-12
10.3273	0.05488	0.056894	5.3612e-05	7.6026e-06	8.3472e-05	0.00059084	0.0016635	0.012361	6.9947e-06	0.0024356	1.5391e-05	0.00010712	1.84e-05	6.6165e-05	1.226e-06	7.3838e-06	6.0631e-07	2.1349e-05	1.5955e-06	1.1112e-05	1.7653e-06	6.8758e-06	5.2627e-06	9.0613e-06	6.7415e-06	4.2681e-05	8.7854e-08	1.6739e-06	2.916e-08	3.769e-08	2.8046e-09	6.0534e-09	3.8488e-10	2.2601e-09	4.2003e-10	1.174e-09	3.8207e-10	1.2587e-09	2.8136e-10	6.9266e-10	1.2535e-10	3.508e-10	4.112e-11	1.3444e-10	6.9311e-11	1.9978e-10	6.5036e-11	1.7414e-10	3.8316e-11	2.0518e-10	4.3266e-11	2.5054e-10	4.8102e-11	1.1844e-10	2.8477e-11	2.9445e-10	2.6332e-11	7.8855e-11	1.8794e-11	7.0024e-11	8.2964e-12	7.8917e-11	1.3576e-11	6.1554e-11	1.5371e-11	6.1584e-11	2.3313e-11	3.8701e-11	7.9075e-12	3.9187e-11	5.7198e-12	3.5689e-11	3.2163e-12	3.5707e-11	1.2341e-11	5.2992e-11	3.4865e-11	6.623e-11	1.2354e-11	2.1648e-11	6.637e-12	6.1967e-11	3.2284e-12	3.6028e-12	2.1813e-12
10.4708	0.054096	0.057026	5.329e-05	7.6041e-06	8.3059e-05	0.00058629	0.0016549	0.01223	6.9547e-06	0.0023529	1.5271e-05	0.00010611	1.8243e-05	6.5545e-05	1.2208e-06	7.3316e-06	6.0565e-07	2.0554e-05	1.5902e-06	1.1014e-05	1.7543e-06	6.8308e-06	5.2202e-06	8.9894e-06	6.6822e-06	4.2358e-05	8.7639e-08	1.662e-06	2.8938e-08	3.7403e-08	2.7833e-09	6.0076e-09	3.8196e-10	2.2423e-09	4.1685e-10	1.1648e-09	3.7906e-10	1.2487e-09	2.7924e-10	6.8742e-10	1.244e-10	3.4814e-10	4.0809e-11	1.3339e-10	6.8784e-11	1.9821e-10	6.4531e-11	1.7277e-10	3.8015e-11	2.0357e-10	4.2927e-11	2.4863e-10	4.7726e-11	1.1752e-10	2.8254e-11	2.9221e-10	2.6129e-11	7.8238e-11	1.8647e-11	6.9476e-11	8.2313e-12	7.83e-11	1.347e-11	6.1087e-11	1.5254e-11	6.1117e-11	2.3136e-11	3.8407e-11	7.8474e-12	3.889e-11	5.6763e-12	3.5418e-11	3.1919e-12	3.5436e-11	1.2248e-11	5.259e-11	3.4601e-11	6.5728e-11	1.226e-11	2.1484e-11	6.5868e-12	6.1498e-11	3.2039e-12	3.5751e-12	2.1642e-12
10.6163	0.053359	0.057179	5.2991e-05	7.6084e-06	8.2682e-05	0.00058191	0.0016456	0.012082	6.9412e-06	0.0022715	1.5157e-05	0.00010515	1.8095e-05	6.4968e-05	1.2162e-06	7.2843e-06	6.0523e-07	1.9784e-05	1.5857e-06	1.0925e-05	1.7438e-06	6.7888e-06	5.1801e-06	8.9217e-06	6.6262e-06	4.2052e-05	8.746e-08	1.651e-06	2.8729e-08	3.7133e-08	2.7633e-09	5.9645e-09	3.7921e-10	2.2256e-09	4.1375e-10	1.1561e-09	3.7623e-10	1.2394e-09	2.7717e-10	6.8233e-10	1.2351e-10	3.4554e-10	4.0508e-11	1.3239e-10	6.827e-11	1.9673e-10	6.4048e-11	1.7148e-10	3.7731e-11	2.0205e-10	4.2608e-11	2.4684e-10	4.7371e-11	1.1667e-10	2.8047e-11	2.901e-10	2.5941e-11	7.7662e-11	1.8508e-11	6.8959e-11	8.1701e-12	7.7733e-11	1.337e-11	6.0647e-11	1.5144e-11	6.0677e-11	2.2969e-11	3.8131e-11	7.7908e-12	3.861e-11	5.6355e-12	3.5163e-11	3.169e-12	3.5182e-11	1.216e-11	5.2213e-11	3.4353e-11	6.5256e-11	1.2172e-11	2.133e-11	6.5396e-12	6.1058e-11	3.181e-12	3.5483e-12	2.148e-12
10.7639	0.052666	0.057343	5.2715e-05	7.6159e-06	8.234e-05	0.00057775	0.0016343	0.011938	6.9072e-06	0.0021908	1.5051e-05	0.00010424	1.7955e-05	6.4423e-05	1.212e-06	7.2403e-06	6.0506e-07	1.9054e-05	1.5818e-06	1.084e-05	1.7342e-06	6.7497e-06	5.1424e-06	8.8582e-06	6.5732e-06	4.1764e-05	8.7316e-08	1.6462e-06	2.8534e-08	3.688e-08	2.7446e-09	5.9222e-09	3.7652e-10	2.2098e-09	4.1082e-10	1.148e-09	3.7357e-10	1.2307e-09	2.7521e-10	6.775e-10	1.2264e-10	3.4309e-10	4.0221e-11	1.3145e-10	6.7786e-11	1.9534e-10	6.3595e-11	1.7028e-10	3.7465e-11	2.0063e-10	4.2308e-11	2.4517e-10	4.7038e-11	1.1588e-10	2.7855e-11	2.8813e-10	2.5764e-11	7.7133e-11	1.8378e-11	6.8484e-11	8.1126e-12	7.7204e-11	1.3279e-11	6.0235e-11	1.5041e-11	6.0265e-11	2.2813e-11	3.7872e-11	7.7379e-12	3.8348e-11	5.5972e-12	3.4925e-11	3.1475e-12	3.4943e-11	1.2077e-11	5.186e-11	3.412e-11	6.4814e-11	1.209e-11	2.1186e-11	6.4954e-12	6.0645e-11	3.1594e-12	3.5231e-12	2.1328e-12
10.9134	0.052017	0.057516	5.2459e-05	7.6237e-06	8.2031e-05	0.0005738	0.0016219	0.011791	6.8754e-06	0.0021113	1.5003e-05	0.00010339	1.7824e-05	6.391e-05	1.2084e-06	7.1996e-06	6.0722e-07	1.8358e-05	1.5785e-06	1.0761e-05	1.7252e-06	6.7135e-06	5.1069e-06	8.7985e-06	6.5232e-06	4.1496e-05	8.7206e-08	1.6366e-06	2.8351e-08	3.6643e-08	2.7264e-09	5.8826e-09	3.74e-10	2.1951e-09	4.0807e-10	1.1403e-09	3.7108e-10	1.2224e-09	2.7337e-10	6.7297e-10	1.2182e-10	3.408e-10	3.9952e-11	1.3057e-10	6.7333e-11	1.9403e-10	6.3171e-11	1.6914e-10	3.7216e-11	1.993e-10	4.2032e-11	2.436e-10	4.6736e-11	1.1513e-10	2.7677e-11	2.8629e-10	2.5599e-11	7.6638e-11	1.8258e-11	6.8044e-11	8.0587e-12	7.6709e-11	1.3194e-11	5.9849e-11	1.4945e-11	5.9879e-11	2.2668e-11	3.7629e-11	7.6883e-12	3.8103e-11	5.5614e-12	3.4702e-11	3.1274e-12	3.472e-11	1.2e-11	5.1529e-11	3.3902e-11	6.4401e-11	1.2012e-11	2.1051e-11	6.4533e-12	6.0248e-11	3.1393e-12	3.4996e-12	2.1185e-12
11.0651	0.05141	0.057699	5.2226e-05	7.6347e-06	8.1758e-05	0.00057012	0.0016094	0.011641	6.8465e-06	0.0020329	1.491e-05	0.00010258	1.7762e-05	6.3429e-05	1.2094e-06	7.1623e-06	6.0756e-07	1.7696e-05	1.576e-06	1.0687e-05	1.7171e-06	6.6803e-06	5.0738e-06	8.7429e-06	6.4763e-06	4.1246e-05	8.7133e-08	1.6276e-06	2.8181e-08	3.6423e-08	2.7093e-09	5.8457e-09	3.7166e-10	2.1814e-09	4.0551e-10	1.1332e-09	3.6876e-10	1.2148e-09	2.7166e-10	6.6875e-10	1.2106e-10	3.3866e-10	3.9702e-11	1.2976e-10	6.6911e-11	1.9282e-10	6.2775e-11	1.6809e-10	3.6984e-11	1.9809e-10	4.178e-11	2.4214e-10	4.6455e-11	1.1444e-10	2.7511e-11	2.8458e-10	2.5446e-11	7.6178e-11	1.8149e-11	6.7635e-11	8.0102e-12	7.6249e-11	1.3115e-11	5.9492e-11	1.4855e-11	5.9522e-11	2.2532e-11	3.7405e-11	7.6424e-12	3.7876e-11	5.5282e-12	3.4495e-11	3.1087e-12	3.4513e-11	1.1929e-11	5.1219e-11	3.37e-11	6.4016e-11	1.1941e-11	2.0922e-11	6.4127e-12	5.9868e-11	3.1195e-12	3.4776e-12	2.1052e-12
11.2189	0.050843	0.057889	5.2013e-05	7.6486e-06	8.1518e-05	0.00056662	0.0015992	0.011491	6.8205e-06	0.0019566	1.4822e-05	0.00010183	1.7646e-05	6.2977e-05	1.2068e-06	7.1282e-06	6.0807e-07	1.7061e-05	1.5795e-06	1.0618e-05	1.7096e-06	6.6499e-06	5.0419e-06	8.6911e-06	6.4322e-06	4.1014e-05	8.7094e-08	1.6192e-06	2.8023e-08	3.6219e-08	2.6933e-09	5.8113e-09	3.6947e-10	2.1686e-09	4.0313e-10	1.1266e-09	3.666e-10	1.2077e-09	2.7006e-10	6.6482e-10	1.2034e-10	3.3668e-10	3.9469e-11	1.29e-10	6.6519e-11	1.9169e-10	6.2407e-11	1.671e-10	3.6767e-11	1.9698e-10	4.1545e-11	2.4079e-10	4.6194e-11	1.138e-10	2.7357e-11	2.8299e-10	2.5304e-11	7.5751e-11	1.8047e-11	6.7256e-11	7.9652e-12	7.5822e-11	1.3041e-11	5.916e-11	1.4772e-11	5.9189e-11	2.2406e-11	3.7196e-11	7.5997e-12	3.7664e-11	5.4974e-12	3.4303e-11	3.0914e-12	3.432e-11	1.1862e-11	5.0917e-11	3.3504e-11	6.3638e-11	1.1872e-11	2.0799e-11	6.3748e-12	5.9515e-11	3.1011e-12	3.4572e-12	2.0928e-12
11.3748	0.050315	0.058071	5.1822e-05	7.6656e-06	8.1312e-05	0.00056324	0.0015877	0.01133	6.7974e-06	0.001881	1.4741e-05	0.00010112	1.7537e-05	6.2556e-05	1.2046e-06	7.0973e-06	6.0884e-07	1.6462e-05	1.5783e-06	1.0554e-05	1.7029e-06	6.6223e-06	5.0116e-06	8.6432e-06	6.3902e-06	4.08e-05	8.709e-08	1.6116e-06	2.7878e-08	3.6031e-08	2.6786e-09	5.7795e-09	3.6745e-10	2.1568e-09	4.0093e-10	1.1204e-09	3.646e-10	1.2011e-09	2.6859e-10	6.6119e-10	1.1969e-10	3.3484e-10	3.9253e-11	1.2829e-10	6.6155e-11	1.9065e-10	6.2066e-11	1.6622e-10	3.6574e-11	1.9595e-10	4.1329e-11	2.3954e-10	4.5954e-11	1.1321e-10	2.7214e-11	2.8152e-10	2.5172e-11	7.5358e-11	1.7953e-11	6.6906e-11	7.9236e-12	7.5429e-11	1.2974e-11	5.8854e-11	1.4696e-11	5.8883e-11	2.2291e-11	3.7004e-11	7.5603e-12	3.7465e-11	5.4689e-12	3.4116e-11	3.0746e-12	3.4131e-11	1.1797e-11	5.0636e-11	3.3319e-11	6.3287e-11	1.1806e-11	2.0684e-11	6.3398e-12	5.9188e-11	3.0841e-12	3.4382e-12	2.0814e-12
11.5329	0.049825	0.058261	5.1652e-05	7.6855e-06	8.1139e-05	0.00056003	0.0015732	0.011164	6.7772e-06	0.0018081	1.4666e-05	0.00010082	1.7436e-05	6.2164e-05	1.2029e-06	7.0695e-06	6.0986e-07	1.5885e-05	1.5775e-06	1.0495e-05	1.6969e-06	6.5975e-06	4.9833e-06	8.5989e-06	6.3498e-06	4.0604e-05	8.7109e-08	1.6046e-06	2.7735e-08	3.5856e-08	2.665e-09	5.7502e-09	3.6559e-10	2.1462e-09	3.989e-10	1.115e-09	3.6276e-10	1.195e-09	2.6723e-10	6.5784e-10	1.1908e-10	3.3314e-10	3.9054e-11	1.2764e-10	6.582e-11	1.8969e-10	6.1752e-11	1.6542e-10	3.6398e-11	1.9501e-10	4.113e-11	2.3837e-10	4.5733e-11	1.1267e-10	2.7084e-11	2.8016e-10	2.5052e-11	7.4997e-11	1.7866e-11	6.6585e-11	7.8855e-12	7.5068e-11	1.2911e-11	5.8562e-11	1.4626e-11	5.8586e-11	2.2178e-11	3.6818e-11	7.5242e-12	3.7273e-11	5.4411e-12	3.3942e-11	3.0589e-12	3.3956e-11	1.1736e-11	5.0378e-11	3.3149e-11	6.2964e-11	1.1746e-11	2.0579e-11	6.3075e-12	5.8887e-11	3.0683e-12	3.4208e-12	2.0709e-12
11.6932	0.049372	0.058457	5.1512e-05	7.7085e-06	8.0997e-05	0.00055699	0.0015577	0.010993	6.7598e-06	0.0017377	1.4598e-05	0.00010021	1.7342e-05	6.1802e-05	1.2017e-06	7.0448e-06	6.1114e-07	1.5335e-05	1.5774e-06	1.044e-05	1.6916e-06	6.5732e-06	4.9573e-06	8.5574e-06	6.3122e-06	4.0425e-05	8.7147e-08	1.5983e-06	2.7605e-08	3.5687e-08	2.6525e-09	5.7234e-09	3.6388e-10	2.1367e-09	3.9704e-10	1.1101e-09	3.6114e-10	1.1896e-09	2.6598e-10	6.5478e-10	1.1852e-10	3.3159e-10	3.8872e-11	1.2705e-10	6.5514e-11	1.8884e-10	6.1465e-11	1.6469e-10	3.6237e-11	1.9415e-10	4.0949e-11	2.3725e-10	4.5532e-11	1.1218e-10	2.6965e-11	2.7883e-10	2.494e-11	7.4668e-11	1.7788e-11	6.6292e-11	7.8507e-12	7.4739e-11	1.2855e-11	5.8286e-11	1.4558e-11	5.831e-11	2.2074e-11	3.6645e-11	7.4887e-12	3.7097e-11	5.4154e-12	3.3782e-11	3.0445e-12	3.3796e-11	1.1681e-11	5.0141e-11	3.2993e-11	6.2668e-11	1.1691e-11	2.0482e-11	6.2779e-12	5.861e-11	3.0539e-12	3.4053e-12	2.0617e-12
11.8557	0.048954	0.058733	5.1392e-05	7.7346e-06	8.0864e-05	0.00055583	0.0015424	0.010822	6.7451e-06	0.0016682	1.4536e-05	9.9626e-05	1.7256e-05	6.1686e-05	1.2009e-06	7.0483e-06	6.1266e-07	1.481e-05	1.5779e-06	1.0428e-05	1.687e-06	6.5517e-06	4.9332e-06	8.5177e-06	6.2772e-06	4.0262e-05	8.7219e-08	1.5927e-06	2.7486e-08	3.5533e-08	2.6412e-09	5.699e-09	3.6233e-10	2.1281e-09	3.9536e-10	1.1056e-09	3.5968e-10	1.1848e-09	2.6485e-10	6.5199e-10	1.1802e-10	3.3019e-10	3.8706e-11	1.2654e-10	6.524e-11	1.8808e-10	6.1215e-11	1.6403e-10	3.6091e-11	1.9337e-10	4.0785e-11	2.3622e-10	4.535e-11	1.1169e-10	2.6857e-11	2.7763e-10	2.4832e-11	7.4369e-11	1.7717e-11	6.6028e-11	7.8193e-12	7.4425e-11	1.2804e-11	5.8034e-11	1.4495e-11	5.8058e-11	2.1978e-11	3.6487e-11	7.4564e-12	3.6938e-11	5.3921e-12	3.3636e-11	3.0313e-12	3.3651e-11	1.1631e-11	4.9926e-11	3.2851e-11	6.2399e-11	1.1641e-11	2.0394e-11	6.251e-12	5.8359e-11	3.0408e-12	3.3916e-12	2.0534e-12
12.0204	0.04857	0.058941	5.1292e-05	7.7638e-06	8.0763e-05	0.00055316	0.0015266	0.01065	6.7333e-06	0.0015996	1.4481e-05	9.9092e-05	1.7178e-05	6.1374e-05	1.2007e-06	7.0293e-06	6.1444e-07	1.4304e-05	1.5791e-06	1.0382e-05	1.6828e-06	6.5328e-06	4.9113e-06	8.4816e-06	6.245e-06	4.0104e-05	8.7326e-08	1.5878e-06	2.7379e-08	3.5394e-08	2.631e-09	5.6773e-09	3.6096e-10	2.1204e-09	3.9392e-10	1.1016e-09	3.5837e-10	1.1805e-09	2.6388e-10	6.4961e-10	1.1756e-10	3.2899e-10	3.8564e-11	1.2608e-10	6.5002e-11	1.874e-10	6.0992e-11	1.6343e-10	3.596e-11	1.9267e-10	4.0639e-11	2.353e-10	4.5187e-11	1.1125e-10	2.6751e-11	2.7654e-10	2.4734e-11	7.4076e-11	1.7653e-11	6.5783e-11	7.7912e-12	7.4132e-11	1.2754e-11	5.7807e-11	1.4438e-11	5.7831e-11	2.1892e-11	3.6344e-11	7.4271e-12	3.6793e-11	5.371e-12	3.3505e-11	3.0195e-12	3.352e-11	1.1585e-11	4.9731e-11	3.2723e-11	6.2156e-11	1.1595e-11	2.0315e-11	6.2267e-12	5.8132e-11	3.029e-12	3.3792e-12	2.0459e-12
12.1875	0.04822	0.059149	5.1212e-05	7.7966e-06	8.0694e-05	0.00055057	0.0015101	0.010475	6.7242e-06	0.0015335	1.4431e-05	9.8601e-05	1.7107e-05	6.1087e-05	1.2009e-06	7.0129e-06	6.1648e-07	1.3809e-05	1.581e-06	1.034e-05	1.679e-06	6.5166e-06	4.8913e-06	8.449e-06	6.2153e-06	3.9963e-05	8.7468e-08	1.5836e-06	2.7283e-08	3.527e-08	2.6218e-09	5.6588e-09	3.5979e-10	2.1135e-09	3.9264e-10	1.098e-09	3.5721e-10	1.1767e-09	2.6302e-10	6.475e-10	1.1718e-10	3.2792e-10	3.8439e-11	1.2567e-10	6.4791e-11	1.8679e-10	6.0794e-11	1.6291e-10	3.5845e-11	1.9206e-10	4.0504e-11	2.3447e-10	4.503e-11	1.1086e-10	2.6657e-11	2.7557e-10	2.4647e-11	7.3814e-11	1.7594e-11	6.555e-11	7.7663e-12	7.3871e-11	1.2709e-11	5.7604e-11	1.4387e-11	5.7628e-11	2.1815e-11	3.6216e-11	7.401e-12	3.6664e-11	5.3521e-12	3.3387e-11	3.0089e-12	3.3402e-11	1.1545e-11	4.9557e-11	3.2609e-11	6.1939e-11	1.1555e-11	2.0244e-11	6.2058e-12	5.794e-11	3.0186e-12	3.3683e-12	2.0393e-12
12.3569	0.047902	0.059363	5.1152e-05	7.8336e-06	8.0657e-05	0.00054816	0.0014926	0.010284	6.7165e-06	0.0014693	1.4388e-05	9.8154e-05	1.7044e-05	6.0826e-05	1.2017e-06	6.9995e-06	6.1878e-07	1.334e-05	1.5835e-06	1.0303e-05	1.6759e-06	6.503e-06	4.8734e-06	8.4198e-06	6.1883e-06	3.9838e-05	8.7645e-08	1.58e-06	2.7199e-08	3.5161e-08	2.6143e-09	5.6426e-09	3.5876e-10	2.1075e-09	3.9152e-10	1.0949e-09	3.562e-10	1.1733e-09	2.6227e-10	6.4565e-10	1.1685e-10	3.2699e-10	3.8329e-11	1.2531e-10	6.4607e-11	1.8626e-10	6.0621e-11	1.6245e-10	3.5744e-11	1.9148e-10	4.0376e-11	2.3374e-10	4.4889e-11	1.1051e-10	2.6573e-11	2.7471e-10	2.457e-11	7.3583e-11	1.7539e-11	6.5344e-11	7.7425e-12	7.364e-11	1.2669e-11	5.7425e-11	1.4342e-11	5.7448e-11	2.1747e-11	3.6103e-11	7.3779e-12	3.655e-11	5.3354e-12	3.3284e-11	2.9996e-12	3.3299e-11	1.1509e-11	4.9408e-11	3.2508e-11	6.1751e-11	1.1519e-11	2.0184e-11	6.188e-12	5.7774e-11	3.01e-12	3.3588e-12	2.0336e-12
12.5286	0.047616	0.059582	5.1111e-05	7.874e-06	8.0653e-05	0.00054593	0.0014744	0.010096	6.7107e-06	0.0014072	1.4349e-05	9.7751e-05	1.6988e-05	6.0592e-05	1.2029e-06	6.9891e-06	6.2134e-07	1.2895e-05	1.5866e-06	1.027e-05	1.6735e-06	6.492e-06	4.8574e-06	8.3942e-06	6.1638e-06	3.973e-05	8.7857e-08	1.5768e-06	2.7125e-08	3.5065e-08	2.6079e-09	5.6288e-09	3.5788e-10	2.1024e-09	3.9057e-10	1.0923e-09	3.5533e-10	1.1705e-09	2.6163e-10	6.4407e-10	1.1656e-10	3.2619e-10	3.8236e-11	1.2501e-10	6.4449e-11	1.8581e-10	6.0474e-11	1.6206e-10	3.5658e-11	1.9095e-10	4.0266e-11	2.3311e-10	4.4766e-11	1.1021e-10	2.6501e-11	2.7397e-10	2.4503e-11	7.3382e-11	1.7491e-11	6.5165e-11	7.7212e-12	7.3439e-11	1.2634e-11	5.7269e-11	1.4303e-11	5.7293e-11	2.1689e-11	3.6005e-11	7.3579e-12	3.6451e-11	5.321e-12	3.3194e-11	2.9915e-12	3.3211e-11	1.1478e-11	4.9286e-11	3.2427e-11	6.1598e-11	1.149e-11	2.0134e-11	6.1728e-12	5.7632e-11	3.0026e-12	3.3506e-12	2.0286e-12
12.7027	0.047361	0.059805	5.109e-05	7.9174e-06	8.068e-05	0.00054387	0.0014554	0.0099043	6.7076e-06	0.0013466	1.4313e-05	9.7388e-05	1.6937e-05	6.0384e-05	1.2046e-06	6.9815e-06	6.2398e-07	1.2455e-05	1.5904e-06	1.0242e-05	1.6718e-06	6.4835e-06	4.8441e-06	8.3718e-06	6.1418e-06	3.9637e-05	8.8103e-08	1.5739e-06	2.7063e-08	3.4984e-08	2.6025e-09	5.6172e-09	3.5714e-10	2.0982e-09	3.8976e-10	1.0901e-09	3.5461e-10	1.1681e-09	2.6109e-10	6.4275e-10	1.1632e-10	3.2552e-10	3.8157e-11	1.2475e-10	6.4317e-11	1.8543e-10	6.035e-11	1.6169e-10	3.5577e-11	1.905e-10	4.0171e-11	2.3256e-10	4.4661e-11	1.0996e-10	2.6439e-11	2.7333e-10	2.4446e-11	7.321e-11	1.7449e-11	6.5012e-11	7.703e-12	7.3267e-11	1.2605e-11	5.7136e-11	1.427e-11	5.716e-11	2.1638e-11	3.5922e-11	7.3407e-12	3.6372e-11	5.3088e-12	3.3124e-11	2.9852e-12	3.3142e-11	1.1454e-11	4.9184e-11	3.236e-11	6.147e-11	1.1466e-11	2.0092e-11	6.16e-12	5.7513e-11	2.9963e-12	3.3437e-12	2.0245e-12
12.8792	0.047136	0.060035	5.1088e-05	7.9643e-06	8.0739e-05	0.00054197	0.0014361	0.0097111	6.7072e-06	0.0012883	1.4283e-05	9.7068e-05	1.689e-05	6.0203e-05	1.2067e-06	6.9769e-06	6.2687e-07	1.203e-05	1.5949e-06	1.0217e-05	1.6707e-06	6.4777e-06	4.833e-06	8.3529e-06	6.1231e-06	3.9561e-05	8.8386e-08	1.5718e-06	2.7013e-08	3.4918e-08	2.5981e-09	5.6079e-09	3.5655e-10	2.0945e-09	3.8912e-10	1.088e-09	3.5403e-10	1.1662e-09	2.6066e-10	6.4169e-10	1.1613e-10	3.2498e-10	3.8094e-11	1.2454e-10	6.4211e-11	1.8513e-10	6.0251e-11	1.6138e-10	3.5507e-11	1.9013e-10	4.0092e-11	2.3214e-10	4.4574e-11	1.0974e-10	2.6387e-11	2.7283e-10	2.4399e-11	7.3069e-11	1.7415e-11	6.4886e-11	7.6879e-12	7.3126e-11	1.258e-11	5.7035e-11	1.4242e-11	5.7063e-11	2.1602e-11	3.586e-11	7.327e-12	3.631e-11	5.2998e-12	3.3069e-11	2.9802e-12	3.3086e-11	1.1435e-11	4.9101e-11	3.2306e-11	6.1367e-11	1.1447e-11	2.0059e-11	6.1498e-12	5.7417e-11	2.9913e-12	3.3382e-12	2.0211e-12
13.0582	0.04694	0.060269	5.109e-05	8.0144e-06	8.083e-05	0.00054023	0.0014167	0.0095154	6.7094e-06	0.0012324	1.4258e-05	9.6789e-05	1.6849e-05	6.0046e-05	1.209e-06	6.9752e-06	6.3001e-07	1.1617e-05	1.5996e-06	1.0198e-05	1.6703e-06	6.4746e-06	4.8238e-06	8.3372e-06	6.1072e-06	3.95e-05	8.8715e-08	1.5702e-06	2.6977e-08	3.4868e-08	2.5948e-09	5.6008e-09	3.561e-10	2.0911e-09	3.8863e-10	1.0863e-09	3.5351e-10	1.1646e-09	2.6033e-10	6.4088e-10	1.1598e-10	3.2457e-10	3.8046e-11	1.2439e-10	6.413e-11	1.8485e-10	6.0175e-11	1.6112e-10	3.5451e-11	1.8983e-10	4.003e-11	2.3184e-10	4.4504e-11	1.0958e-10	2.6346e-11	2.7247e-10	2.4364e-11	7.2955e-11	1.7388e-11	6.4785e-11	7.6759e-12	7.3012e-11	1.2561e-11	5.6961e-11	1.4224e-11	5.6989e-11	2.1573e-11	3.5813e-11	7.3174e-12	3.6263e-11	5.2929e-12	3.3026e-11	2.9763e-12	3.3043e-11	1.142e-11	4.9038e-11	3.2264e-11	6.1288e-11	1.1432e-11	2.0033e-11	6.1419e-12	5.7344e-11	2.9875e-12	3.3338e-12	2.0184e-12
13.2397	0.046772	0.060507	5.1108e-05	8.0679e-06	8.0957e-05	0.00053858	0.001397	0.0093095	6.7142e-06	0.0011783	1.4239e-05	9.655e-05	1.6815e-05	5.9915e-05	1.2118e-06	6.9764e-06	6.3343e-07	1.1223e-05	1.6049e-06	1.0182e-05	1.6705e-06	6.4751e-06	4.8164e-06	8.3258e-06	6.0937e-06	3.9454e-05	8.9086e-08	1.5693e-06	2.6952e-08	3.4836e-08	2.5925e-09	5.5959e-09	3.5579e-10	2.0886e-09	3.8829e-10	1.085e-09	3.5308e-10	1.1632e-09	2.601e-10	6.4032e-10	1.1588e-10	3.2429e-10	3.8013e-11	1.2425e-10	6.4071e-11	1.8462e-10	6.0109e-11	1.6093e-10	3.5408e-11	1.8961e-10	3.9983e-11	2.3163e-10	4.4452e-11	1.0948e-10	2.6318e-11	2.7222e-10	2.4342e-11	7.2875e-11	1.7368e-11	6.471e-11	7.6668e-12	7.2942e-11	1.2546e-11	5.6909e-11	1.4211e-11	5.6937e-11	2.1554e-11	3.578e-11	7.3106e-12	3.623e-11	5.2881e-12	3.2996e-11	2.9736e-12	3.3013e-11	1.141e-11	4.8995e-11	3.2235e-11	6.1234e-11	1.1422e-11	2.0015e-11	6.1365e-12	5.7294e-11	2.9849e-12	3.3307e-12	2.0165e-12
13.4237	0.046633	0.060748	5.1145e-05	8.1247e-06	8.1128e-05	0.00053709	0.0013767	0.0091012	6.7217e-06	0.0011268	1.4226e-05	9.633e-05	1.6788e-05	5.9809e-05	1.2151e-06	6.9804e-06	6.3711e-07	1.0841e-05	1.6108e-06	1.0171e-05	1.6714e-06	6.478e-06	4.8108e-06	8.3183e-06	6.0827e-06	3.9428e-05	8.9493e-08	1.569e-06	2.6938e-08	3.4817e-08	2.5912e-09	5.5931e-09	3.556e-10	2.0869e-09	3.8798e-10	1.0841e-09	3.528e-10	1.1622e-09	2.5991e-10	6.3984e-10	1.1582e-10	3.2402e-10	3.7986e-11	1.2414e-10	6.4018e-11	1.8447e-10	6.0059e-11	1.608e-10	3.538e-11	1.8946e-10	3.9951e-11	2.3151e-10	4.4418e-11	1.0942e-10	2.6304e-11	2.7208e-10	2.4329e-11	7.2836e-11	1.7354e-11	6.4668e-11	7.6608e-12	7.2903e-11	1.2539e-11	5.6879e-11	1.4203e-11	5.6907e-11	2.1542e-11	3.5762e-11	7.3068e-12	3.6211e-11	5.2854e-12	3.2979e-11	2.9721e-12	3.2996e-11	1.1404e-11	4.897e-11	3.2219e-11	6.1203e-11	1.1416e-11	2.0005e-11	6.1334e-12	5.7264e-11	2.9834e-12	3.3289e-12	2.0155e-12
13.6103	0.046511	0.060991	5.12e-05	8.1849e-06	8.1329e-05	0.00053575	0.0013551	0.0088968	6.7319e-06	0.0010773	1.4218e-05	9.6138e-05	1.6767e-05	5.9722e-05	1.2189e-06	6.987e-06	6.4106e-07	1.0472e-05	1.6174e-06	1.0163e-05	1.6732e-06	6.4834e-06	4.8071e-06	8.314e-06	6.0739e-06	3.9421e-05	8.9935e-08	1.5693e-06	2.6934e-08	3.4812e-08	2.5909e-09	5.5905e-09	3.5544e-10	2.086e-09	3.8781e-10	1.0836e-09	3.5264e-10	1.1617e-09	2.598e-10	6.3955e-10	1.1577e-10	3.2388e-10	3.7968e-11	1.2409e-10	6.3989e-11	1.8439e-10	6.0033e-11	1.6073e-10	3.5365e-11	1.8938e-10	3.9941e-11	2.3147e-10	4.441e-11	1.094e-10	2.6299e-11	2.7204e-10	2.4325e-11	7.2824e-11	1.735e-11	6.4657e-11	7.6577e-12	7.2891e-11	1.2537e-11	5.6871e-11	1.4201e-11	5.6899e-11	2.1539e-11	3.5757e-11	7.3057e-12	3.6207e-11	5.2846e-12	3.2975e-11	2.9717e-12	3.2992e-11	1.1403e-11	4.8964e-11	3.2215e-11	6.1196e-11	1.1415e-11	2.0003e-11	6.1323e-12	5.7254e-11	2.9829e-12	3.3284e-12	2.0152e-12
13.7994	0.046415	0.061254	5.1275e-05	8.2458e-06	8.1562e-05	0.00053439	0.0013318	0.0086857	6.7446e-06	0.0010297	1.4216e-05	9.5986e-05	1.6753e-05	5.9645e-05	1.2232e-06	6.9944e-06	6.4529e-07	1.0117e-05	1.6247e-06	1.0156e-05	1.6757e-06	6.4913e-06	4.8052e-06	8.3129e-06	6.0674e-06	3.943e-05	9.0415e-08	1.5703e-06	2.6941e-08	3.482e-08	2.5909e-09	5.5901e-09	3.5541e-10	2.0859e-09	3.8778e-10	1.0836e-09	3.5263e-10	1.1616e-09	2.5978e-10	6.3951e-10	1.1577e-10	3.2386e-10	3.7966e-11	1.2408e-10	6.3986e-11	1.8438e-10	6.0029e-11	1.6073e-10	3.5364e-11	1.8941e-10	3.9949e-11	2.3153e-10	4.4419e-11	1.0943e-10	2.6305e-11	2.7211e-10	2.4331e-11	7.284e-11	1.7353e-11	6.4672e-11	7.6592e-12	7.2908e-11	1.254e-11	5.6885e-11	1.4204e-11	5.6913e-11	2.1545e-11	3.5766e-11	7.3075e-12	3.6216e-11	5.286e-12	3.2983e-11	2.9725e-12	3.3001e-11	1.1406e-11	4.8974e-11	3.2222e-11	6.1208e-11	1.1417e-11	2.0007e-11	6.1336e-12	5.7266e-11	2.9835e-12	3.3291e-12	2.0156e-12
13.9912	0.046346	0.06152	5.1368e-05	8.3102e-06	8.1828e-05	0.00053319	0.0013088	0.0084765	6.7613e-06	0.00098414	1.4219e-05	9.5872e-05	1.6746e-05	5.9592e-05	1.228e-06	7.0046e-06	6.498e-07	9.7718e-06	1.6326e-06	1.0154e-05	1.6789e-06	6.5017e-06	4.8051e-06	8.315e-06	6.0633e-06	3.9454e-05	9.0931e-08	1.5718e-06	2.6958e-08	3.4842e-08	2.5917e-09	5.5919e-09	3.5553e-10	2.0866e-09	3.8791e-10	1.084e-09	3.5274e-10	1.162e-09	2.5986e-10	6.3972e-10	1.158e-10	3.2396e-10	3.7978e-11	1.2412e-10	6.4006e-11	1.8445e-10	6.0049e-11	1.6078e-10	3.5376e-11	1.8952e-10	3.9973e-11	2.3168e-10	4.4446e-11	1.095e-10	2.6321e-11	2.7228e-10	2.4346e-11	7.2885e-11	1.7364e-11	6.4711e-11	7.6638e-12	7.2953e-11	1.2548e-11	5.6921e-11	1.4213e-11	5.695e-11	2.1559e-11	3.5788e-11	7.3121e-12	3.6239e-11	5.2893e-12	3.3003e-11	2.9743e-12	3.302e-11	1.1412e-11	4.9002e-11	3.2241e-11	6.1244e-11	1.1424e-11	2.0018e-11	6.1372e-12	5.73e-11	2.9852e-12	3.3312e-12	2.0169e-12
14.1856	0.046302	0.061787	5.148e-05	8.3781e-06	8.2125e-05	0.00053215	0.0012858	0.0082671	6.7807e-06	0.00094079	1.423e-05	9.5796e-05	1.6745e-05	5.9563e-05	1.2332e-06	7.0177e-06	6.5461e-07	9.4386e-06	1.6413e-06	1.0156e-05	1.6827e-06	6.5145e-06	4.8058e-06	8.3202e-06	6.0614e-06	3.9492e-05	9.1484e-08	1.5743e-06	2.6985e-08	3.4877e-08	2.5935e-09	5.5958e-09	3.5577e-10	2.0881e-09	3.8818e-10	1.0847e-09	3.5299e-10	1.1629e-09	2.6005e-10	6.4017e-10	1.1588e-10	3.2419e-10	3.8005e-11	1.2421e-10	6.4051e-11	1.8458e-10	6.0091e-11	1.6093e-10	3.5409e-11	1.8971e-10	4.0012e-11	2.3191e-10	4.449e-11	1.0961e-10	2.6347e-11	2.7255e-10	2.4371e-11	7.2957e-11	1.7381e-11	6.4774e-11	7.6712e-12	7.3026e-11	1.256e-11	5.6977e-11	1.4228e-11	5.7005e-11	2.1579e-11	3.5823e-11	7.3195e-12	3.6273e-11	5.2944e-12	3.3034e-11	2.9771e-12	3.3051e-11	1.1423e-11	4.9049e-11	3.2272e-11	6.1302e-11	1.1435e-11	2.0037e-11	6.1431e-12	5.7355e-11	2.9881e-12	3.3348e-12	2.0194e-12
14.3828	0.046284	0.062055	5.1611e-05	8.4495e-06	8.2453e-05	0.00053125	0.0012624	0.0080572	6.8027e-06	0.00089983	1.4247e-05	9.5757e-05	1.6752e-05	5.9557e-05	1.239e-06	7.0335e-06	6.5982e-07	9.1186e-06	1.6506e-06	1.0161e-05	1.6871e-06	6.5297e-06	4.8074e-06	8.3284e-06	6.0608e-06	3.9546e-05	9.2074e-08	1.5773e-06	2.7022e-08	3.4925e-08	2.5962e-09	5.6017e-09	3.5615e-10	2.0907e-09	3.886e-10	1.0862e-09	3.5338e-10	1.1641e-09	2.6032e-10	6.4085e-10	1.16e-10	3.2453e-10	3.8045e-11	1.2434e-10	6.412e-11	1.8478e-10	6.0156e-11	1.6114e-10	3.5456e-11	1.8996e-10	4.0066e-11	2.3221e-10	4.455e-11	1.0976e-10	2.6383e-11	2.7291e-10	2.4404e-11	7.3057e-11	1.7404e-11	6.4862e-11	7.6815e-12	7.3125e-11	1.2577e-11	5.7052e-11	1.4246e-11	5.7079e-11	2.1608e-11	3.587e-11	7.3291e-12	3.632e-11	5.3013e-12	3.3078e-11	2.981e-12	3.3095e-11	1.1438e-11	4.9114e-11	3.2314e-11	6.1384e-11	1.145e-11	2.0064e-11	6.1514e-12	5.7432e-11	2.9921e-12	3.3404e-12	2.0228e-12
14.5826	0.046291	0.062308	5.1771e-05	8.5246e-06	8.2813e-05	0.00053042	0.0012393	0.0078489	6.8273e-06	0.00086084	1.4269e-05	9.5755e-05	1.6767e-05	5.9575e-05	1.2454e-06	7.0521e-06	6.6532e-07	8.8111e-06	1.6606e-06	1.0171e-05	1.6922e-06	6.5473e-06	4.8109e-06	8.3398e-06	6.0611e-06	3.9614e-05	9.2687e-08	1.581e-06	2.706e-08	3.4982e-08	2.5999e-09	5.6098e-09	3.5666e-10	2.0942e-09	3.8916e-10	1.088e-09	3.5396e-10	1.166e-09	2.607e-10	6.4177e-10	1.1617e-10	3.25e-10	3.81e-11	1.2453e-10	6.4212e-11	1.8509e-10	6.0243e-11	1.6142e-10	3.5516e-11	1.9029e-10	4.0135e-11	2.326e-10	4.4627e-11	1.0994e-10	2.6429e-11	2.7337e-10	2.4444e-11	7.3183e-11	1.7434e-11	6.4974e-11	7.6947e-12	7.325e-11	1.2599e-11	5.7147e-11	1.427e-11	5.7175e-11	2.1644e-11	3.593e-11	7.3414e-12	3.6382e-11	5.3103e-12	3.3134e-11	2.986e-12	3.3151e-11	1.1458e-11	4.9198e-11	3.2369e-11	6.1488e-11	1.1469e-11	2.0098e-11	6.1619e-12	5.7531e-11	2.9972e-12	3.3473e-12	2.027e-12
14.7853	0.046322	0.062544	5.1949e-05	8.6033e-06	8.3201e-05	0.00052968	0.0012152	0.007641	6.8546e-06	0.00082382	1.4297e-05	9.579e-05	1.6789e-05	5.9615e-05	1.2525e-06	7.0735e-06	6.7112e-07	8.5166e-06	1.6716e-06	1.0185e-05	1.6979e-06	6.565e-06	4.816e-06	8.353e-06	6.0637e-06	3.9697e-05	9.3319e-08	1.5853e-06	2.7107e-08	3.5044e-08	2.6046e-09	5.6199e-09	3.573e-10	2.0985e-09	3.8987e-10	1.0902e-09	3.5468e-10	1.1683e-09	2.6117e-10	6.4293e-10	1.1638e-10	3.2561e-10	3.8169e-11	1.2478e-10	6.4334e-11	1.8547e-10	6.0365e-11	1.6175e-10	3.5589e-11	1.9068e-10	4.0218e-11	2.3307e-10	4.472e-11	1.1016e-10	2.6483e-11	2.7392e-10	2.4494e-11	7.3332e-11	1.747e-11	6.5109e-11	7.7107e-12	7.3399e-11	1.2625e-11	5.7264e-11	1.4299e-11	5.7292e-11	2.1688e-11	3.6004e-11	7.3563e-12	3.6456e-11	5.3211e-12	3.3202e-11	2.9922e-12	3.3219e-11	1.1481e-11	4.93e-11	3.2436e-11	6.1615e-11	1.1493e-11	2.014e-11	6.175e-12	5.7657e-11	3.0035e-12	3.3554e-12	2.0319e-12
14.9908	0.046378	0.062779	5.2146e-05	8.6857e-06	8.3594e-05	0.00052911	0.0011908	0.0074302	6.8844e-06	0.00078813	1.4331e-05	9.586e-05	1.6817e-05	5.9678e-05	1.26e-06	7.0976e-06	6.7721e-07	8.2307e-06	1.6833e-06	1.0202e-05	1.7042e-06	6.5851e-06	4.8228e-06	8.3674e-06	6.0684e-06	3.9792e-05	9.3988e-08	1.5902e-06	2.7165e-08	3.5118e-08	2.6102e-09	5.6323e-09	3.581e-10	2.1036e-09	3.908e-10	1.0929e-09	3.5553e-10	1.1711e-09	2.6179e-10	6.4447e-10	1.1663e-10	3.2639e-10	3.8259e-11	1.2508e-10	6.4488e-11	1.8592e-10	6.0509e-11	1.6214e-10	3.5676e-11	1.9115e-10	4.0316e-11	2.3364e-10	4.4827e-11	1.1043e-10	2.6546e-11	2.7458e-10	2.4553e-11	7.3507e-11	1.7513e-11	6.5264e-11	7.7295e-12	7.3574e-11	1.2655e-11	5.7402e-11	1.4334e-11	5.743e-11	2.174e-11	3.6091e-11	7.374e-12	3.6544e-11	5.334e-12	3.3282e-11	2.9994e-12	3.33e-11	1.1509e-11	4.942e-11	3.2515e-11	6.1765e-11	1.1521e-11	2.019e-11	6.192e-12	5.7816e-11	3.0116e-12	3.3648e-12	2.0376e-12
15.1991	0.046458	0.063013	5.2362e-05	8.7725e-06	8.402e-05	0.00052881	0.001166	0.0072179	6.917e-06	0.00075422	1.4369e-05	9.5986e-05	1.6851e-05	5.9764e-05	1.268e-06	7.1246e-06	6.8361e-07	7.9528e-06	1.6958e-06	1.0223e-05	1.7108e-06	6.6077e-06	4.8314e-06	8.3849e-06	6.0752e-06	3.989e-05	9.4697e-08	1.5957e-06	2.7232e-08	3.5205e-08	2.6168e-09	5.6478e-09	3.5909e-10	2.1094e-09	3.9188e-10	1.0959e-09	3.5652e-10	1.1744e-09	2.6251e-10	6.4624e-10	1.1695e-10	3.2729e-10	3.8365e-11	1.2542e-10	6.4666e-11	1.8643e-10	6.0676e-11	1.6259e-10	3.5775e-11	1.9168e-10	4.0427e-11	2.3428e-10	4.495e-11	1.1073e-10	2.6619e-11	2.7534e-10	2.4621e-11	7.3709e-11	1.7561e-11	6.5443e-11	7.7509e-12	7.3777e-11	1.269e-11	5.7561e-11	1.4373e-11	5.759e-11	2.1801e-11	3.6191e-11	7.3944e-12	3.6646e-11	5.3488e-12	3.3375e-11	3.0078e-12	3.3392e-11	1.1541e-11	4.9573e-11	3.2612e-11	6.1955e-11	1.1555e-11	2.0253e-11	6.2114e-12	5.7997e-11	3.021e-12	3.3754e-12	2.0441e-12
15.4103	0.046562	0.06325	5.2596e-05	8.8646e-06	8.4477e-05	0.00052868	0.0011411	0.0070061	6.9522e-06	0.00072222	1.4413e-05	9.6149e-05	1.6891e-05	5.988e-05	1.2766e-06	7.1549e-06	6.9032e-07	7.6844e-06	1.7089e-06	1.0249e-05	1.7178e-06	6.6326e-06	4.8416e-06	8.4053e-06	6.0842e-06	4.0003e-05	9.5444e-08	1.6017e-06	2.731e-08	3.5305e-08	2.6248e-09	5.6654e-09	3.602e-10	2.116e-09	3.931e-10	1.0993e-09	3.5763e-10	1.1781e-09	2.6333e-10	6.4825e-10	1.1732e-10	3.283e-10	3.8484e-11	1.2582e-10	6.4867e-11	1.8701e-10	6.0866e-11	1.631e-10	3.5888e-11	1.9227e-10	4.0552e-11	2.3502e-10	4.5089e-11	1.1108e-10	2.6702e-11	2.762e-10	2.4697e-11	7.3938e-11	1.7615e-11	6.5646e-11	7.7748e-12	7.4006e-11	1.2729e-11	5.7741e-11	1.4418e-11	5.777e-11	2.1869e-11	3.6304e-11	7.4175e-12	3.6763e-11	5.3655e-12	3.3486e-11	3.0178e-12	3.3507e-11	1.158e-11	4.9745e-11	3.2725e-11	6.217e-11	1.1595e-11	2.0324e-11	6.2331e-12	5.82e-11	3.0315e-12	3.3873e-12	2.0512e-12
15.6245	0.046689	0.063508	5.2849e-05	8.9607e-06	8.4967e-05	0.0005286	0.0011166	0.0067926	6.9883e-06	0.00069222	1.4463e-05	9.6347e-05	1.6938e-05	6.0023e-05	1.2857e-06	7.1888e-06	6.9734e-07	7.4285e-06	1.7228e-06	1.0281e-05	1.7255e-06	6.6599e-06	4.8536e-06	8.4287e-06	6.0953e-06	4.0129e-05	9.623e-08	1.6084e-06	2.7397e-08	3.5417e-08	2.6339e-09	5.6849e-09	3.6145e-10	2.1234e-09	3.9446e-10	1.1032e-09	3.5888e-10	1.1822e-09	2.6424e-10	6.505e-10	1.1772e-10	3.2944e-10	3.8617e-11	1.2625e-10	6.5092e-11	1.8767e-10	6.1077e-11	1.6367e-10	3.6012e-11	1.9293e-10	4.0691e-11	2.3584e-10	4.5245e-11	1.1146e-10	2.6794e-11	2.7717e-10	2.4783e-11	7.4194e-11	1.7676e-11	6.5873e-11	7.8015e-12	7.4263e-11	1.2773e-11	5.7948e-11	1.4468e-11	5.7983e-11	2.1949e-11	3.6436e-11	7.4433e-12	3.6903e-11	5.3855e-12	3.3614e-11	3.0293e-12	3.3635e-11	1.1625e-11	4.9936e-11	3.285e-11	6.2408e-11	1.1639e-11	2.0402e-11	6.257e-12	5.8423e-11	3.0432e-12	3.3998e-12	2.0585e-12
15.8416	0.046839	0.063764	5.3121e-05	9.0608e-06	8.5487e-05	0.00052865	0.001092	0.0065862	7.0263e-06	0.00066402	1.4516e-05	9.658e-05	1.699e-05	6.0188e-05	1.2953e-06	7.2255e-06	7.0468e-07	7.1837e-06	1.7373e-06	1.0316e-05	1.7337e-06	6.6896e-06	4.868e-06	8.4551e-06	6.1085e-06	4.027e-05	9.7054e-08	1.6153e-06	2.7494e-08	3.5542e-08	2.6439e-09	5.7065e-09	3.6282e-10	2.1315e-09	3.9596e-10	1.1073e-09	3.6025e-10	1.1867e-09	2.6524e-10	6.5297e-10	1.1817e-10	3.307e-10	3.8764e-11	1.2673e-10	6.534e-11	1.8838e-10	6.131e-11	1.6428e-10	3.6147e-11	1.9366e-10	4.0845e-11	2.3682e-10	4.5416e-11	1.1189e-10	2.6896e-11	2.7832e-10	2.4879e-11	7.4476e-11	1.7743e-11	6.6123e-11	7.831e-12	7.4545e-11	1.2822e-11	5.8188e-11	1.4526e-11	5.8223e-11	2.204e-11	3.6587e-11	7.4737e-12	3.7057e-11	5.4079e-12	3.3754e-11	3.0419e-12	3.3775e-11	1.1673e-11	5.0144e-11	3.2987e-11	6.2668e-11	1.1687e-11	2.0487e-11	6.2832e-12	5.8668e-11	3.0559e-12	3.413e-12	2.0665e-12
16.0618	0.047012	0.064016	5.3408e-05	9.1649e-06	8.604e-05	0.00052884	0.0010662	0.0063826	7.0668e-06	0.00063713	1.457e-05	9.6849e-05	1.7048e-05	6.0376e-05	1.3054e-06	7.265e-06	7.121e-07	6.9514e-06	1.7526e-06	1.0354e-05	1.7426e-06	6.7216e-06	4.8843e-06	8.4843e-06	6.1246e-06	4.0425e-05	9.7918e-08	1.6226e-06	2.7602e-08	3.5679e-08	2.6548e-09	5.7302e-09	3.6432e-10	2.1402e-09	3.9761e-10	1.1119e-09	3.6174e-10	1.1916e-09	2.6634e-10	6.5568e-10	1.1866e-10	3.3207e-10	3.8925e-11	1.2726e-10	6.5611e-11	1.8916e-10	6.1565e-11	1.6496e-10	3.6296e-11	1.9446e-10	4.1014e-11	2.3788e-10	4.5604e-11	1.1238e-10	2.7007e-11	2.7956e-10	2.499e-11	7.4784e-11	1.7816e-11	6.6396e-11	7.8633e-12	7.4865e-11	1.2875e-11	5.8449e-11	1.4592e-11	5.8485e-11	2.2139e-11	3.6751e-11	7.5072e-12	3.7223e-11	5.4321e-12	3.3905e-11	3.0556e-12	3.3927e-11	1.1726e-11	5.0371e-11	3.3136e-11	6.2951e-11	1.174e-11	2.0579e-11	6.3116e-12	5.8933e-11	3.0697e-12	3.4274e-12	2.0752e-12
16.285	0.047208	0.064266	5.3712e-05	9.2733e-06	8.6625e-05	0.00052919	0.0010406	0.0061859	7.11e-06	0.00061179	1.463e-05	9.7152e-05	1.7107e-05	6.0585e-05	1.3158e-06	7.3073e-06	7.1983e-07	6.7279e-06	1.7687e-06	1.0397e-05	1.7522e-06	6.7565e-06	4.9023e-06	8.5165e-06	6.1433e-06	4.0595e-05	9.8838e-08	1.6305e-06	2.7724e-08	3.5833e-08	2.6666e-09	5.7558e-09	3.6596e-10	2.1497e-09	3.9939e-10	1.1168e-09	3.6334e-10	1.1969e-09	2.6754e-10	6.5862e-10	1.1919e-10	3.3356e-10	3.9099e-11	1.2783e-10	6.5906e-11	1.8999e-10	6.1839e-11	1.6569e-10	3.6457e-11	1.9532e-10	4.1197e-11	2.3903e-10	4.5807e-11	1.1292e-10	2.7136e-11	2.8091e-10	2.511e-11	7.5141e-11	1.7895e-11	6.6698e-11	7.8983e-12	7.5225e-11	1.2935e-11	5.8732e-11	1.4662e-11	5.8767e-11	2.2246e-11	3.6929e-11	7.5434e-12	3.7403e-11	5.4584e-12	3.407e-11	3.0704e-12	3.4092e-11	1.1782e-11	5.0615e-11	3.3297e-11	6.3257e-11	1.1797e-11	2.0679e-11	6.3414e-12	5.9207e-11	3.0845e-12	3.443e-12	2.0847e-12
16.5113	0.047427	0.064516	5.4035e-05	9.3858e-06	8.7249e-05	0.00052968	0.0010151	0.005984	7.1558e-06	0.00058771	1.4695e-05	9.749e-05	1.7171e-05	6.0817e-05	1.3265e-06	7.3525e-06	7.2788e-07	6.5141e-06	1.7849e-06	1.0444e-05	1.7623e-06	6.7948e-06	4.9219e-06	8.5528e-06	6.164e-06	4.0778e-05	9.9805e-08	1.6389e-06	2.7856e-08	3.6004e-08	2.6794e-09	5.7835e-09	3.6772e-10	2.1599e-09	4.0129e-10	1.1221e-09	3.6506e-10	1.2025e-09	2.6881e-10	6.6176e-10	1.1976e-10	3.3514e-10	3.9286e-11	1.2843e-10	6.6218e-11	1.909e-10	6.2132e-11	1.6648e-10	3.6631e-11	1.9626e-10	4.1397e-11	2.4026e-10	4.6037e-11	1.135e-10	2.7276e-11	2.8236e-10	2.524e-11	7.5527e-11	1.7983e-11	6.704e-11	7.9362e-12	7.5612e-11	1.3002e-11	5.9035e-11	1.4737e-11	5.9071e-11	2.2361e-11	3.7119e-11	7.5823e-12	3.7597e-11	5.4866e-12	3.4246e-11	3.0862e-12	3.4268e-11	1.1843e-11	5.0873e-11	3.3469e-11	6.3581e-11	1.1858e-11	2.0783e-11	6.3722e-12	5.9495e-11	3.0995e-12	3.4599e-12	2.0949e-12
16.7408	0.047668	0.064762	5.4376e-05	9.5026e-06	8.7918e-05	0.00053028	0.00098964	0.0057868	7.2042e-06	0.00056511	1.4765e-05	9.7862e-05	1.7242e-05	6.107e-05	1.3378e-06	7.4004e-06	7.3626e-07	6.3093e-06	1.8018e-06	1.0494e-05	1.7731e-06	6.8355e-06	4.9431e-06	8.5927e-06	6.1868e-06	4.0979e-05	1.0081e-07	1.6479e-06	2.7998e-08	3.6187e-08	2.6932e-09	5.8128e-09	3.6958e-10	2.1709e-09	4.0332e-10	1.1278e-09	3.6692e-10	1.2086e-09	2.7017e-10	6.6511e-10	1.2037e-10	3.3684e-10	3.9485e-11	1.2908e-10	6.6554e-11	1.9187e-10	6.2447e-11	1.6733e-10	3.6818e-11	1.9729e-10	4.1622e-11	2.4158e-10	4.6287e-11	1.1412e-10	2.7425e-11	2.8391e-10	2.5378e-11	7.5939e-11	1.8081e-11	6.7405e-11	7.9782e-12	7.6025e-11	1.3073e-11	5.9359e-11	1.4818e-11	5.9395e-11	2.2484e-11	3.7323e-11	7.6238e-12	3.7803e-11	5.5167e-12	3.4434e-11	3.1032e-12	3.4454e-11	1.1908e-11	5.1136e-11	3.3643e-11	6.391e-11	1.1921e-11	2.0891e-11	6.4053e-12	5.9804e-11	3.1155e-12	3.4779e-12	2.1058e-12
16.9735	0.047932	0.065003	5.4736e-05	9.6232e-06	8.8621e-05	0.00053101	0.0009644	0.0055908	7.2554e-06	0.00054381	1.484e-05	9.8243e-05	1.7319e-05	6.1346e-05	1.3495e-06	7.4511e-06	7.4498e-07	6.1132e-06	1.8195e-06	1.0548e-05	1.7849e-06	6.8786e-06	4.966e-06	8.6355e-06	6.2116e-06	4.12e-05	1.0186e-07	1.6576e-06	2.8149e-08	3.6382e-08	2.7077e-09	5.8441e-09	3.7157e-10	2.1827e-09	4.055e-10	1.1339e-09	3.689e-10	1.2152e-09	2.7163e-10	6.6869e-10	1.2102e-10	3.3866e-10	3.9697e-11	1.2978e-10	6.6912e-11	1.929e-10	6.2784e-11	1.6824e-10	3.7017e-11	1.9842e-10	4.1863e-11	2.4298e-10	4.6555e-11	1.1478e-10	2.7583e-11	2.8556e-10	2.5525e-11	7.6379e-11	1.8185e-11	6.7795e-11	8.0242e-12	7.6466e-11	1.3148e-11	5.9704e-11	1.4904e-11	5.974e-11	2.2615e-11	3.754e-11	7.6681e-12	3.8017e-11	5.5487e-12	3.4624e-11	3.1203e-12	3.4643e-11	1.1973e-11	5.1418e-11	3.3828e-11	6.4262e-11	1.1986e-11	2.1006e-11	6.4406e-12	6.0134e-11	3.1327e-12	3.4971e-12	2.1173e-12
17.2093	0.048219	0.065239	5.5115e-05	9.7481e-06	8.9357e-05	0.00053186	0.0009384	0.0053989	7.3091e-06	0.00052362	1.4921e-05	9.8649e-05	1.7401e-05	6.1635e-05	1.3618e-06	7.5041e-06	7.5404e-07	5.9278e-06	1.8379e-06	1.0605e-05	1.7973e-06	6.9242e-06	4.9905e-06	8.6812e-06	6.2384e-06	4.1435e-05	1.0296e-07	1.6678e-06	2.8311e-08	3.659e-08	2.7231e-09	5.8773e-09	3.7368e-10	2.1952e-09	4.0781e-10	1.1404e-09	3.7101e-10	1.2221e-09	2.7318e-10	6.725e-10	1.2171e-10	3.4059e-10	3.9924e-11	1.3052e-10	6.7294e-11	1.9401e-10	6.3142e-11	1.6922e-10	3.7236e-11	1.9963e-10	4.2117e-11	2.4444e-10	4.6838e-11	1.1549e-10	2.7752e-11	2.8727e-10	2.5681e-11	7.6845e-11	1.8296e-11	6.8208e-11	8.073e-12	7.6933e-11	1.3228e-11	6.0056e-11	1.4995e-11	6.0088e-11	2.2746e-11	3.776e-11	7.7147e-12	3.8237e-11	5.5808e-12	3.4825e-11	3.1385e-12	3.4844e-11	1.2043e-11	5.1717e-11	3.4025e-11	6.4635e-11	1.2056e-11	2.1128e-11	6.4781e-12	6.0485e-11	3.151e-12	3.517e-12	2.1293e-12
17.4485	0.048527	0.065445	5.5512e-05	9.8776e-06	9.0127e-05	0.00053271	0.00091244	0.0052082	7.3671e-06	0.00050467	1.5006e-05	9.9088e-05	1.749e-05	6.1932e-05	1.3747e-06	7.5579e-06	7.6345e-07	5.7515e-06	1.8572e-06	1.0663e-05	1.8104e-06	6.9722e-06	5.0166e-06	8.7299e-06	6.2672e-06	4.1684e-05	1.041e-07	1.6786e-06	2.8482e-08	3.6811e-08	2.7394e-09	5.9127e-09	3.7593e-10	2.2086e-09	4.1026e-10	1.1475e-09	3.7325e-10	1.2295e-09	2.7482e-10	6.7655e-10	1.2244e-10	3.4264e-10	4.0164e-11	1.3131e-10	6.7699e-11	1.9518e-10	6.3523e-11	1.703e-10	3.7473e-11	2.0091e-10	4.2387e-11	2.4593e-10	4.7138e-11	1.1622e-10	2.793e-11	2.8903e-10	2.5842e-11	7.7338e-11	1.8413e-11	6.8645e-11	8.1246e-12	7.7427e-11	1.3313e-11	6.0423e-11	1.5087e-11	6.0455e-11	2.2885e-11	3.7991e-11	7.7618e-12	3.8471e-11	5.6149e-12	3.5038e-11	3.1577e-12	3.5058e-11	1.2117e-11	5.2034e-11	3.4234e-11	6.5032e-11	1.213e-11	2.1257e-11	6.5179e-12	6.0856e-11	3.1703e-12	3.5381e-12	2.1421e-12
17.691	0.048858	0.065646	5.5941e-05	1.0012e-05	9.093e-05	0.00053371	0.00088709	0.0050248	7.4279e-06	0.00048681	1.5098e-05	9.956e-05	1.7584e-05	6.2249e-05	1.3881e-06	7.6144e-06	7.7323e-07	5.583e-06	1.8771e-06	1.0725e-05	1.8241e-06	7.0225e-06	5.0439e-06	8.7814e-06	6.2979e-06	4.1947e-05	1.0527e-07	1.6903e-06	2.8662e-08	3.7044e-08	2.7567e-09	5.9499e-09	3.783e-10	2.2233e-09	4.1285e-10	1.1552e-09	3.7566e-10	1.2373e-09	2.7655e-10	6.8082e-10	1.2321e-10	3.448e-10	4.0417e-11	1.3214e-10	6.8126e-11	1.9646e-10	6.3924e-11	1.7144e-10	3.7723e-11	2.0225e-10	4.2671e-11	2.475e-10	4.7454e-11	1.1697e-10	2.8115e-11	2.9088e-10	2.6007e-11	7.7852e-11	1.8536e-11	6.9106e-11	8.179e-12	7.7927e-11	1.3403e-11	6.081e-11	1.5184e-11	6.0842e-11	2.3032e-11	3.8234e-11	7.8114e-12	3.8718e-11	5.6509e-12	3.5263e-11	3.1779e-12	3.5283e-11	1.2194e-11	5.2368e-11	3.4454e-11	6.545e-11	1.2207e-11	2.1394e-11	6.5598e-12	6.1245e-11	3.1907e-12	3.5604e-12	2.1556e-12
17.9369	0.049211	0.065839	5.6394e-05	1.015e-05	9.1767e-05	0.00053486	0.0008616	0.0048419	7.4914e-06	0.00047005	1.5197e-05	0.00010007	1.7686e-05	6.2588e-05	1.4021e-06	7.6738e-06	7.8352e-07	5.4225e-06	1.8979e-06	1.079e-05	1.8385e-06	7.0753e-06	5.0729e-06	8.8359e-06	6.3302e-06	4.2224e-05	1.065e-07	1.7027e-06	2.8851e-08	3.729e-08	2.7748e-09	5.9892e-09	3.808e-10	2.2388e-09	4.1558e-10	1.1632e-09	3.7828e-10	1.2459e-09	2.7838e-10	6.8532e-10	1.2402e-10	3.4708e-10	4.0684e-11	1.3304e-10	6.8577e-11	1.9782e-10	6.4358e-11	1.7263e-10	3.7986e-11	2.0367e-10	4.2969e-11	2.4916e-10	4.7786e-11	1.1775e-10	2.8303e-11	2.9283e-10	2.6182e-11	7.8372e-11	1.8666e-11	6.9579e-11	8.2362e-12	7.8449e-11	1.3492e-11	6.1218e-11	1.5285e-11	6.125e-11	2.3187e-11	3.8491e-11	7.8638e-12	3.8978e-11	5.6888e-12	3.55e-11	3.1993e-12	3.552e-11	1.2276e-11	5.2721e-11	3.4685e-11	6.589e-11	1.229e-11	2.1538e-11	6.6029e-12	6.1648e-11	3.2118e-12	3.5838e-12	2.1698e-12
18.1861	0.049587	0.066024	5.6866e-05	1.0294e-05	9.2638e-05	0.00053615	0.00083651	0.0046655	7.5577e-06	0.00045428	1.5302e-05	0.0001006	1.7796e-05	6.2948e-05	1.4168e-06	7.7359e-06	7.9418e-07	5.2713e-06	1.9196e-06	1.0859e-05	1.8536e-06	7.13e-06	5.1035e-06	8.893e-06	6.3645e-06	4.2516e-05	1.0776e-07	1.7156e-06	2.9048e-08	3.7545e-08	2.7939e-09	6.0306e-09	3.8342e-10	2.255e-09	4.1855e-10	1.1717e-09	3.8102e-10	1.255e-09	2.8036e-10	6.9019e-10	1.2488e-10	3.4957e-10	4.0972e-11	1.34e-10	6.9073e-11	1.9926e-10	6.4824e-11	1.7389e-10	3.8262e-11	2.0515e-10	4.3276e-11	2.5091e-10	4.812e-11	1.1857e-10	2.85e-11	2.9488e-10	2.6365e-11	7.8919e-11	1.8798e-11	7.0063e-11	8.2962e-12	7.8996e-11	1.3586e-11	6.1646e-11	1.5392e-11	6.1679e-11	2.3349e-11	3.876e-11	7.9188e-12	3.9251e-11	5.7287e-12	3.5749e-11	3.2217e-12	3.5769e-11	1.2362e-11	5.3083e-11	3.4926e-11	6.6344e-11	1.2375e-11	2.1685e-11	6.6482e-12	6.2071e-11	3.2338e-12	3.6085e-12	2.1848e-12
18.4389	0.049985	0.066181	5.7358e-05	1.0442e-05	9.3537e-05	0.00053754	0.00081182	0.0044955	7.6267e-06	0.00043947	1.5411e-05	0.00010118	1.7912e-05	6.3329e-05	1.4322e-06	7.8009e-06	8.0522e-07	5.1279e-06	1.9424e-06	1.0932e-05	1.8692e-06	7.1871e-06	5.1356e-06	8.9525e-06	6.4008e-06	4.2822e-05	1.0906e-07	1.7292e-06	2.9256e-08	3.7813e-08	2.814e-09	6.0756e-09	3.863e-10	2.272e-09	4.217e-10	1.1805e-09	3.8389e-10	1.2644e-09	2.8246e-10	6.9538e-10	1.258e-10	3.522e-10	4.128e-11	1.3501e-10	6.9593e-11	2.0076e-10	6.5312e-11	1.752e-10	3.8551e-11	2.0665e-10	4.3589e-11	2.5273e-10	4.8469e-11	1.1943e-10	2.8707e-11	2.9702e-10	2.6556e-11	7.9492e-11	1.8935e-11	7.0572e-11	8.3566e-12	7.957e-11	1.3685e-11	6.2095e-11	1.5504e-11	6.2129e-11	2.3519e-11	3.9042e-11	7.9764e-12	3.9536e-11	5.7704e-12	3.6006e-11	3.2449e-12	3.6025e-11	1.2451e-11	5.3462e-11	3.5175e-11	6.6817e-11	1.2463e-11	2.184e-11	6.6957e-12	6.2514e-11	3.2569e-12	3.6344e-12	2.2005e-12
18.6951	0.050741	0.06633	5.7869e-05	1.0598e-05	9.4469e-05	0.00053901	0.00078743	0.0043306	7.6985e-06	0.00042534	1.5525e-05	0.00010178	1.8033e-05	6.3731e-05	1.4482e-06	7.8687e-06	8.1663e-07	4.9934e-06	1.9661e-06	1.1008e-05	1.8855e-06	7.2466e-06	5.1694e-06	9.0148e-06	6.4389e-06	4.3138e-05	1.1041e-07	1.7433e-06	2.9472e-08	3.8093e-08	2.8355e-09	6.1229e-09	3.8931e-10	2.2898e-09	4.2499e-10	1.1897e-09	3.8688e-10	1.2743e-09	2.8466e-10	7.0079e-10	1.2678e-10	3.5494e-10	4.1602e-11	1.3606e-10	7.0135e-11	2.0233e-10	6.5821e-11	1.7657e-10	3.8853e-11	2.0821e-10	4.3917e-11	2.5464e-10	4.8834e-11	1.2033e-10	2.8924e-11	2.9927e-10	2.6757e-11	8.0091e-11	1.9077e-11	7.1103e-11	8.4194e-12	8.017e-11	1.3788e-11	6.2562e-11	1.5621e-11	6.2592e-11	2.3695e-11	3.9335e-11	8.0367e-12	3.9828e-11	5.8134e-12	3.6272e-11	3.2689e-12	3.6291e-11	1.2543e-11	5.3858e-11	3.5435e-11	6.7312e-11	1.2556e-11	2.2002e-11	6.7454e-12	6.2978e-11	3.2811e-12	3.6615e-12	2.2169e-12
18.9549	0.051186	0.066471	5.84e-05	1.076e-05	9.5437e-05	0.00054066	0.00076353	0.0041659	7.7732e-06	0.00041197	1.5645e-05	0.00010244	1.8161e-05	6.4154e-05	1.4648e-06	7.9394e-06	8.2844e-07	4.8648e-06	1.9906e-06	1.1088e-05	1.9023e-06	7.3085e-06	5.2048e-06	9.0801e-06	6.4791e-06	4.3469e-05	1.1181e-07	1.7581e-06	2.9699e-08	3.8386e-08	2.8583e-09	6.1723e-09	3.9245e-10	2.3083e-09	4.2842e-10	1.1994e-09	3.9001e-10	1.2846e-09	2.8696e-10	7.0645e-10	1.278e-10	3.5781e-10	4.1937e-11	1.3716e-10	7.0701e-11	2.0396e-10	6.6353e-11	1.7796e-10	3.9157e-11	2.0983e-10	4.426e-11	2.5659e-10	4.9215e-11	1.2128e-10	2.915e-11	3.0156e-10	2.6966e-11	8.0717e-11	1.9226e-11	7.1658e-11	8.485e-12	8.0797e-11	1.3896e-11	6.3042e-11	1.5742e-11	6.3072e-11	2.3876e-11	3.9636e-11	8.0986e-12	4.0134e-11	5.858e-12	3.6551e-11	3.294e-12	3.657e-11	1.2639e-11	5.4272e-11	3.5708e-11	6.7829e-11	1.2652e-11	2.2171e-11	6.7973e-12	6.3463e-11	3.3063e-12	3.6898e-12	2.234e-12
19.2184	0.051653	0.066606	5.8949e-05	1.0926e-05	9.644e-05	0.00054251	0.00074007	0.0040078	7.8502e-06	0.00039935	1.577e-05	0.00010313	1.8295e-05	6.4606e-05	1.4819e-06	8.0138e-06	8.4064e-07	4.7431e-06	2.0159e-06	1.1173e-05	1.9198e-06	7.3729e-06	5.2424e-06	9.1482e-06	6.5212e-06	4.3813e-05	1.1326e-07	1.7735e-06	2.9935e-08	3.8691e-08	2.8821e-09	6.2237e-09	3.9571e-10	2.3272e-09	4.3199e-10	1.209e-09	3.9327e-10	1.2953e-09	2.8935e-10	7.1234e-10	1.2887e-10	3.6079e-10	4.2287e-11	1.3831e-10	7.1291e-11	2.0567e-10	6.6907e-11	1.7939e-10	3.9472e-11	2.1152e-10	4.4616e-11	2.5862e-10	4.9612e-11	1.2224e-10	2.9385e-11	3.0395e-10	2.7179e-11	8.1369e-11	1.9381e-11	7.2237e-11	8.5534e-12	8.1445e-11	1.4008e-11	6.3541e-11	1.5867e-11	6.3572e-11	2.4066e-11	3.9951e-11	8.1627e-12	4.0452e-11	5.9044e-12	3.6841e-11	3.3202e-12	3.686e-11	1.274e-11	5.4703e-11	3.5991e-11	6.8369e-11	1.2753e-11	2.2347e-11	6.8514e-12	6.3969e-11	3.3326e-12	3.7192e-12	2.2519e-12
19.4854	0.052143	0.066744	5.9499e-05	1.1099e-05	9.7477e-05	0.00054458	0.00071677	0.0038555	7.9299e-06	0.00038733	1.59e-05	0.00010386	1.8434e-05	6.5085e-05	1.4997e-06	8.092e-06	8.5324e-07	4.6291e-06	2.0421e-06	1.1263e-05	1.938e-06	7.4397e-06	5.2826e-06	9.2191e-06	6.5659e-06	4.4172e-05	1.1475e-07	1.7894e-06	3.0181e-08	3.9008e-08	2.9068e-09	6.2771e-09	3.9911e-10	2.3465e-09	4.357e-10	1.2191e-09	3.9656e-10	1.3062e-09	2.9184e-10	7.1846e-10	1.2997e-10	3.639e-10	4.265e-11	1.395e-10	7.1904e-11	2.0737e-10	6.7482e-11	1.8088e-10	3.9799e-11	2.1328e-10	4.4988e-11	2.6074e-10	5.0025e-11	1.2324e-10	2.9626e-11	3.0644e-10	2.7401e-11	8.2036e-11	1.9542e-11	7.2837e-11	8.6245e-12	8.211e-11	1.4123e-11	6.4061e-11	1.5997e-11	6.4093e-11	2.4263e-11	4.0278e-11	8.2295e-12	4.0784e-11	5.9528e-12	3.7143e-11	3.3474e-12	3.7163e-11	1.2844e-11	5.5152e-11	3.6287e-11	6.893e-11	1.2857e-11	2.2531e-11	6.9078e-12	6.4495e-11	3.36e-12	3.7499e-12	2.2704e-12
19.7562	0.052656	0.066872	6.0068e-05	1.1276e-05	9.8551e-05	0.00054684	0.00069371	0.0037077	8.0124e-06	0.00037595	1.6034e-05	0.00010462	1.8579e-05	6.5586e-05	1.518e-06	8.1732e-06	8.662e-07	4.5219e-06	2.0692e-06	1.1357e-05	1.9568e-06	7.509e-06	5.3245e-06	9.293e-06	6.614e-06	4.4545e-05	1.163e-07	1.8058e-06	3.0446e-08	3.934e-08	2.9325e-09	6.3327e-09	4.0264e-10	2.3665e-09	4.3955e-10	1.2295e-09	3.9994e-10	1.3174e-09	2.9442e-10	7.2482e-10	1.3112e-10	3.671e-10	4.3028e-11	1.4069e-10	7.2533e-11	2.0914e-10	6.8061e-11	1.8243e-10	4.014e-11	2.1511e-10	4.5373e-11	2.6294e-10	5.045e-11	1.2428e-10	2.9875e-11	3.0903e-10	2.7633e-11	8.2727e-11	1.9709e-11	7.345e-11	8.6985e-12	8.2802e-11	1.4242e-11	6.4602e-11	1.6132e-11	6.4634e-11	2.4468e-11	4.0618e-11	8.299e-12	4.1129e-11	6.0031e-12	3.7457e-11	3.3757e-12	3.7477e-11	1.2953e-11	5.5619e-11	3.6594e-11	6.9514e-11	1.2966e-11	2.2722e-11	6.9663e-12	6.5042e-11	3.3885e-12	3.7818e-12	2.2898e-12
20.0308	0.053191	0.06699	6.0656e-05	1.1459e-05	9.966e-05	0.00054922	0.00067114	0.0035652	8.0976e-06	0.00036523	1.6173e-05	0.00010541	1.8729e-05	6.6107e-05	1.5369e-06	8.2573e-06	8.7955e-07	4.421e-06	2.0972e-06	1.1455e-05	1.9763e-06	7.5829e-06	5.3679e-06	9.3704e-06	6.664e-06	4.4932e-05	1.1793e-07	1.8228e-06	3.0721e-08	3.9695e-08	2.9591e-09	6.3897e-09	4.0626e-10	2.3873e-09	4.434e-10	1.2403e-09	4.0345e-10	1.329e-09	2.9701e-10	7.3118e-10	1.3231e-10	3.7031e-10	4.3407e-11	1.4192e-10	7.3168e-11	2.1098e-10	6.8658e-11	1.8403e-10	4.0493e-11	2.1699e-10	4.5765e-11	2.6523e-10	5.0886e-11	1.2536e-10	3.0134e-11	3.1171e-10	2.7872e-11	8.3443e-11	1.988e-11	7.4086e-11	8.7743e-12	8.352e-11	1.4366e-11	6.5163e-11	1.6272e-11	6.5196e-11	2.468e-11	4.0971e-11	8.371e-12	4.1486e-11	6.0552e-12	3.7783e-11	3.405e-12	3.7803e-11	1.3066e-11	5.6104e-11	3.6912e-11	7.0119e-11	1.3079e-11	2.292e-11	7.0271e-12	6.5609e-11	3.418e-12	3.8149e-12	2.3098e-12
20.3092	0.05375	0.067117	6.1264e-05	1.1647e-05	0.00010084	0.00055175	0.00064878	0.003427	8.1858e-06	0.00035501	1.6318e-05	0.00010623	1.8884e-05	6.665e-05	1.5564e-06	8.3445e-06	8.9333e-07	4.3274e-06	2.1259e-06	1.1556e-05	1.9964e-06	7.6596e-06	5.413e-06	9.4529e-06	6.716e-06	4.5334e-05	1.1961e-07	1.8405e-06	3.1006e-08	4.0063e-08	2.9867e-09	6.4472e-09	4.0992e-10	2.4088e-09	4.4739e-10	1.2515e-09	4.0709e-10	1.3409e-09	2.9969e-10	7.3777e-10	1.335e-10	3.7365e-10	4.3798e-11	1.432e-10	7.3827e-11	2.1288e-10	6.9277e-11	1.8569e-10	4.0859e-11	2.1892e-10	4.6172e-11	2.6759e-10	5.1339e-11	1.2647e-10	3.0403e-11	3.1449e-10	2.8121e-11	8.4186e-11	2.0056e-11	7.4745e-11	8.8523e-12	8.4264e-11	1.4494e-11	6.5745e-11	1.6417e-11	6.5778e-11	2.4901e-11	4.1336e-11	8.4457e-12	4.1857e-11	6.1093e-12	3.8121e-11	3.4355e-12	3.8141e-11	1.3182e-11	5.6606e-11	3.7243e-11	7.0746e-11	1.3196e-11	2.3125e-11	7.09e-12	6.6197e-11	3.4487e-12	3.8492e-12	2.3306e-12
20.5914	0.054331	0.067252	6.1891e-05	1.1837e-05	0.00010205	0.00055444	0.0006274	0.0032953	8.2768e-06	0.00034516	1.6467e-05	0.00010708	1.9045e-05	6.7213e-05	1.5765e-06	8.4345e-06	9.0752e-07	4.2399e-06	2.1555e-06	1.1661e-05	2.0176e-06	7.7388e-06	5.4596e-06	9.5384e-06	6.77e-06	4.5764e-05	1.2134e-07	1.8587e-06	3.1301e-08	4.0444e-08	3.0143e-09	6.5067e-09	4.137e-10	2.4311e-09	4.5152e-10	1.2631e-09	4.1086e-10	1.3533e-09	3.0245e-10	7.4458e-10	1.3474e-10	3.771e-10	4.4202e-11	1.4453e-10	7.4509e-11	2.1485e-10	6.9917e-11	1.874e-10	4.1234e-11	2.2091e-10	4.6593e-11	2.7004e-10	5.1807e-11	1.2763e-10	3.068e-11	3.1737e-10	2.8378e-11	8.4955e-11	2.0239e-11	7.5427e-11	8.933e-12	8.5034e-11	1.4626e-11	6.6347e-11	1.6567e-11	6.6381e-11	2.5129e-11	4.1715e-11	8.523e-12	4.224e-11	6.1653e-12	3.847e-11	3.467e-12	3.8491e-11	1.3303e-11	5.7126e-11	3.7584e-11	7.1396e-11	1.3317e-11	2.3337e-11	7.1552e-12	6.6805e-11	3.4803e-12	3.8847e-12	2.3521e-12
20.8776	0.054936	0.067375	6.2538e-05	1.2033e-05	0.0001033	0.00055729	0.00060666	0.0031686	8.3707e-06	0.00033566	1.6622e-05	0.00010797	1.9212e-05	6.7797e-05	1.5972e-06	8.5276e-06	9.2215e-07	4.1582e-06	2.186e-06	1.177e-05	2.0397e-06	7.8206e-06	5.5079e-06	9.6267e-06	6.8258e-06	4.6208e-05	1.2312e-07	1.8776e-06	3.1606e-08	4.0838e-08	3.0427e-09	6.5682e-09	4.1761e-10	2.4541e-09	4.5579e-10	1.275e-09	4.1475e-10	1.3662e-09	3.0531e-10	7.5162e-10	1.3601e-10	3.8067e-10	4.462e-11	1.459e-10	7.5214e-11	2.1689e-10	7.0579e-11	1.8915e-10	4.1619e-11	2.2297e-10	4.7028e-11	2.7258e-10	5.2291e-11	1.2883e-10	3.0968e-11	3.2035e-10	2.8644e-11	8.575e-11	2.0429e-11	7.6133e-11	9.0164e-12	8.5831e-11	1.4763e-11	6.697e-11	1.6722e-11	6.7004e-11	2.5364e-11	4.2106e-11	8.6029e-12	4.2637e-11	6.2231e-12	3.8832e-11	3.4995e-12	3.8852e-11	1.3428e-11	5.7663e-11	3.7938e-11	7.2067e-11	1.3442e-11	2.3557e-11	7.2226e-12	6.7435e-11	3.5131e-12	3.9214e-12	2.3743e-12
21.1677	0.055552	0.067486	6.3197e-05	1.2235e-05	0.00010459	0.00056032	0.00058681	0.0030478	8.469e-06	0.00032667	1.6781e-05	0.00010888	1.9385e-05	6.8401e-05	1.6185e-06	8.6237e-06	9.3722e-07	4.0811e-06	2.2175e-06	1.1883e-05	2.0625e-06	7.9049e-06	5.5563e-06	9.718e-06	6.8836e-06	4.6667e-05	1.2495e-07	1.897e-06	3.1921e-08	4.1244e-08	3.0721e-09	6.6317e-09	4.2165e-10	2.4775e-09	4.602e-10	1.2871e-09	4.1874e-10	1.3794e-09	3.0827e-10	7.589e-10	1.3732e-10	3.8435e-10	4.5052e-11	1.4731e-10	7.5943e-11	2.1897e-10	7.1263e-11	1.9096e-10	4.2016e-11	2.2511e-10	4.7478e-11	2.7519e-10	5.2792e-11	1.3006e-10	3.1264e-11	3.2342e-10	2.8919e-11	8.6572e-11	2.0624e-11	7.6862e-11	9.1026e-12	8.6654e-11	1.4904e-11	6.7613e-11	1.6883e-11	6.7647e-11	2.5608e-11	4.2511e-11	8.6855e-12	4.3047e-11	6.2829e-12	3.9205e-11	3.5332e-12	3.9226e-11	1.3557e-11	5.8218e-11	3.8303e-11	7.2761e-11	1.3572e-11	2.3784e-11	7.2922e-12	6.8085e-11	3.547e-12	3.9593e-12	2.3973e-12
21.4619	0.056191	0.067565	6.3872e-05	1.2442e-05	0.00010592	0.00056348	0.00056709	0.0029325	8.5714e-06	0.00031826	1.6947e-05	0.00010982	1.9563e-05	6.9021e-05	1.6404e-06	8.722e-06	9.5273e-07	4.0094e-06	2.2498e-06	1.1998e-05	2.0861e-06	7.9917e-06	5.6059e-06	9.8121e-06	6.9419e-06	4.714e-05	1.2684e-07	1.9174e-06	3.2243e-08	4.1663e-08	3.1024e-09	6.6972e-09	4.2582e-10	2.5016e-09	4.6475e-10	1.2996e-09	4.2282e-10	1.3928e-09	3.1132e-10	7.664e-10	1.3868e-10	3.8815e-10	4.5497e-11	1.4875e-10	7.6694e-11	2.211e-10	7.1962e-11	1.9282e-10	4.2425e-11	2.273e-10	4.7942e-11	2.7789e-10	5.3308e-11	1.3133e-10	3.157e-11	3.2659e-10	2.9202e-11	8.7419e-11	2.0825e-11	7.7614e-11	9.1915e-12	8.7502e-11	1.505e-11	6.8276e-11	1.7048e-11	6.8311e-11	2.5859e-11	4.2928e-11	8.7706e-12	4.3469e-11	6.3446e-12	3.959e-11	3.5679e-12	3.9611e-11	1.369e-11	5.879e-11	3.8679e-11	7.3476e-11	1.3705e-11	2.4018e-11	7.364e-12	6.8755e-11	3.5819e-12	3.9984e-12	2.4209e-12
21.7602	0.056852	0.067628	6.4565e-05	1.2656e-05	0.00010729	0.00056677	0.00054807	0.0028222	8.677e-06	0.00031025	1.7122e-05	0.0001108	1.9748e-05	6.9663e-05	1.663e-06	8.8235e-06	9.6895e-07	3.9432e-06	2.2831e-06	1.2117e-05	2.1103e-06	8.0805e-06	5.657e-06	9.9092e-06	7.0011e-06	4.7628e-05	1.2875e-07	1.9387e-06	3.2567e-08	4.2089e-08	3.1337e-09	6.7648e-09	4.3011e-10	2.5265e-09	4.6939e-10	1.3126e-09	4.2702e-10	1.4066e-09	3.1443e-10	7.7406e-10	1.4008e-10	3.9202e-10	4.5953e-11	1.5023e-10	7.7455e-11	2.233e-10	7.2676e-11	1.9474e-10	4.2848e-11	2.2957e-10	4.8421e-11	2.8067e-10	5.384e-11	1.3265e-10	3.1886e-11	3.2986e-10	2.9494e-11	8.8293e-11	2.1033e-11	7.8389e-11	9.2832e-12	8.8377e-11	1.52e-11	6.896e-11	1.7219e-11	6.8995e-11	2.6118e-11	4.3358e-11	8.8585e-12	4.3905e-11	6.4081e-12	3.9987e-11	3.6037e-12	4.0009e-11	1.3828e-11	5.9381e-11	3.9068e-11	7.4214e-11	1.3842e-11	2.4259e-11	7.438e-12	6.9446e-11	3.6179e-12	4.0382e-12	2.4449e-12
22.0626	0.057537	0.067678	6.5278e-05	1.2875e-05	0.00010868	0.00057022	0.00052954	0.0027166	8.7855e-06	0.00030237	1.7303e-05	0.00011181	1.9945e-05	7.0324e-05	1.6865e-06	8.9279e-06	9.857e-07	3.8828e-06	2.3174e-06	1.224e-05	2.1352e-06	8.1697e-06	5.7096e-06	1.0007e-05	7.0622e-06	4.813e-05	1.307e-07	1.9607e-06	3.29e-08	4.2519e-08	3.1659e-09	6.8334e-09	4.3446e-10	2.5521e-09	4.7414e-10	1.3259e-09	4.3134e-10	1.4209e-09	3.1761e-10	7.8189e-10	1.415e-10	3.9598e-10	4.6417e-11	1.5175e-10	7.8239e-11	2.2556e-10	7.3412e-11	1.9671e-10	4.3283e-11	2.319e-10	4.8913e-11	2.8354e-10	5.4388e-11	1.34e-10	3.2211e-11	3.3323e-10	2.9795e-11	8.9193e-11	2.1247e-11	7.9187e-11	9.3776e-12	8.9278e-11	1.5355e-11	6.9664e-11	1.7395e-11	6.97e-11	2.6385e-11	4.3801e-11	8.9489e-12	4.4354e-11	6.4736e-12	4.0396e-11	3.6405e-12	4.0418e-11	1.3969e-11	5.9989e-11	3.9467e-11	7.4974e-11	1.3984e-11	2.4507e-11	7.5142e-12	7.0158e-11	3.6549e-12	4.0789e-12	2.4695e-12
22.3692	0.058246	0.067714	6.6011e-05	1.3099e-05	0.00011008	0.00057385	0.0005117	0.0026166	8.8971e-06	0.0002948	1.7489e-05	0.00011285	2.0147e-05	7.1007e-05	1.7109e-06	9.0355e-06	1.0029e-06	3.8261e-06	2.3533e-06	1.2367e-05	2.1608e-06	8.2615e-06	5.7638e-06	1.0107e-05	7.1253e-06	4.8641e-05	1.327e-07	1.9832e-06	3.3243e-08	4.2963e-08	3.1987e-09	6.9038e-09	4.3894e-10	2.5785e-09	4.7903e-10	1.3396e-09	4.358e-10	1.4355e-09	3.2089e-10	7.8995e-10	1.4296e-10	4.0007e-10	4.6896e-11	1.5332e-10	7.9046e-11	2.2789e-10	7.417e-11	1.9875e-10	4.3731e-11	2.3431e-10	4.9421e-11	2.8649e-10	5.4952e-11	1.3539e-10	3.2545e-11	3.367e-10	3.0105e-11	9.0119e-11	2.1468e-11	8.0009e-11	9.4748e-12	9.0206e-11	1.5515e-11	7.0389e-11	1.7576e-11	7.0426e-11	2.666e-11	4.4257e-11	9.042e-12	4.4816e-11	6.541e-12	4.0817e-11	3.6784e-12	4.0839e-11	1.4115e-11	6.0615e-11	3.9879e-11	7.5756e-11	1.413e-11	2.4763e-11	7.5927e-12	7.0891e-11	3.6931e-12	4.1209e-12	2.4949e-12
22.6801	0.058978	0.067733	6.6763e-05	1.3328e-05	0.00011153	0.00057765	0.00049439	0.0025223	9.0117e-06	0.00028756	1.768e-05	0.00011392	2.0355e-05	7.171e-05	1.7361e-06	9.1461e-06	1.0207e-06	3.7748e-06	2.3903e-06	1.2497e-05	2.1864e-06	8.3557e-06	5.8195e-06	1.0209e-05	7.1901e-06	4.9156e-05	1.3476e-07	2.0064e-06	3.3596e-08	4.3418e-08	3.2322e-09	6.9761e-09	4.4354e-10	2.6056e-09	4.8405e-10	1.3537e-09	4.4038e-10	1.4506e-09	3.2425e-10	7.9824e-10	1.4446e-10	4.0426e-10	4.7388e-11	1.5492e-10	7.9875e-11	2.3028e-10	7.4948e-11	2.0084e-10	4.4191e-11	2.3678e-10	4.9942e-11	2.8952e-10	5.5532e-11	1.3682e-10	3.2889e-11	3.4026e-10	3.0423e-11	9.1071e-11	2.1694e-11	8.0854e-11	9.5747e-12	9.1159e-11	1.5679e-11	7.1134e-11	1.7762e-11	7.1171e-11	2.6942e-11	4.4725e-11	9.1376e-12	4.5291e-11	6.6103e-12	4.1249e-11	3.7174e-12	4.1272e-11	1.4264e-11	6.1258e-11	4.0302e-11	7.6559e-11	1.428e-11	2.5026e-11	7.6726e-12	7.1634e-11	3.7322e-12	4.164e-12	2.521e-12
22.9953	0.059734	0.067739	6.7535e-05	1.3564e-05	0.00011301	0.00058164	0.00047797	0.0024334	9.1295e-06	0.00028065	1.7877e-05	0.00011504	2.0569e-05	7.2434e-05	1.7619e-06	9.2598e-06	1.0389e-06	3.7279e-06	2.4283e-06	1.2631e-05	2.2127e-06	8.4525e-06	5.8763e-06	1.0314e-05	7.2567e-06	4.9685e-05	1.3688e-07	2.0303e-06	3.3958e-08	4.3886e-08	3.2666e-09	7.0505e-09	4.4827e-10	2.6335e-09	4.8922e-10	1.3681e-09	4.4508e-10	1.4661e-09	3.2771e-10	8.0675e-10	1.46e-10	4.0858e-10	4.7893e-11	1.5658e-10	8.0728e-11	2.3274e-10	7.5748e-11	2.0299e-10	4.4664e-11	2.3931e-10	5.0477e-11	2.9264e-10	5.6128e-11	1.383e-10	3.3242e-11	3.4392e-10	3.075e-11	9.2049e-11	2.1927e-11	8.1722e-11	9.6773e-12	9.2139e-11	1.5847e-11	7.19e-11	1.7953e-11	7.1938e-11	2.7232e-11	4.5207e-11	9.236e-12	4.5778e-11	6.6814e-12	4.1694e-11	3.7575e-12	4.1717e-11	1.4418e-11	6.1915e-11	4.0737e-11	7.7382e-11	1.4434e-11	2.5293e-11	7.754e-12	7.2394e-11	3.7717e-12	4.2083e-12	2.5479e-12
23.3148	0.060514	0.067731	6.8325e-05	1.3805e-05	0.00011453	0.00058576	0.00046201	0.0023494	9.2476e-06	0.00027407	1.8079e-05	0.00011621	2.0789e-05	7.3183e-05	1.7884e-06	9.3768e-06	1.0576e-06	3.6859e-06	2.4673e-06	1.2769e-05	2.2396e-06	8.5517e-06	5.9341e-06	1.0422e-05	7.3248e-06	5.0228e-05	1.3904e-07	2.0548e-06	3.433e-08	4.4367e-08	3.3019e-09	7.1268e-09	4.5313e-10	2.662e-09	4.9452e-10	1.383e-09	4.4991e-10	1.482e-09	3.3126e-10	8.1549e-10	1.4758e-10	4.13e-10	4.8412e-11	1.5828e-10	8.1602e-11	2.3527e-10	7.6569e-11	2.0519e-10	4.5149e-11	2.4192e-10	5.1027e-11	2.9584e-10	5.6739e-11	1.3981e-10	3.3605e-11	3.4768e-10	3.1086e-11	9.3053e-11	2.2166e-11	8.2612e-11	9.7826e-12	9.3144e-11	1.602e-11	7.2686e-11	1.8149e-11	7.2724e-11	2.753e-11	4.5701e-11	9.3369e-12	4.6279e-11	6.7545e-12	4.215e-11	3.7986e-12	4.2171e-11	1.4575e-11	6.2581e-11	4.1175e-11	7.8215e-11	1.459e-11	2.5565e-11	7.8375e-12	7.3175e-11	3.8124e-12	4.2538e-12	2.5756e-12
23.6389	0.061319	0.067697	6.9136e-05	1.4054e-05	0.00011609	0.00059022	0.00044688	0.0022691	9.3683e-06	0.00026773	1.8283e-05	0.00011741	2.1015e-05	7.3971e-05	1.8156e-06	9.4997e-06	1.0768e-06	3.6476e-06	2.5074e-06	1.2915e-05	2.2673e-06	8.6535e-06	5.9933e-06	1.0533e-05	7.3938e-06	5.0785e-05	1.4126e-07	2.0793e-06	3.4707e-08	4.4859e-08	3.3382e-09	7.2052e-09	4.5811e-10	2.6914e-09	4.9995e-10	1.3982e-09	4.5487e-10	1.4983e-09	3.349e-10	8.2446e-10	1.492e-10	4.1755e-10	4.8944e-11	1.6002e-10	8.25e-11	2.3786e-10	7.7412e-11	2.0746e-10	4.5647e-11	2.4459e-10	5.1591e-11	2.9912e-10	5.7367e-11	1.4135e-10	3.3977e-11	3.5154e-10	3.1431e-11	9.4083e-11	2.2411e-11	8.3527e-11	9.8907e-12	9.4176e-11	1.6197e-11	7.3492e-11	1.835e-11	7.3531e-11	2.7835e-11	4.6208e-11	9.4404e-12	4.6788e-11	6.8293e-12	4.261e-11	3.8401e-12	4.2632e-11	1.4735e-11	6.3265e-11	4.1625e-11	7.9069e-11	1.4749e-11	2.5845e-11	7.9233e-12	7.3975e-11	3.8541e-12	4.3009e-12	2.6041e-12
23.9674	0.062147	0.067649	6.9965e-05	1.4308e-05	0.00011769	0.00059488	0.00043258	0.0021929	9.4921e-06	0.00026158	1.849e-05	0.00011865	2.1243e-05	7.478e-05	1.8435e-06	9.6257e-06	1.0961e-06	3.6131e-06	2.5485e-06	1.3064e-05	2.2956e-06	8.7564e-06	6.0539e-06	1.0645e-05	7.4645e-06	5.1356e-05	1.4352e-07	2.1043e-06	3.5092e-08	4.5356e-08	3.3753e-09	7.2854e-09	4.6321e-10	2.7214e-09	5.0553e-10	1.4139e-09	4.5994e-10	1.5151e-09	3.3863e-10	8.3365e-10	1.5086e-10	4.222e-10	4.949e-11	1.618e-10	8.342e-11	2.4052e-10	7.8275e-11	2.0978e-10	4.6157e-11	2.4733e-10	5.2169e-11	3.0245e-10	5.801e-11	1.4294e-10	3.4358e-11	3.5546e-10	3.1784e-11	9.5139e-11	2.2662e-11	8.4463e-11	1.0002e-11	9.5233e-11	1.6379e-11	7.4309e-11	1.8556e-11	7.4344e-11	2.8143e-11	4.672e-11	9.5462e-12	4.7306e-11	6.9048e-12	4.3082e-11	3.8826e-12	4.3104e-11	1.4898e-11	6.3966e-11	4.2086e-11	7.9945e-11	1.4912e-11	2.6131e-11	8.0111e-12	7.4795e-11	3.8968e-12	4.3491e-12	2.6333e-12
24.3005	0.063001	0.067586	7.0814e-05	1.4569e-05	0.0001193	0.00059972	0.000419	0.0021213	9.6189e-06	0.00025568	1.8701e-05	0.00011991	2.1473e-05	7.561e-05	1.8716e-06	9.755e-06	1.116e-06	3.5824e-06	2.5905e-06	1.3218e-05	2.3246e-06	8.8617e-06	6.1161e-06	1.076e-05	7.537e-06	5.1941e-05	1.4583e-07	2.13e-06	3.5487e-08	4.5866e-08	3.4134e-09	7.3677e-09	4.6844e-10	2.7522e-09	5.1124e-10	1.4299e-09	4.6515e-10	1.5322e-09	3.4246e-10	8.4307e-10	1.5257e-10	4.2697e-10	5.0049e-11	1.6363e-10	8.4363e-11	2.4324e-10	7.916e-11	2.1215e-10	4.6681e-11	2.5014e-10	5.2762e-11	3.0584e-10	5.8669e-11	1.4456e-10	3.4749e-11	3.5944e-10	3.2142e-11	9.6221e-11	2.2919e-11	8.5423e-11	1.0115e-11	9.6317e-11	1.6565e-11	7.5141e-11	1.8764e-11	7.5177e-11	2.8459e-11	4.7244e-11	9.6531e-12	4.7836e-11	6.9822e-12	4.3565e-11	3.9261e-12	4.3587e-11	1.5065e-11	6.4684e-11	4.2559e-11	8.0843e-11	1.508e-11	2.6424e-11	8.1012e-12	7.5638e-11	3.9406e-12	4.3985e-12	2.6632e-12
24.6382	0.063878	0.067531	7.1683e-05	1.4837e-05	0.00012096	0.00060475	0.00040579	0.0020546	9.7488e-06	0.00025007	1.8918e-05	0.00012121	2.1709e-05	7.6461e-05	1.9003e-06	9.8875e-06	1.1364e-06	3.5555e-06	2.6329e-06	1.3375e-05	2.3541e-06	8.9694e-06	6.1797e-06	1.0877e-05	7.6112e-06	5.2531e-05	1.482e-07	2.1563e-06	3.589e-08	4.6388e-08	3.4523e-09	7.4519e-09	4.7379e-10	2.7838e-09	5.1708e-10	1.4463e-09	4.7047e-10	1.5497e-09	3.4638e-10	8.5271e-10	1.5431e-10	4.3185e-10	5.0621e-11	1.655e-10	8.5327e-11	2.4602e-10	8.0066e-11	2.1459e-10	4.7216e-11	2.5301e-10	5.3368e-11	3.0931e-10	5.9344e-11	1.462e-10	3.5147e-11	3.6352e-10	3.2507e-11	9.7324e-11	2.3183e-11	8.6406e-11	1.0231e-11	9.7411e-11	1.6756e-11	7.5994e-11	1.8977e-11	7.603e-11	2.8782e-11	4.778e-11	9.7625e-12	4.8379e-11	7.0614e-12	4.4059e-11	3.9707e-12	4.4082e-11	1.5236e-11	6.5419e-11	4.3042e-11	8.1761e-11	1.5251e-11	2.6725e-11	8.1942e-12	7.6506e-11	3.9857e-12	4.4491e-12	2.6939e-12
24.9806	0.064781	0.067479	7.2571e-05	1.5112e-05	0.00012265	0.00060996	0.00039336	0.0019925	9.8817e-06	0.00024472	1.9139e-05	0.00012254	2.195e-05	7.7332e-05	1.9297e-06	1.0023e-05	1.1573e-06	3.5327e-06	2.6764e-06	1.3536e-05	2.3841e-06	9.0796e-06	6.2448e-06	1.0997e-05	7.6871e-06	5.3135e-05	1.5063e-07	2.1832e-06	3.6304e-08	4.6922e-08	3.4922e-09	7.5381e-09	4.7927e-10	2.8161e-09	5.2307e-10	1.463e-09	4.7592e-10	1.5677e-09	3.5038e-10	8.6257e-10	1.5609e-10	4.3685e-10	5.1207e-11	1.6742e-10	8.6315e-11	2.4887e-10	8.0993e-11	2.1708e-10	4.7764e-11	2.5595e-10	5.3989e-11	3.1286e-10	6.0034e-11	1.4788e-10	3.555e-11	3.6769e-10	3.2879e-11	9.8439e-11	2.3452e-11	8.7403e-11	1.035e-11	9.8527e-11	1.6947e-11	7.6866e-11	1.9194e-11	7.6903e-11	2.9112e-11	4.8328e-11	9.8745e-12	4.8934e-11	7.1425e-12	4.4566e-11	4.0163e-12	4.4589e-11	1.5411e-11	6.6177e-11	4.3539e-11	8.2708e-11	1.5427e-11	2.7035e-11	8.2893e-12	7.7395e-11	4.0319e-12	4.5009e-12	2.7255e-12
25.3277	0.065709	0.067413	7.3478e-05	1.5393e-05	0.00012438	0.00061537	0.00038163	0.0019337	1.0017e-05	0.00023957	1.9366e-05	0.00012386	2.2197e-05	7.8225e-05	1.9598e-06	1.0162e-05	1.1788e-06	3.5136e-06	2.7209e-06	1.37e-05	2.4147e-06	9.1922e-06	6.3113e-06	1.1119e-05	7.7648e-06	5.3752e-05	1.5312e-07	2.2107e-06	3.6727e-08	4.7468e-08	3.533e-09	7.6262e-09	4.8488e-10	2.8491e-09	5.2919e-10	1.4802e-09	4.815e-10	1.586e-09	3.5448e-10	8.7266e-10	1.5792e-10	4.4196e-10	5.1806e-11	1.6938e-10	8.7325e-11	2.5179e-10	8.1941e-11	2.1962e-10	4.8325e-11	2.5896e-10	5.4618e-11	3.1649e-10	6.0729e-11	1.4959e-10	3.5962e-11	3.7196e-10	3.3261e-11	9.9579e-11	2.3725e-11	8.8415e-11	1.0472e-11	9.9669e-11	1.7144e-11	7.7758e-11	1.9417e-11	7.7796e-11	2.945e-11	4.8889e-11	9.9891e-12	4.9504e-11	7.2254e-12	4.5086e-11	4.0632e-12	4.5111e-11	1.5591e-11	6.6954e-11	4.405e-11	8.3678e-11	1.5608e-11	2.7352e-11	8.3866e-12	7.8303e-11	4.0793e-12	4.5548e-12	2.7581e-12
25.6797	0.066662	0.067326	7.4405e-05	1.5681e-05	0.00012615	0.0006209	0.00037052	0.0018788	1.0154e-05	0.00023462	1.9597e-05	0.00012521	2.245e-05	7.9122e-05	1.9906e-06	1.0303e-05	1.2008e-06	3.498e-06	2.7665e-06	1.3867e-05	2.4461e-06	9.3073e-06	6.3792e-06	1.1244e-05	7.8441e-06	5.4383e-05	1.5566e-07	2.2387e-06	3.7159e-08	4.8026e-08	3.5747e-09	7.7163e-09	4.906e-10	2.8828e-09	5.3544e-10	1.4977e-09	4.872e-10	1.6048e-09	3.5867e-10	8.8298e-10	1.5978e-10	4.4719e-10	5.2418e-11	1.7139e-10	8.8358e-11	2.5477e-10	8.291e-11	2.2223e-10	4.8897e-11	2.62e-10	5.5257e-11	3.202e-10	6.1439e-11	1.5134e-10	3.6382e-11	3.7632e-10	3.365e-11	1.0074e-10	2.4003e-11	8.9449e-11	1.0594e-11	1.0084e-10	1.7344e-11	7.8672e-11	1.9645e-11	7.8713e-11	2.9797e-11	4.9464e-11	1.0106e-11	5.0089e-11	7.3107e-12	4.5619e-11	4.1113e-12	4.5645e-11	1.5776e-11	6.7747e-11	4.4571e-11	8.467e-11	1.5792e-11	2.7677e-11	8.4861e-12	7.9232e-11	4.1276e-12	4.6098e-12	2.7915e-12
26.0366	0.067641	0.067206	7.5351e-05	1.5977e-05	0.00012796	0.00062648	0.00036003	0.0018268	1.0294e-05	0.00022988	1.9831e-05	0.00012659	2.2707e-05	8.0028e-05	2.0221e-06	1.0445e-05	1.2232e-06	3.4857e-06	2.8131e-06	1.4034e-05	2.4781e-06	9.4249e-06	6.4486e-06	1.1372e-05	7.9252e-06	5.5028e-05	1.5827e-07	2.267e-06	3.76e-08	4.8596e-08	3.6173e-09	7.8083e-09	4.9645e-10	2.9173e-09	5.4183e-10	1.5156e-09	4.9302e-10	1.624e-09	3.6295e-10	8.9351e-10	1.6169e-10	4.5252e-10	5.3043e-11	1.7343e-10	8.9412e-11	2.5782e-10	8.39e-11	2.2489e-10	4.9483e-11	2.6509e-10	5.5909e-11	3.2402e-10	6.2164e-11	1.5313e-10	3.6812e-11	3.8081e-10	3.4049e-11	1.0193e-10	2.4286e-11	9.0505e-11	1.0719e-11	1.0203e-10	1.7549e-11	7.9611e-11	1.9878e-11	7.9652e-11	3.0153e-11	5.0055e-11	1.0227e-11	5.0687e-11	7.3979e-12	4.6164e-11	4.1604e-12	4.619e-11	1.5964e-11	6.8557e-11	4.5104e-11	8.5682e-11	1.5981e-11	2.8008e-11	8.5876e-12	8.0182e-11	4.177e-12	4.6661e-12	2.8256e-12
26.3984	0.068645	0.067072	7.6381e-05	1.6279e-05	0.00012981	0.00063223	0.00035012	0.0017782	1.0438e-05	0.00022531	2.0069e-05	0.000128	2.2967e-05	8.0954e-05	2.0542e-06	1.059e-05	1.2461e-06	3.4769e-06	2.8609e-06	1.4206e-05	2.5108e-06	9.5449e-06	6.5193e-06	1.1502e-05	8.0078e-06	5.5686e-05	1.6093e-07	2.296e-06	3.8051e-08	4.9178e-08	3.6608e-09	7.9022e-09	5.0243e-10	2.9525e-09	5.4835e-10	1.5339e-09	4.9896e-10	1.6436e-09	3.6732e-10	9.0426e-10	1.6363e-10	4.5797e-10	5.3682e-11	1.7552e-10	9.0489e-11	2.6092e-10	8.4911e-11	2.2757e-10	5.0071e-11	2.6824e-10	5.6574e-11	3.2792e-10	6.2904e-11	1.5497e-10	3.7251e-11	3.8539e-10	3.4458e-11	1.0315e-10	2.4575e-11	9.1583e-11	1.0847e-11	1.0325e-10	1.7758e-11	8.0569e-11	2.0117e-11	8.0612e-11	3.0516e-11	5.0657e-11	1.035e-11	5.1298e-11	7.4871e-12	4.6721e-11	4.2105e-12	4.6747e-11	1.6157e-11	6.9384e-11	4.5648e-11	8.6716e-11	1.6174e-11	2.8346e-11	8.6929e-12	8.1167e-11	4.2279e-12	4.7235e-12	2.8604e-12
26.7653	0.069675	0.066924	7.7365e-05	1.6589e-05	0.0001317	0.00063815	0.00034089	0.0017331	1.0584e-05	0.00022097	2.0312e-05	0.00012944	2.3232e-05	8.19e-05	2.0868e-06	1.0738e-05	1.2695e-06	3.4713e-06	2.9093e-06	1.4381e-05	2.5441e-06	9.6673e-06	6.5915e-06	1.1635e-05	8.0921e-06	5.6357e-05	1.6365e-07	2.3256e-06	3.8511e-08	4.9772e-08	3.7051e-09	7.9981e-09	5.0852e-10	2.988e-09	5.5501e-10	1.5523e-09	5.0503e-10	1.6635e-09	3.7178e-10	9.1524e-10	1.6562e-10	4.6353e-10	5.4333e-11	1.7765e-10	9.1587e-11	2.6409e-10	8.5942e-11	2.3029e-10	5.0671e-11	2.7146e-10	5.7253e-11	3.3191e-10	6.366e-11	1.5685e-10	3.7702e-11	3.9007e-10	3.4876e-11	1.044e-10	2.487e-11	9.2685e-11	1.0977e-11	1.045e-10	1.7973e-11	8.1547e-11	2.0361e-11	8.159e-11	3.0886e-11	5.1273e-11	1.0475e-11	5.1921e-11	7.578e-12	4.7289e-11	4.2617e-12	4.7315e-11	1.6353e-11	7.0238e-11	4.6207e-11	8.7782e-11	1.6371e-11	2.8696e-11	8.8005e-12	8.2172e-11	4.2803e-12	4.7821e-12	2.8952e-12
27.1373	0.070731	0.066772	7.8354e-05	1.6905e-05	0.00013363	0.00064425	0.00033225	0.0016906	1.0733e-05	0.00021686	2.056e-05	0.00013091	2.3502e-05	8.2865e-05	2.1201e-06	1.089e-05	1.2935e-06	3.4685e-06	2.9587e-06	1.4559e-05	2.5782e-06	9.7922e-06	6.665e-06	1.1771e-05	8.178e-06	5.7042e-05	1.6644e-07	2.3558e-06	3.8979e-08	5.0378e-08	3.7504e-09	8.0958e-09	5.1474e-10	3.024e-09	5.618e-10	1.571e-09	5.1113e-10	1.6837e-09	3.7632e-10	9.2643e-10	1.6764e-10	4.692e-10	5.4997e-11	1.7982e-10	9.2707e-11	2.6727e-10	8.6994e-11	2.3307e-10	5.1283e-11	2.7474e-10	5.7947e-11	3.3596e-10	6.4434e-11	1.5877e-10	3.8162e-11	3.9484e-10	3.5302e-11	1.0567e-10	2.5171e-11	9.3816e-11	1.111e-11	1.0578e-10	1.8192e-11	8.2545e-11	2.061e-11	8.2589e-11	3.1264e-11	5.19e-11	1.0603e-11	5.2557e-11	7.6707e-12	4.7871e-11	4.3142e-12	4.7901e-11	1.6555e-11	7.1113e-11	4.6783e-11	8.8875e-11	1.6575e-11	2.9054e-11	8.9103e-12	8.3197e-11	4.3336e-12	4.8395e-12	2.9299e-12
27.5144	0.071812	0.066606	7.9362e-05	1.7244e-05	0.00013559	0.00065052	0.00032421	0.0016511	1.0886e-05	0.00021297	2.0812e-05	0.00013239	2.3777e-05	8.3849e-05	2.1541e-06	1.1045e-05	1.318e-06	3.4691e-06	3.0092e-06	1.4741e-05	2.6129e-06	9.9194e-06	6.7398e-06	1.1909e-05	8.2655e-06	5.774e-05	1.6928e-07	2.3865e-06	3.9457e-08	5.0995e-08	3.7965e-09	8.1954e-09	5.2107e-10	3.0608e-09	5.687e-10	1.5901e-09	5.1733e-10	1.7041e-09	3.8096e-10	9.3783e-10	1.697e-10	4.7495e-10	5.5674e-11	1.8201e-10	9.3841e-11	2.7052e-10	8.805e-11	2.359e-10	5.1906e-11	2.7809e-10	5.8658e-11	3.401e-10	6.5225e-11	1.6072e-10	3.8632e-11	3.997e-10	3.5737e-11	1.0697e-10	2.5481e-11	9.4969e-11	1.1246e-11	1.0708e-10	1.8416e-11	8.3563e-11	2.0864e-11	8.3613e-11	3.1652e-11	5.2542e-11	1.0734e-11	5.3215e-11	7.766e-12	4.8471e-11	4.3682e-12	4.8502e-11	1.6763e-11	7.2006e-11	4.7369e-11	8.999e-11	1.6783e-11	2.9418e-11	9.0222e-12	8.4242e-11	4.388e-12	4.8979e-12	2.9653e-12
27.8968	0.072921	0.066427	8.0389e-05	1.7576e-05	0.0001376	0.000657	0.00031673	0.0016144	1.1041e-05	0.00020927	2.107e-05	0.0001339	2.4057e-05	8.4849e-05	2.1888e-06	1.1202e-05	1.3431e-06	3.4728e-06	3.0609e-06	1.4927e-05	2.6483e-06	1.0049e-05	6.8161e-06	1.205e-05	8.3546e-06	5.8451e-05	1.7219e-07	2.4179e-06	3.9944e-08	5.1624e-08	3.8435e-09	8.2965e-09	5.2749e-10	3.0982e-09	5.7564e-10	1.6096e-09	5.2365e-10	1.725e-09	3.8561e-10	9.4928e-10	1.718e-10	4.8075e-10	5.6355e-11	1.8423e-10	9.4987e-11	2.7383e-10	8.9125e-11	2.3879e-10	5.2542e-11	2.8153e-10	5.9383e-11	3.4438e-10	6.6032e-11	1.6271e-10	3.911e-11	4.0473e-10	3.618e-11	1.083e-10	2.5796e-11	9.6144e-11	1.1384e-11	1.084e-10	1.8644e-11	8.4617e-11	2.1124e-11	8.4667e-11	3.2051e-11	5.3204e-11	1.0868e-11	5.3886e-11	7.8639e-12	4.9083e-11	4.4233e-12	4.9114e-11	1.6974e-11	7.2915e-11	4.7967e-11	9.1127e-11	1.6995e-11	2.979e-11	9.1363e-12	8.5303e-11	4.4435e-12	4.9575e-12	3.0013e-12
28.2845	0.074056	0.066215	8.1434e-05	1.7914e-05	0.00013964	0.00066354	0.00030975	0.0015802	1.12e-05	0.00020577	2.1333e-05	0.00013543	2.4343e-05	8.5857e-05	2.2242e-06	1.1361e-05	1.3688e-06	3.4818e-06	3.1137e-06	1.5113e-05	2.6843e-06	1.0181e-05	6.8995e-06	1.2193e-05	8.4452e-06	5.9175e-05	1.7515e-07	2.4499e-06	4.044e-08	5.2265e-08	3.8913e-09	8.3983e-09	5.3396e-10	3.1363e-09	5.8271e-10	1.6294e-09	5.3009e-10	1.7462e-09	3.9034e-10	9.6094e-10	1.7391e-10	4.8666e-10	5.7047e-11	1.8649e-10	9.6154e-11	2.7719e-10	9.022e-11	2.4174e-10	5.3191e-11	2.8503e-10	6.0122e-11	3.4875e-10	6.6853e-11	1.6476e-10	3.9597e-11	4.0986e-10	3.6637e-11	1.0965e-10	2.6116e-11	9.734e-11	1.1526e-11	1.0976e-10	1.8876e-11	8.569e-11	2.1392e-11	8.5741e-11	3.2457e-11	5.3879e-11	1.1006e-11	5.457e-11	7.9637e-12	4.9706e-11	4.4795e-12	4.9737e-11	1.719e-11	7.3842e-11	4.8577e-11	9.2285e-11	1.7211e-11	3.0169e-11	9.2483e-12	8.6344e-11	4.4987e-12	5.0181e-12	3.038e-12
28.6776	0.075217	0.065989	8.2497e-05	1.8257e-05	0.00014172	0.00067027	0.00030323	0.0015484	1.1361e-05	0.00020248	2.16e-05	0.00013698	2.4634e-05	8.6883e-05	2.2604e-06	1.1523e-05	1.3951e-06	3.4915e-06	3.1675e-06	1.5303e-05	2.721e-06	1.0316e-05	6.9785e-06	1.2338e-05	8.5447e-06	5.9913e-05	1.7818e-07	2.4825e-06	4.0945e-08	5.2917e-08	3.9393e-09	8.5019e-09	5.4055e-10	3.1752e-09	5.899e-10	1.6496e-09	5.3665e-10	1.7677e-09	3.9516e-10	9.728e-10	1.7606e-10	4.9267e-10	5.7751e-11	1.888e-10	9.7342e-11	2.8062e-10	9.1335e-11	2.4476e-10	5.3855e-11	2.8859e-10	6.0874e-11	3.5319e-10	6.769e-11	1.6686e-10	4.0099e-11	4.1508e-10	3.7104e-11	1.1103e-10	2.6443e-11	9.8559e-11	1.167e-11	1.1116e-10	1.9114e-11	8.6782e-11	2.1665e-11	8.6834e-11	3.2871e-11	5.4566e-11	1.1146e-11	5.5266e-11	8.0653e-12	5.034e-11	4.5367e-12	5.0372e-11	1.7409e-11	7.4758e-11	4.9188e-11	9.3434e-11	1.7429e-11	3.0539e-11	9.3617e-12	8.7403e-11	4.5539e-12	5.0797e-12	3.0752e-12
29.0761	0.076405	0.06575	8.3584e-05	1.8608e-05	0.00014385	0.00067715	0.00029723	0.001519	1.1526e-05	0.00019937	2.1871e-05	0.00013857	2.4929e-05	8.7927e-05	2.2973e-06	1.1688e-05	1.4219e-06	3.5038e-06	3.2225e-06	1.5497e-05	2.7584e-06	1.0453e-05	7.0587e-06	1.2487e-05	8.6384e-06	6.0663e-05	1.8143e-07	2.5156e-06	4.1459e-08	5.3581e-08	3.9881e-09	8.6073e-09	5.4725e-10	3.2149e-09	5.9722e-10	1.6703e-09	5.4334e-10	1.7897e-09	4.0006e-10	9.8486e-10	1.7824e-10	4.9878e-10	5.8467e-11	1.9114e-10	9.8549e-11	2.8413e-10	9.2468e-11	2.4783e-10	5.453e-11	2.9222e-10	6.1639e-11	3.5772e-10	6.8546e-11	1.6899e-10	4.0611e-11	4.2039e-10	3.7579e-11	1.1245e-10	2.6775e-11	9.9817e-11	1.1817e-11	1.1258e-10	1.9358e-11	8.7893e-11	2.1942e-11	8.7946e-11	3.3292e-11	5.5265e-11	1.1289e-11	5.5974e-11	8.1686e-12	5.0976e-11	4.594e-12	5.1e-11	1.7627e-11	7.5678e-11	4.9794e-11	9.4584e-11	1.7644e-11	3.0915e-11	9.477e-12	8.848e-11	4.61e-12	5.1419e-12	3.1128e-12
29.4802	0.07762	0.065507	8.4693e-05	1.8966e-05	0.00014601	0.00068421	0.00029178	0.0014914	1.1693e-05	0.00019646	2.2148e-05	0.00014018	2.523e-05	8.899e-05	2.335e-06	1.1857e-05	1.4494e-06	3.5186e-06	3.2787e-06	1.5694e-05	2.7965e-06	1.0601e-05	7.1391e-06	1.2648e-05	8.7337e-06	6.1426e-05	1.8459e-07	2.5494e-06	4.1982e-08	5.4256e-08	4.0377e-09	8.7146e-09	5.5407e-10	3.2554e-09	6.0467e-10	1.6913e-09	5.5017e-10	1.8122e-09	4.0505e-10	9.9714e-10	1.8046e-10	5.05e-10	5.9196e-11	1.9354e-10	9.9778e-11	2.877e-10	9.3627e-11	2.5095e-10	5.5217e-11	2.9592e-10	6.2429e-11	3.6232e-10	6.9426e-11	1.7116e-10	4.1133e-11	4.258e-10	3.8062e-11	1.139e-10	2.7119e-11	1.011e-10	1.1967e-11	1.1403e-10	1.9607e-11	8.9021e-11	2.2224e-11	8.9061e-11	3.3715e-11	5.5969e-11	1.1434e-11	5.6667e-11	8.2716e-12	5.1606e-11	4.6508e-12	5.1631e-11	1.7845e-11	7.6615e-11	5.041e-11	9.5755e-11	1.7862e-11	3.1298e-11	9.5944e-12	8.9576e-11	4.667e-12	5.2051e-12	3.1511e-12
29.8899	0.078862	0.065253	8.5819e-05	1.9332e-05	0.00014834	0.00069144	0.00028681	0.0014654	1.1864e-05	0.00019375	2.2429e-05	0.00014182	2.5536e-05	9.0071e-05	2.3733e-06	1.2028e-05	1.4774e-06	3.536e-06	3.336e-06	1.5894e-05	2.8352e-06	1.0743e-05	7.2205e-06	1.2801e-05	8.8292e-06	6.2201e-05	1.8781e-07	2.5837e-06	4.251e-08	5.4942e-08	4.0882e-09	8.8236e-09	5.61e-10	3.2966e-09	6.1228e-10	1.7127e-09	5.5712e-10	1.8351e-09	4.1014e-10	1.0097e-09	1.8272e-10	5.1136e-10	5.994e-11	1.9598e-10	1.0104e-10	2.9134e-10	9.4809e-11	2.5412e-10	5.5916e-11	2.9972e-10	6.3233e-11	3.6683e-10	7.032e-11	1.7337e-10	4.1663e-11	4.3112e-10	3.8553e-11	1.1537e-10	2.7468e-11	1.024e-10	1.2121e-11	1.155e-10	1.986e-11	9.0124e-11	2.2507e-11	9.0166e-11	3.4133e-11	5.6663e-11	1.1578e-11	5.7371e-11	8.3742e-12	5.2247e-11	4.7085e-12	5.2272e-11	1.8067e-11	7.7566e-11	5.1036e-11	9.6944e-11	1.8084e-11	3.1686e-11	9.7137e-12	9.0688e-11	4.725e-12	5.2694e-12	3.1901e-12
30.3053	0.0801	0.064988	8.6964e-05	1.9706e-05	0.00015058	0.00069883	0.00028228	0.0014414	1.2037e-05	0.0001912	2.2715e-05	0.00014348	2.5847e-05	9.1169e-05	2.4124e-06	1.2203e-05	1.506e-06	3.556e-06	3.3944e-06	1.6098e-05	2.877e-06	1.0886e-05	7.3031e-06	1.2957e-05	8.9257e-06	6.3043e-05	1.9106e-07	2.6187e-06	4.3078e-08	5.568e-08	4.143e-09	8.9427e-09	5.6858e-10	3.3412e-09	6.2056e-10	1.7359e-09	5.6466e-10	1.86e-09	4.1569e-10	1.0233e-09	1.8518e-10	5.1827e-10	6.075e-11	1.9863e-10	1.024e-10	2.9528e-10	9.6091e-11	2.5758e-10	5.6678e-11	3.0385e-10	6.4105e-11	3.7171e-10	7.129e-11	1.7571e-10	4.2238e-11	4.3686e-10	3.9068e-11	1.1696e-10	2.7847e-11	1.0381e-10	1.2288e-11	1.1708e-10	2.0134e-11	9.1323e-11	2.2806e-11	9.1366e-11	3.4587e-11	5.7417e-11	1.1732e-11	5.8134e-11	8.4856e-12	5.2942e-11	4.7712e-12	5.2968e-11	1.8307e-11	7.86e-11	5.1716e-11	9.8236e-11	1.8325e-11	3.2108e-11	9.8422e-12	9.1888e-11	4.7877e-12	5.3393e-12	3.2324e-12
30.7265	0.081357	0.0647	8.8126e-05	2.0089e-05	0.00015284	0.00070638	0.00027803	0.0014188	1.2213e-05	0.0001888	2.3005e-05	0.00014518	2.6162e-05	9.2285e-05	2.4523e-06	1.238e-05	1.5353e-06	3.5786e-06	3.454e-06	1.6305e-05	2.917e-06	1.103e-05	7.3869e-06	1.3113e-05	9.0235e-06	6.3844e-05	1.9437e-07	2.6541e-06	4.3619e-08	5.6378e-08	4.1953e-09	9.0562e-09	5.758e-10	3.3837e-09	6.2843e-10	1.7581e-09	5.7184e-10	1.8836e-09	4.2096e-10	1.0363e-09	1.8753e-10	5.2485e-10	6.1521e-11	2.0115e-10	1.037e-10	2.9903e-10	9.7311e-11	2.6091e-10	5.741e-11	3.0779e-10	6.4935e-11	3.7635e-10	7.2214e-11	1.779e-10	4.2771e-11	4.4231e-10	3.9554e-11	1.1843e-10	2.8208e-11	1.0516e-10	1.2447e-11	1.1854e-10	2.039e-11	9.2463e-11	2.309e-11	9.2505e-11	3.5018e-11	5.8133e-11	1.1879e-11	5.886e-11	8.5915e-12	5.3603e-11	4.8308e-12	5.363e-11	1.8536e-11	7.9575e-11	5.2359e-11	9.9455e-11	1.8553e-11	3.2506e-11	9.9642e-12	9.3027e-11	4.847e-12	5.4059e-12	3.2729e-12
31.1535	0.082641	0.0644	8.9316e-05	2.0481e-05	0.00015513	0.00071411	0.00027412	0.0013978	1.2403e-05	0.00018656	2.33e-05	0.00014689	2.6483e-05	9.3418e-05	2.4928e-06	1.2561e-05	1.5652e-06	3.6036e-06	3.5147e-06	1.6515e-05	2.9577e-06	1.1176e-05	7.4719e-06	1.3271e-05	9.1227e-06	6.4652e-05	1.9775e-07	2.6902e-06	4.4167e-08	5.7087e-08	4.2486e-09	9.1713e-09	5.8312e-10	3.4276e-09	6.3643e-10	1.7809e-09	5.7916e-10	1.9076e-09	4.2632e-10	1.0495e-09	1.8991e-10	5.3153e-10	6.2304e-11	2.0372e-10	1.0502e-10	3.0287e-10	9.8551e-11	2.643e-10	5.8155e-11	3.1178e-10	6.5779e-11	3.8105e-10	7.3137e-11	1.8013e-10	4.3305e-11	4.4784e-10	4.0049e-11	1.1991e-10	2.8574e-11	1.0647e-10	1.2608e-11	1.2002e-10	2.0645e-11	9.3619e-11	2.3379e-11	9.3663e-11	3.5457e-11	5.8861e-11	1.2027e-11	5.9596e-11	8.699e-12	5.4271e-11	4.891e-12	5.4296e-11	1.8766e-11	8.0564e-11	5.3009e-11	1.0069e-10	1.8783e-11	3.291e-11	1.0088e-11	9.4184e-11	4.9073e-12	5.4738e-12	3.314e-12
31.5864	0.083951	0.064091	9.0532e-05	2.088e-05	0.00015746	0.00072199	0.00027059	0.0013784	1.2586e-05	0.0001845	2.3619e-05	0.00014863	2.6808e-05	9.4568e-05	2.5342e-06	1.2744e-05	1.5956e-06	3.6312e-06	3.5766e-06	1.6728e-05	2.9984e-06	1.1325e-05	7.5584e-06	1.3431e-05	9.2232e-06	6.5465e-05	2.0118e-07	2.7292e-06	4.4723e-08	5.7806e-08	4.3027e-09	9.2882e-09	5.9055e-10	3.472e-09	6.4455e-10	1.804e-09	5.8667e-10	1.9323e-09	4.3175e-10	1.0629e-09	1.9233e-10	5.3831e-10	6.3098e-11	2.0634e-10	1.0636e-10	3.068e-10	9.9815e-11	2.6773e-10	5.891e-11	3.1581e-10	6.6602e-11	3.8583e-10	7.4051e-11	1.8238e-10	4.3847e-11	4.5345e-10	4.055e-11	1.2141e-10	2.8931e-11	1.0781e-10	1.277e-11	1.2152e-10	2.0903e-11	9.479e-11	2.3672e-11	9.4832e-11	3.5899e-11	5.9596e-11	1.2178e-11	6.0337e-11	8.8074e-12	5.4946e-11	4.9518e-12	5.4972e-11	1.9e-11	8.1567e-11	5.3669e-11	1.0194e-10	1.9017e-11	3.332e-11	1.0214e-11	9.5358e-11	4.9684e-12	5.5428e-12	3.3558e-12
32.0254	0.085287	0.063757	9.1767e-05	2.1287e-05	0.00015983	0.00073004	0.00026746	0.0013602	1.2771e-05	0.00018262	2.3923e-05	0.0001504	2.7161e-05	9.5735e-05	2.5762e-06	1.2931e-05	1.6281e-06	3.6613e-06	3.6397e-06	1.6945e-05	3.0398e-06	1.1476e-05	7.6464e-06	1.3593e-05	9.3253e-06	6.6289e-05	2.0468e-07	2.7664e-06	4.5288e-08	5.8535e-08	4.3576e-09	9.4068e-09	5.9809e-10	3.5172e-09	6.5287e-10	1.8275e-09	5.943e-10	1.9575e-09	4.373e-10	1.0766e-09	1.9479e-10	5.4527e-10	6.3909e-11	2.0902e-10	1.0774e-10	3.1079e-10	1.0111e-10	2.7121e-10	5.9677e-11	3.1976e-10	6.7436e-11	3.9063e-10	7.4979e-11	1.8467e-10	4.4397e-11	4.591e-10	4.1059e-11	1.2294e-10	2.9293e-11	1.0916e-10	1.293e-11	1.2304e-10	2.1165e-11	9.597e-11	2.3968e-11	9.6013e-11	3.6346e-11	6.0338e-11	1.233e-11	6.1089e-11	8.9172e-12	5.5631e-11	5.0135e-12	5.5657e-11	1.9237e-11	8.2584e-11	5.4339e-11	1.0322e-10	1.9254e-11	3.3736e-11	1.0342e-11	9.6554e-11	5.0305e-12	5.6127e-12	3.3982e-12
32.4705	0.08665	0.063414	9.302e-05	2.1703e-05	0.00016223	0.00073824	0.00026467	0.0013431	1.2957e-05	0.00018093	2.4231e-05	0.00015219	2.7495e-05	9.6919e-05	2.6213e-06	1.3121e-05	1.6599e-06	3.6939e-06	3.7039e-06	1.7165e-05	3.0818e-06	1.1629e-05	7.7356e-06	1.3757e-05	9.4294e-06	6.7126e-05	2.0825e-07	2.8042e-06	4.5865e-08	5.9276e-08	4.4133e-09	9.5286e-09	6.0584e-10	3.563e-09	6.6135e-10	1.8513e-09	6.0203e-10	1.9829e-09	4.4299e-10	1.0906e-09	1.973e-10	5.5236e-10	6.474e-11	2.1174e-10	1.0914e-10	3.1484e-10	1.0243e-10	2.7472e-10	6.0445e-11	3.2377e-10	6.8282e-11	3.955e-10	7.592e-11	1.8698e-10	4.4954e-11	4.6482e-10	4.1571e-11	1.2448e-10	2.9661e-11	1.1053e-10	1.3092e-11	1.2458e-10	2.1431e-11	9.7167e-11	2.4266e-11	9.721e-11	3.6799e-11	6.1091e-11	1.2483e-11	6.1851e-11	9.0284e-12	5.6325e-11	5.0761e-12	5.6352e-11	1.9477e-11	8.3618e-11	5.5017e-11	1.0451e-10	1.9495e-11	3.4159e-11	1.0472e-11	9.7772e-11	5.0939e-12	5.6837e-12	3.4421e-12
32.9217	0.088039	0.063064	9.429e-05	2.213e-05	0.00016467	0.0007466	0.00026214	0.0013268	1.3146e-05	0.00017938	2.4541e-05	0.000154	2.7834e-05	9.8119e-05	2.6648e-06	1.3313e-05	1.6922e-06	3.7288e-06	3.7725e-06	1.7388e-05	3.1244e-06	1.1785e-05	7.8259e-06	1.3924e-05	9.5346e-06	6.7973e-05	2.119e-07	2.842e-06	4.645e-08	6.0031e-08	4.4701e-09	9.6524e-09	6.1372e-10	3.6094e-09	6.6996e-10	1.8751e-09	6.0987e-10	2.0088e-09	4.4875e-10	1.1048e-09	1.9987e-10	5.5954e-10	6.5582e-11	2.1449e-10	1.1056e-10	3.1894e-10	1.0376e-10	2.7816e-10	6.1202e-11	3.2783e-10	6.9139e-11	4.0043e-10	7.6873e-11	1.8931e-10	4.5515e-11	4.7062e-10	4.2089e-11	1.2603e-10	3.0033e-11	1.1191e-10	1.3256e-11	1.2614e-10	2.1699e-11	9.838e-11	2.4569e-11	9.8423e-11	3.7259e-11	6.1853e-11	1.2639e-11	6.2623e-11	9.1411e-12	5.7029e-11	5.1395e-12	5.7057e-11	1.972e-11	8.4672e-11	5.571e-11	1.0582e-10	1.974e-11	3.459e-11	1.0604e-11	9.9006e-11	5.1582e-12	5.7591e-12	3.488e-12
33.3792	0.089454	0.062729	9.5553e-05	2.2566e-05	0.00016717	0.00075511	0.00025988	0.0013117	1.3338e-05	0.00017793	2.4852e-05	0.00015584	2.8174e-05	9.9336e-05	2.7091e-06	1.3509e-05	1.7249e-06	3.7659e-06	3.8391e-06	1.7615e-05	3.1676e-06	1.1943e-05	7.9173e-06	1.4094e-05	9.6412e-06	6.8833e-05	2.1561e-07	2.8804e-06	4.7043e-08	6.0797e-08	4.5283e-09	9.7781e-09	6.2171e-10	3.6546e-09	6.7868e-10	1.8986e-09	6.1774e-10	2.0349e-09	4.5459e-10	1.1191e-09	2.0247e-10	5.6683e-10	6.6436e-11	2.1729e-10	1.12e-10	3.2302e-10	1.0511e-10	2.8164e-10	6.197e-11	3.3195e-10	7.0006e-11	4.0543e-10	7.7834e-11	1.9167e-10	4.6082e-11	4.765e-10	4.2614e-11	1.276e-10	3.0409e-11	1.1331e-10	1.3423e-11	1.2771e-10	2.1969e-11	9.9608e-11	2.4876e-11	9.9653e-11	3.7724e-11	6.2626e-11	1.2797e-11	6.3409e-11	9.2553e-12	5.7747e-11	5.2042e-12	5.7776e-11	1.9969e-11	8.5741e-11	5.6413e-11	1.0716e-10	1.9989e-11	3.5026e-11	1.0738e-11	1.0026e-10	5.2233e-12	5.8359e-12	3.5345e-12
33.8431	0.090895	0.062389	9.6807e-05	2.3011e-05	0.0001697	0.00076376	0.00025785	0.001298	1.3532e-05	0.00017673	2.5168e-05	0.00015784	2.8517e-05	0.00010057	2.7537e-06	1.3707e-05	1.7582e-06	3.8056e-06	3.9066e-06	1.7844e-05	3.2116e-06	1.2104e-05	8.0102e-06	1.4266e-05	9.7489e-06	6.971e-05	2.1938e-07	2.9192e-06	4.7643e-08	6.1572e-08	4.5871e-09	9.9053e-09	6.298e-10	3.7004e-09	6.8752e-10	1.9223e-09	6.2547e-10	2.0604e-09	4.6051e-10	1.1337e-09	2.051e-10	5.7421e-10	6.7301e-11	2.2006e-10	1.1346e-10	3.2706e-10	1.0646e-10	2.8517e-10	6.2747e-11	3.361e-10	7.0878e-11	4.1051e-10	7.8803e-11	1.9406e-10	4.6657e-11	4.8246e-10	4.3146e-11	1.2919e-10	3.0788e-11	1.1472e-10	1.359e-11	1.293e-10	2.2243e-11	1.0086e-10	2.5186e-11	1.0091e-10	3.8199e-11	6.3413e-11	1.2957e-11	6.4208e-11	9.3719e-12	5.8475e-11	5.2698e-12	5.8505e-11	2.0221e-11	8.6823e-11	5.7124e-11	1.0851e-10	2.0241e-11	3.5468e-11	1.0874e-11	1.0153e-10	5.2893e-12	5.9137e-12	3.5817e-12
34.3135	0.092364	0.062046	9.8078e-05	2.3465e-05	0.00017227	0.00077256	0.00025607	0.0012854	1.3729e-05	0.00017556	2.5488e-05	0.00015972	2.8863e-05	0.00010182	2.7989e-06	1.3909e-05	1.7921e-06	3.8479e-06	3.9749e-06	1.8076e-05	3.2563e-06	1.2266e-05	8.1053e-06	1.444e-05	9.8581e-06	7.0597e-05	2.2322e-07	2.9586e-06	4.8251e-08	6.2358e-08	4.6468e-09	1.0034e-08	6.38e-10	3.7467e-09	6.9626e-10	1.9464e-09	6.333e-10	2.0862e-09	4.6641e-10	1.1482e-09	2.0777e-10	5.8148e-10	6.8164e-11	2.2282e-10	1.1489e-10	3.3116e-10	1.0779e-10	2.8875e-10	6.3533e-11	3.4028e-10	7.176e-11	4.1568e-10	7.9785e-11	1.9648e-10	4.7238e-11	4.8854e-10	4.3686e-11	1.3081e-10	3.1171e-11	1.1615e-10	1.376e-11	1.3091e-10	2.252e-11	1.0213e-10	2.5503e-11	1.0218e-10	3.868e-11	6.4212e-11	1.312e-11	6.5017e-11	9.49e-12	5.9212e-11	5.3363e-12	5.9243e-11	2.0476e-11	8.7918e-11	5.7845e-11	1.0988e-10	2.0496e-11	3.5916e-11	1.1017e-11	1.0288e-10	5.358e-12	5.9926e-12	3.6294e-12
34.7903	0.093858	0.06174	9.9364e-05	2.3927e-05	0.00017487	0.00078216	0.00025468	0.0012738	1.393e-05	0.00017454	2.5812e-05	0.00016163	2.9214e-05	0.00010317	2.8449e-06	1.4126e-05	1.8267e-06	3.8922e-06	4.0442e-06	1.8327e-05	3.3016e-06	1.2431e-05	8.2015e-06	1.4616e-05	9.9702e-06	7.1496e-05	2.2714e-07	2.9985e-06	4.8874e-08	6.3153e-08	4.7072e-09	1.0161e-08	6.4602e-10	3.7936e-09	7.0496e-10	1.9708e-09	6.4122e-10	2.1123e-09	4.7224e-10	1.1625e-09	2.1041e-10	5.8875e-10	6.9016e-11	2.256e-10	1.1632e-10	3.353e-10	1.0914e-10	2.9235e-10	6.4326e-11	3.4452e-10	7.2653e-11	4.2092e-10	8.0778e-11	1.9895e-10	4.7828e-11	4.9469e-10	4.4236e-11	1.3244e-10	3.1559e-11	1.176e-10	1.3931e-11	1.3256e-10	2.2801e-11	1.0341e-10	2.5824e-11	1.0346e-10	3.9167e-11	6.502e-11	1.3285e-11	6.5836e-11	9.6095e-12	5.9959e-11	5.4035e-12	5.999e-11	2.0734e-11	8.9068e-11	5.8587e-11	1.1131e-10	2.0756e-11	3.6392e-11	1.1164e-11	1.0425e-10	5.4292e-12	6.07e-12	3.6749e-12
35.2738	0.095372	0.061402	0.00010067	2.4388e-05	0.00017751	0.00079125	0.00025332	0.0012624	1.4134e-05	0.00017364	2.614e-05	0.00016353	2.9568e-05	0.00010445	2.8916e-06	1.4333e-05	1.8619e-06	3.9387e-06	4.1148e-06	1.8566e-05	3.3475e-06	1.26e-05	8.2987e-06	1.4795e-05	1.0083e-05	7.2406e-05	2.3115e-07	3.0392e-06	4.9507e-08	6.3971e-08	4.7671e-09	1.0288e-08	6.5409e-10	3.841e-09	7.1376e-10	1.9953e-09	6.4924e-10	2.1387e-09	4.7814e-10	1.1771e-09	2.1304e-10	5.9611e-10	6.9878e-11	2.2842e-10	1.1778e-10	3.3949e-10	1.1051e-10	2.9598e-10	6.5125e-11	3.488e-10	7.3557e-11	4.2621e-10	8.1783e-11	2.0145e-10	4.8429e-11	5.0091e-10	4.4792e-11	1.341e-10	3.1952e-11	1.1907e-10	1.4104e-11	1.3422e-10	2.3087e-11	1.0472e-10	2.6149e-11	1.0477e-10	3.966e-11	6.5838e-11	1.3452e-11	6.6665e-11	9.7304e-12	6.0727e-11	5.4727e-12	6.0771e-11	2.1003e-11	9.0251e-11	5.9365e-11	1.1279e-10	2.1032e-11	3.6876e-11	1.1312e-11	1.0563e-10	5.5014e-12	6.146e-12	3.7209e-12
35.764	0.096904	0.061057	0.00010197	2.4855e-05	0.00018022	0.0008004	0.00025215	0.0012517	1.434e-05	0.00017283	2.6474e-05	0.00016544	2.9927e-05	0.00010573	2.9389e-06	1.4542e-05	1.898e-06	3.9874e-06	4.1864e-06	1.8805e-05	3.394e-06	1.2771e-05	8.3969e-06	1.4978e-05	1.0198e-05	7.3326e-05	2.3524e-07	3.0804e-06	5.0148e-08	6.4798e-08	4.8265e-09	1.0416e-08	6.6224e-10	3.8885e-09	7.2266e-10	2.0201e-09	6.5732e-10	2.1653e-09	4.841e-10	1.1917e-09	2.1569e-10	6.0354e-10	7.0749e-11	2.3127e-10	1.1925e-10	3.4371e-10	1.1188e-10	2.9965e-10	6.5932e-11	3.5313e-10	7.4474e-11	4.3157e-10	8.2807e-11	2.0398e-10	4.9036e-11	5.072e-10	4.5354e-11	1.3578e-10	3.2351e-11	1.2056e-10	1.4279e-11	1.3591e-10	2.3377e-11	1.0604e-10	2.6477e-11	1.0611e-10	4.0167e-11	6.6675e-11	1.3621e-11	6.7545e-11	9.8559e-12	6.1532e-11	5.5452e-12	6.1577e-11	2.1281e-11	9.1448e-11	6.0153e-11	1.1429e-10	2.1311e-11	3.7365e-11	1.1463e-11	1.0704e-10	5.5745e-12	6.2228e-12	3.7675e-12
36.2611	0.09846	0.060702	0.00010329	2.5329e-05	0.00018298	0.00080959	0.00025115	0.0012417	1.4549e-05	0.00017213	2.6811e-05	0.00016738	3.0292e-05	0.00010701	2.9872e-06	1.4752e-05	1.9346e-06	4.0371e-06	4.2593e-06	1.9045e-05	3.4414e-06	1.2945e-05	8.4948e-06	1.5162e-05	1.0313e-05	7.427e-05	2.3938e-07	3.1221e-06	5.0796e-08	6.5634e-08	4.8865e-09	1.0546e-08	6.7048e-10	3.9366e-09	7.3166e-10	2.045e-09	6.6544e-10	2.1921e-09	4.9013e-10	1.2066e-09	2.1838e-10	6.1105e-10	7.163e-11	2.3414e-10	1.2073e-10	3.4796e-10	1.1327e-10	3.0336e-10	6.6748e-11	3.5753e-10	7.5406e-11	4.3724e-10	8.3843e-11	2.0654e-10	4.965e-11	5.1383e-10	4.5922e-11	1.3748e-10	3.2755e-11	1.2207e-10	1.4457e-11	1.3761e-10	2.3669e-11	1.0744e-10	2.6816e-11	1.0751e-10	4.0698e-11	6.7557e-11	1.3797e-11	6.8439e-11	9.9863e-12	6.2346e-11	5.6186e-12	6.2392e-11	2.1563e-11	9.266e-11	6.0949e-11	1.158e-10	2.1593e-11	3.786e-11	1.161e-11	1.084e-10	5.6476e-12	6.3005e-12	3.8145e-12
36.765	0.10004	0.060347	0.00010463	2.5812e-05	0.00018577	0.00081892	0.00025034	0.0012326	1.4762e-05	0.00017154	2.7152e-05	0.00016934	3.0661e-05	0.00010832	3.0363e-06	1.4965e-05	1.972e-06	4.088e-06	4.3337e-06	1.9289e-05	3.4897e-06	1.312e-05	8.5905e-06	1.5349e-05	1.0429e-05	7.5226e-05	2.436e-07	3.1643e-06	5.1451e-08	6.6481e-08	4.9472e-09	1.0677e-08	6.7881e-10	3.9852e-09	7.4069e-10	2.0703e-09	6.7365e-10	2.2191e-09	4.9619e-10	1.2215e-09	2.2109e-10	6.1859e-10	7.2516e-11	2.3703e-10	1.2222e-10	3.5225e-10	1.1467e-10	3.0711e-10	6.7572e-11	3.6199e-10	7.6347e-11	4.4301e-10	8.489e-11	2.092e-10	5.0271e-11	5.2062e-10	4.6525e-11	1.392e-10	3.3164e-11	1.2359e-10	1.4638e-11	1.3935e-10	2.3965e-11	1.0886e-10	2.7169e-11	1.0893e-10	4.1236e-11	6.8449e-11	1.3979e-11	6.9343e-11	1.0118e-11	6.317e-11	5.6929e-12	6.3217e-11	2.1848e-11	9.3864e-11	6.1756e-11	1.1731e-10	2.1879e-11	3.8344e-11	1.1755e-11	1.0975e-10	5.7179e-12	6.3802e-12	3.8639e-12
37.2759	0.10165	0.059984	0.00010598	2.6303e-05	0.00018859	0.00082836	0.00024968	0.001224	1.4978e-05	0.00017107	2.7498e-05	0.00017132	3.1034e-05	0.00010963	3.0861e-06	1.5181e-05	2.01e-06	4.1408e-06	4.4093e-06	1.9534e-05	3.5386e-06	1.3297e-05	8.6871e-06	1.5538e-05	1.0541e-05	7.6192e-05	2.4785e-07	3.2071e-06	5.2092e-08	6.7335e-08	5.0084e-09	1.0808e-08	6.8716e-10	4.0343e-09	7.498e-10	2.0958e-09	6.8194e-10	2.2464e-09	5.0229e-10	1.2365e-09	2.2381e-10	6.262e-10	7.3408e-11	2.3994e-10	1.2372e-10	3.5659e-10	1.1608e-10	3.1092e-10	6.8412e-11	3.665e-10	7.7299e-11	4.4885e-10	8.5949e-11	2.1195e-10	5.0922e-11	5.2748e-10	4.7138e-11	1.41e-10	3.3578e-11	1.2513e-10	1.482e-11	1.4118e-10	2.4271e-11	1.1029e-10	2.7527e-11	1.1037e-10	4.178e-11	6.9352e-11	1.4163e-11	7.0258e-11	1.0252e-11	6.4004e-11	5.768e-12	6.4038e-11	2.2133e-11	9.5028e-11	6.2524e-11	1.1877e-10	2.2154e-11	3.882e-11	1.1901e-11	1.1111e-10	5.7889e-12	6.4633e-12	3.9142e-12
37.794	0.10329	0.05962	0.00010734	2.68e-05	0.00019146	0.00083792	0.0002492	0.001216	1.5198e-05	0.0001707	2.7846e-05	0.00017333	3.1411e-05	0.00011096	3.1367e-06	1.54e-05	2.0487e-06	4.1955e-06	4.486e-06	1.9783e-05	3.5881e-06	1.3471e-05	8.7845e-06	1.5728e-05	1.0654e-05	7.7169e-05	2.5207e-07	3.2506e-06	5.2735e-08	6.8165e-08	5.07e-09	1.094e-08	6.9558e-10	4.0841e-09	7.59e-10	2.1218e-09	6.9032e-10	2.274e-09	5.0845e-10	1.2517e-09	2.2656e-10	6.3389e-10	7.4308e-11	2.4289e-10	1.2524e-10	3.6097e-10	1.175e-10	3.1478e-10	6.9261e-11	3.7106e-10	7.826e-11	4.5475e-10	8.7041e-11	2.1474e-10	5.1591e-11	5.3442e-10	4.7757e-11	1.4285e-10	3.3996e-11	1.2677e-10	1.5004e-11	1.4304e-10	2.459e-11	1.1174e-10	2.7889e-11	1.1182e-10	4.2329e-11	7.0264e-11	1.435e-11	7.1152e-11	1.0386e-11	6.4798e-11	5.8396e-12	6.483e-11	2.2407e-11	9.6204e-11	6.3298e-11	1.2024e-10	2.2428e-11	3.93e-11	1.2048e-11	1.1249e-10	5.8605e-12	6.5474e-12	3.9652e-12
38.3192	0.10495	0.059258	0.00010873	2.7305e-05	0.00019427	0.0008476	0.00024883	0.0012085	1.5421e-05	0.00017044	2.8204e-05	0.00017536	3.1791e-05	0.00011231	3.1879e-06	1.5621e-05	2.0883e-06	4.2521e-06	4.5639e-06	2.0034e-05	3.6382e-06	1.3645e-05	8.8827e-06	1.5912e-05	1.0768e-05	7.8156e-05	2.5635e-07	3.295e-06	5.3383e-08	6.9002e-08	5.1319e-09	1.1074e-08	7.0409e-10	4.1346e-09	7.6829e-10	2.148e-09	6.9883e-10	2.302e-09	5.1467e-10	1.267e-09	2.2933e-10	6.4164e-10	7.5217e-11	2.4586e-10	1.2677e-10	3.6543e-10	1.1894e-10	3.1867e-10	7.0118e-11	3.757e-10	7.9282e-11	4.6053e-10	8.8179e-11	2.1755e-10	5.2266e-11	5.4125e-10	4.8383e-11	1.4472e-10	3.444e-11	1.2843e-10	1.5194e-11	1.4491e-10	2.4912e-11	1.1315e-10	2.8255e-11	1.132e-10	4.2852e-11	7.1138e-11	1.4536e-11	7.2028e-11	1.0514e-11	6.5596e-11	5.9116e-12	6.5629e-11	2.2683e-11	9.7391e-11	6.4079e-11	1.2172e-10	2.2705e-11	3.9785e-11	1.2199e-11	1.139e-10	5.9329e-12	6.6323e-12	4.0166e-12
38.8518	0.10663	0.058906	0.00011013	2.7818e-05	0.0001971	0.00085746	0.00024861	0.0012019	1.5647e-05	0.00017027	2.8565e-05	0.00017741	3.2181e-05	0.00011367	3.2401e-06	1.5847e-05	2.1287e-06	4.3103e-06	4.643e-06	2.029e-05	3.6879e-06	1.3821e-05	8.9812e-06	1.6098e-05	1.0883e-05	7.9114e-05	2.607e-07	3.3398e-06	5.4037e-08	6.9847e-08	5.1944e-09	1.1209e-08	7.1267e-10	4.1856e-09	7.7767e-10	2.1745e-09	7.0745e-10	2.3304e-09	5.2095e-10	1.2825e-09	2.3212e-10	6.4948e-10	7.6135e-11	2.4889e-10	1.2833e-10	3.6993e-10	1.2041e-10	3.2261e-10	7.0983e-11	3.806e-10	8.0316e-11	4.6619e-10	8.933e-11	2.2036e-10	5.2949e-11	5.479e-10	4.8996e-11	1.4661e-10	3.489e-11	1.3011e-10	1.5392e-11	1.4681e-10	2.5237e-11	1.1454e-10	2.8602e-11	1.1459e-10	4.3379e-11	7.2012e-11	1.4714e-11	7.2914e-11	1.0643e-11	6.6403e-11	5.9843e-12	6.6436e-11	2.2962e-11	9.8593e-11	6.4867e-11	1.2322e-10	2.2984e-11	4.0283e-11	1.2356e-11	1.1537e-10	6.0092e-12	6.7182e-12	4.0689e-12
39.3917	0.10835	0.058558	0.00011154	2.8339e-05	0.00019997	0.00086743	0.00024852	0.0011959	1.5876e-05	0.0001702	2.893e-05	0.00017947	3.2575e-05	0.00011505	3.2935e-06	1.6075e-05	2.1699e-06	4.3702e-06	4.7241e-06	2.0548e-05	3.7371e-06	1.3999e-05	9.0798e-06	1.6285e-05	1.0998e-05	8.0079e-05	2.651e-07	3.3852e-06	5.4697e-08	7.07e-08	5.2575e-09	1.1346e-08	7.2136e-10	4.2371e-09	7.8721e-10	2.2012e-09	7.1614e-10	2.359e-09	5.2733e-10	1.2982e-09	2.3495e-10	6.5745e-10	7.7068e-11	2.5194e-10	1.299e-10	3.7448e-10	1.2188e-10	3.2663e-10	7.1872e-11	3.8555e-10	8.1361e-11	4.719e-10	9.0492e-11	2.2306e-10	5.3625e-11	5.546e-10	4.9595e-11	1.4849e-10	3.5344e-11	1.318e-10	1.5592e-11	1.4862e-10	2.5565e-11	1.1594e-10	2.8952e-11	1.1599e-10	4.391e-11	7.2894e-11	1.4894e-11	7.3807e-11	1.0773e-11	6.7217e-11	6.0576e-12	6.7252e-11	2.3243e-11	9.9861e-11	6.569e-11	1.248e-10	2.3273e-11	4.0801e-11	1.2515e-11	1.1686e-10	6.0865e-12	6.8057e-12	4.1219e-12
39.9391	0.11008	0.058213	0.00011297	2.8869e-05	0.00020287	0.00087751	0.00024853	0.0011905	1.6103e-05	0.00017022	2.9299e-05	0.00018156	3.2972e-05	0.00011644	3.3475e-06	1.6305e-05	2.2117e-06	4.432e-06	4.8065e-06	2.0809e-05	3.7868e-06	1.4178e-05	9.1791e-06	1.6474e-05	1.1113e-05	8.1051e-05	2.6956e-07	3.431e-06	5.5357e-08	7.1559e-08	5.3211e-09	1.1484e-08	7.3017e-10	4.2891e-09	7.9684e-10	2.2288e-09	7.249e-10	2.3879e-09	5.3378e-10	1.314e-09	2.3781e-10	6.6549e-10	7.8009e-11	2.5503e-10	1.3149e-10	3.7906e-10	1.2337e-10	3.3085e-10	7.2802e-11	3.9054e-10	8.2416e-11	4.7765e-10	9.1664e-11	2.2578e-10	5.4278e-11	5.6137e-10	5.0199e-11	1.503e-10	3.5802e-11	1.3345e-10	1.5794e-11	1.5043e-10	2.5876e-11	1.1735e-10	2.9305e-11	1.1741e-10	4.4446e-11	7.3783e-11	1.5076e-11	7.4721e-11	1.0905e-11	6.8066e-11	6.1341e-12	6.8113e-11	2.354e-11	1.0114e-10	6.6531e-11	1.264e-10	2.3571e-11	4.1324e-11	1.2676e-11	1.1836e-10	6.1645e-12	6.8941e-12	4.1755e-12
40.4942	0.11185	0.057872	0.00011445	2.941e-05	0.00020579	0.00088769	0.00024866	0.0011857	1.6328e-05	0.00017032	2.9669e-05	0.00018368	3.3372e-05	0.00011784	3.4023e-06	1.6539e-05	2.2542e-06	4.4955e-06	4.8901e-06	2.1072e-05	3.837e-06	1.4357e-05	9.2791e-06	1.6663e-05	1.1229e-05	8.2032e-05	2.7405e-07	3.4764e-06	5.6022e-08	7.2418e-08	5.3858e-09	1.1624e-08	7.3906e-10	4.3443e-09	8.0654e-10	2.2575e-09	7.3389e-10	2.417e-09	5.4028e-10	1.3301e-09	2.4071e-10	6.7359e-10	7.8959e-11	2.5813e-10	1.3309e-10	3.8382e-10	1.2488e-10	3.3512e-10	7.3741e-11	3.9559e-10	8.3441e-11	4.8353e-10	9.2775e-11	2.2852e-10	5.4936e-11	5.6825e-10	5.0809e-11	1.5212e-10	3.6246e-11	1.3507e-10	1.5998e-11	1.5226e-10	2.619e-11	1.1881e-10	2.9661e-11	1.1889e-10	4.5005e-11	7.4706e-11	1.5259e-11	7.5674e-11	1.1043e-11	6.8934e-11	6.2123e-12	6.8982e-11	2.384e-11	1.0243e-10	6.738e-11	1.2801e-10	2.3872e-11	4.1852e-11	1.2838e-11	1.1988e-10	6.2433e-12	6.9833e-12	4.2295e-12
41.0569	0.11366	0.057538	0.00011598	2.996e-05	0.00020873	0.00089797	0.00024892	0.0011814	1.6556e-05	0.00017053	3.0028e-05	0.00018583	3.3774e-05	0.00011926	3.4578e-06	1.6775e-05	2.2965e-06	4.5609e-06	4.9749e-06	2.1337e-05	3.8877e-06	1.4538e-05	9.3797e-06	1.6853e-05	1.1346e-05	8.302e-05	2.7861e-07	3.5213e-06	5.6693e-08	7.3285e-08	5.451e-09	1.1765e-08	7.4802e-10	4.4001e-09	8.1633e-10	2.2865e-09	7.433e-10	2.448e-09	5.4683e-10	1.3462e-09	2.4363e-10	6.8177e-10	7.9917e-11	2.6136e-10	1.347e-10	3.8874e-10	1.2643e-10	3.3942e-10	7.4688e-11	4.0042e-10	8.4448e-11	4.8967e-10	9.3895e-11	2.3128e-10	5.56e-11	5.7546e-10	5.1432e-11	1.5396e-10	3.6683e-11	1.367e-10	1.6191e-11	1.541e-10	2.6506e-11	1.2032e-10	3.0033e-11	1.204e-10	4.5576e-11	7.5655e-11	1.5452e-11	7.6636e-11	1.1183e-11	6.981e-11	6.2913e-12	6.9859e-11	2.4143e-11	1.0374e-10	6.8238e-11	1.2964e-10	2.4176e-11	4.2385e-11	1.3003e-11	1.2142e-10	6.3234e-12	7.0728e-12	4.283e-12
41.6275	0.11551	0.057216	0.00011753	3.0517e-05	0.0002117	0.00090851	0.00024932	0.0011777	1.6785e-05	0.00017081	3.039e-05	0.000188	3.4164e-05	0.00012071	3.5134e-06	1.7016e-05	2.3391e-06	4.6285e-06	5.0609e-06	2.1609e-05	3.9385e-06	1.472e-05	9.4817e-06	1.7044e-05	1.1463e-05	8.4007e-05	2.8323e-07	3.5666e-06	5.7369e-08	7.4157e-08	5.5168e-09	1.1907e-08	7.5705e-10	4.4563e-09	8.2653e-10	2.3157e-09	7.5279e-10	2.4793e-09	5.5359e-10	1.3629e-09	2.4657e-10	6.9033e-10	8.0903e-11	2.6469e-10	1.3641e-10	3.9371e-10	1.2804e-10	3.4377e-10	7.5644e-11	4.0522e-10	8.5463e-11	4.9586e-10	9.5024e-11	2.342e-10	5.6272e-11	5.8273e-10	5.2082e-11	1.5582e-10	3.7124e-11	1.3834e-10	1.6386e-11	1.5601e-10	2.6825e-11	1.2184e-10	3.0413e-11	1.2192e-10	4.6153e-11	7.6612e-11	1.5648e-11	7.7605e-11	1.1324e-11	7.0694e-11	6.3709e-12	7.0743e-11	2.4449e-11	1.0506e-10	6.9107e-11	1.313e-10	2.4483e-11	4.2928e-11	1.3169e-11	1.2297e-10	6.4044e-12	7.1611e-12	4.3365e-12
42.206	0.11739	0.056905	0.00011908	3.1084e-05	0.00021469	0.00091915	0.00024981	0.0011746	1.7017e-05	0.00017116	3.0755e-05	0.00019019	3.4555e-05	0.00012217	3.5685e-06	1.7261e-05	2.3824e-06	4.6978e-06	5.1458e-06	2.1883e-05	3.9896e-06	1.4904e-05	9.5845e-06	1.7236e-05	1.1581e-05	8.5002e-05	2.8791e-07	3.6123e-06	5.8051e-08	7.5037e-08	5.583e-09	1.2056e-08	7.6658e-10	4.5131e-09	8.3703e-10	2.3452e-09	7.6237e-10	2.5108e-09	5.6063e-10	1.3802e-09	2.4963e-10	6.991e-10	8.1931e-11	2.6806e-10	1.3814e-10	3.9872e-10	1.2967e-10	3.4791e-10	7.655e-11	4.1007e-10	8.6485e-11	5.021e-10	9.6161e-11	2.3714e-10	5.698e-11	5.9007e-10	5.2737e-11	1.5778e-10	3.7568e-11	1.4003e-10	1.6582e-11	1.5797e-10	2.716e-11	1.2337e-10	3.0796e-11	1.2346e-10	4.6734e-11	7.7577e-11	1.5845e-11	7.8586e-11	1.1467e-11	7.159e-11	6.4517e-12	7.1643e-11	2.476e-11	1.064e-10	6.9987e-11	1.3297e-10	2.4795e-11	4.3475e-11	1.3337e-11	1.2454e-10	6.4861e-12	7.25e-12	4.3904e-12
42.7926	0.11929	0.05661	0.00012064	3.1674e-05	0.00021772	0.00092989	0.00025038	0.0011721	1.725e-05	0.00017159	3.1123e-05	0.00019239	3.495e-05	0.00012364	3.6243e-06	1.7508e-05	2.4263e-06	4.7689e-06	5.2314e-06	2.216e-05	4.0411e-06	1.509e-05	9.6878e-06	1.7429e-05	1.1701e-05	8.6003e-05	2.9267e-07	3.6584e-06	5.8743e-08	7.5927e-08	5.6517e-09	1.2209e-08	7.7627e-10	4.5678e-09	8.4763e-10	2.373e-09	7.7203e-10	2.5427e-09	5.6772e-10	1.3977e-09	2.5278e-10	7.0795e-10	8.2967e-11	2.7145e-10	1.3989e-10	4.0373e-10	1.3131e-10	3.5204e-10	7.7459e-11	4.1495e-10	8.7534e-11	5.0841e-10	9.7352e-11	2.4011e-10	5.7693e-11	5.9748e-10	5.3398e-11	1.5975e-10	3.8025e-11	1.4178e-10	1.6779e-11	1.5995e-10	2.7499e-11	1.2493e-10	3.1182e-11	1.2501e-10	4.7324e-11	7.8555e-11	1.6043e-11	7.9581e-11	1.1612e-11	7.2498e-11	6.5335e-12	7.2552e-11	2.5074e-11	1.0775e-10	7.0875e-11	1.3466e-10	2.511e-11	4.4027e-11	1.3506e-11	1.2611e-10	6.5685e-12	7.3397e-12	4.4447e-12
43.3873	0.12122	0.056336	0.00012213	3.228e-05	0.00022079	0.00094072	0.00025106	0.0011701	1.7485e-05	0.00017208	3.1492e-05	0.00019455	3.5347e-05	0.00012512	3.6806e-06	1.7757e-05	2.4709e-06	4.8416e-06	5.3181e-06	2.2439e-05	4.0931e-06	1.5278e-05	9.7917e-06	1.7625e-05	1.1821e-05	8.7012e-05	2.975e-07	3.7046e-06	5.944e-08	7.6827e-08	5.7227e-09	1.2362e-08	7.8605e-10	4.6218e-09	8.5831e-10	2.4011e-09	7.812e-10	2.5733e-09	5.7487e-10	1.4153e-09	2.5596e-10	7.1687e-10	8.4012e-11	2.7485e-10	1.4166e-10	4.0849e-10	1.3296e-10	3.562e-10	7.8375e-11	4.2001e-10	8.8623e-11	5.1482e-10	9.8563e-11	2.4311e-10	5.8412e-11	6.0501e-10	5.4065e-11	1.6174e-10	3.8498e-11	1.4355e-10	1.6985e-11	1.6194e-10	2.7842e-11	1.265e-10	3.1573e-11	1.2659e-10	4.7921e-11	7.9545e-11	1.6245e-11	8.0586e-11	1.1758e-11	7.3413e-11	6.616e-12	7.3468e-11	2.539e-11	1.0911e-10	7.1771e-11	1.3636e-10	2.5427e-11	4.458e-11	1.3672e-11	1.2766e-10	6.6496e-12	7.4291e-12	4.4977e-12
43.9903	0.12317	0.056074	0.00012363	3.2894e-05	0.00022389	0.00095164	0.00025187	0.0011687	1.7721e-05	0.00017257	3.1861e-05	0.00019667	3.5745e-05	0.0001266	3.7376e-06	1.8008e-05	2.5159e-06	4.918e-06	5.4058e-06	2.2718e-05	4.1455e-06	1.5467e-05	9.8982e-06	1.7823e-05	1.1941e-05	8.8031e-05	3.0238e-07	3.751e-06	6.0141e-08	7.7733e-08	5.7943e-09	1.2517e-08	7.9589e-10	4.6761e-09	8.6888e-10	2.4293e-09	7.9037e-10	2.6036e-09	5.8205e-10	1.4329e-09	2.5917e-10	7.2566e-10	8.5064e-11	2.7807e-10	1.4338e-10	4.1329e-10	1.3452e-10	3.6039e-10	7.9297e-11	4.2521e-10	8.972e-11	5.2128e-10	9.9784e-11	2.4615e-10	5.9136e-11	6.126e-10	5.4743e-11	1.6375e-10	3.8975e-11	1.4533e-10	1.7196e-11	1.6396e-10	2.8187e-11	1.2809e-10	3.1969e-11	1.2818e-10	4.8522e-11	8.0543e-11	1.6449e-11	8.1597e-11	1.1906e-11	7.4335e-11	6.6991e-12	7.4391e-11	2.5709e-11	1.1045e-10	7.2657e-11	1.3803e-10	2.5743e-11	4.5124e-11	1.3839e-11	1.2922e-10	6.7308e-12	7.5164e-12	4.5506e-12
44.6016	0.12515	0.055809	0.00012514	3.3518e-05	0.00022703	0.00096216	0.00025268	0.0011673	1.7959e-05	0.00017311	3.2232e-05	0.00019881	3.6142e-05	0.00012804	3.795e-06	1.8253e-05	2.5615e-06	4.9974e-06	5.4946e-06	2.299e-05	4.1987e-06	1.5658e-05	1.001e-05	1.8021e-05	1.2064e-05	8.9062e-05	3.0733e-07	3.7978e-06	6.0847e-08	7.8645e-08	5.8665e-09	1.2669e-08	8.0551e-10	4.7308e-09	8.7902e-10	2.4577e-09	7.9961e-10	2.634e-09	5.8884e-10	1.4496e-09	2.6236e-10	7.3412e-10	8.6056e-11	2.8132e-10	1.4505e-10	4.1812e-10	1.3609e-10	3.6475e-10	8.0259e-11	4.3044e-10	9.0826e-11	5.2779e-10	1.0101e-10	2.4922e-10	5.9873e-11	6.2024e-10	5.5426e-11	1.6579e-10	3.9455e-11	1.4712e-10	1.7407e-11	1.66e-10	2.8537e-11	1.2969e-10	3.2368e-11	1.2978e-10	4.9128e-11	8.1549e-11	1.6654e-11	8.2611e-11	1.2055e-11	7.5248e-11	6.7813e-12	7.5296e-11	2.6023e-11	1.1179e-10	7.354e-11	1.3971e-10	2.6055e-11	4.5672e-11	1.4007e-11	1.3079e-10	6.8126e-12	7.6042e-12	4.6038e-12
45.2215	0.12715	0.055554	0.00012666	3.414e-05	0.00023019	0.00097274	0.00025354	0.0011664	1.82e-05	0.00017371	3.2605e-05	0.00020096	3.6542e-05	0.00012948	3.8529e-06	1.85e-05	2.6078e-06	5.0787e-06	5.584e-06	2.3263e-05	4.2523e-06	1.585e-05	1.0122e-05	1.8221e-05	1.2194e-05	9.01e-05	3.1239e-07	3.8449e-06	6.1591e-08	7.9566e-08	5.9385e-09	1.2816e-08	8.1485e-10	4.7871e-09	8.8922e-10	2.4874e-09	8.089e-10	2.6646e-09	5.9567e-10	1.4664e-09	2.654e-10	7.4265e-10	8.7055e-11	2.8459e-10	1.4673e-10	4.2298e-10	1.3768e-10	3.6921e-10	8.1241e-11	4.3571e-10	9.1942e-11	5.3431e-10	1.0226e-10	2.5231e-10	6.0615e-11	6.2793e-10	5.6114e-11	1.6784e-10	3.994e-11	1.4894e-10	1.7621e-11	1.6806e-10	2.8891e-11	1.3128e-10	3.277e-11	1.3136e-10	4.9728e-11	8.2548e-11	1.6861e-11	8.3608e-11	1.2201e-11	7.6156e-11	6.8632e-12	7.6205e-11	2.6337e-11	1.1314e-10	7.4428e-11	1.414e-10	2.637e-11	4.6225e-11	1.4175e-11	1.3235e-10	6.895e-12	7.6926e-12	4.6574e-12
45.8499	0.12918	0.055309	0.00012826	3.4755e-05	0.00023338	0.00098336	0.00025448	0.001166	1.8444e-05	0.00017436	3.298e-05	0.00020312	3.6944e-05	0.00013094	3.9113e-06	1.8749e-05	2.6546e-06	5.1616e-06	5.6743e-06	2.3537e-05	4.3063e-06	1.6053e-05	1.0235e-05	1.8424e-05	1.2324e-05	9.1143e-05	3.1767e-07	3.8923e-06	6.2348e-08	8.0543e-08	6.0069e-09	1.2964e-08	8.2425e-10	4.8452e-09	8.9948e-10	2.5176e-09	8.1858e-10	2.6961e-09	6.0254e-10	1.4833e-09	2.6846e-10	7.5121e-10	8.8059e-11	2.8787e-10	1.4843e-10	4.281e-10	1.3926e-10	3.737e-10	8.2229e-11	4.4105e-10	9.3074e-11	5.4072e-10	1.0352e-10	2.5543e-10	6.1363e-11	6.3546e-10	5.6803e-11	1.6991e-10	4.0432e-11	1.5078e-10	1.7837e-11	1.7014e-10	2.9247e-11	1.3286e-10	3.3167e-11	1.3294e-10	5.0324e-11	8.3538e-11	1.7064e-11	8.4611e-11	1.2348e-11	7.707e-11	6.9456e-12	7.712e-11	2.6653e-11	1.145e-10	7.5323e-11	1.431e-10	2.6687e-11	4.6772e-11	1.4339e-11	1.3387e-10	6.9748e-12	7.7825e-12	4.7124e-12
46.4871	0.1317	0.055075	0.00012987	3.5378e-05	0.00023675	0.00099406	0.0002555	0.0011661	1.869e-05	0.00017506	3.336e-05	0.00020528	3.7347e-05	0.0001324	3.9703e-06	1.9e-05	2.7022e-06	5.2452e-06	5.7657e-06	2.3814e-05	4.3606e-06	1.6258e-05	1.0348e-05	1.8638e-05	1.2455e-05	9.2192e-05	3.2302e-07	3.9405e-06	6.311e-08	8.1526e-08	6.0757e-09	1.3113e-08	8.337e-10	4.9038e-09	9.0982e-10	2.5481e-09	8.2846e-10	2.7286e-09	6.0945e-10	1.5003e-09	2.7153e-10	7.5988e-10	8.9069e-11	2.9133e-10	1.5015e-10	4.3327e-10	1.4093e-10	3.7822e-10	8.3225e-11	4.4645e-10	9.4214e-11	5.4717e-10	1.0479e-10	2.5848e-10	6.2116e-11	6.4304e-10	5.7479e-11	1.72e-10	4.0927e-11	1.5263e-10	1.8055e-11	1.7219e-10	2.9606e-11	1.3444e-10	3.3562e-11	1.3453e-10	5.0925e-11	8.4534e-11	1.7267e-11	8.5621e-11	1.2495e-11	7.799e-11	7.0285e-12	7.804e-11	2.6972e-11	1.1581e-10	7.6196e-11	1.4474e-10	2.6998e-11	4.7308e-11	1.4503e-11	1.3541e-10	7.0547e-12	7.8739e-12	4.7678e-12
47.1332	0.13377	0.054856	0.0001315	3.6009e-05	0.00024016	0.0010048	0.00025661	0.0011666	1.8938e-05	0.0001758	3.3743e-05	0.00020743	3.7755e-05	0.00013386	4.0299e-06	1.9253e-05	2.7507e-06	5.3275e-06	5.8581e-06	2.4091e-05	4.4169e-06	1.6465e-05	1.0454e-05	1.8853e-05	1.2587e-05	9.3309e-05	3.2843e-07	3.9889e-06	6.3877e-08	8.2516e-08	6.1448e-09	1.3263e-08	8.4332e-10	4.9627e-09	9.2073e-10	2.5787e-09	8.3841e-10	2.7614e-09	6.167e-10	1.5182e-09	2.7463e-10	7.69e-10	9.0126e-11	2.9483e-10	1.5195e-10	4.3847e-10	1.4262e-10	3.828e-10	8.4232e-11	4.5188e-10	9.5362e-11	5.5365e-10	1.0607e-10	2.6154e-10	6.2851e-11	6.5066e-10	5.816e-11	1.7403e-10	4.1426e-11	1.5448e-10	1.8275e-11	1.7423e-10	2.9959e-11	1.3604e-10	3.396e-11	1.3612e-10	5.1528e-11	8.5537e-11	1.7472e-11	8.6623e-11	1.2643e-11	7.8887e-11	7.1094e-12	7.8927e-11	2.7279e-11	1.1712e-10	7.7062e-11	1.4638e-10	2.7305e-11	4.7847e-11	1.4668e-11	1.3695e-10	7.135e-12	7.9659e-12	4.8235e-12
47.7882	0.13586	0.054646	0.00013314	3.6652e-05	0.0002436	0.0010155	0.00025779	0.0011674	1.9188e-05	0.00017659	3.4128e-05	0.0002096	3.8166e-05	0.00013532	4.0905e-06	1.9506e-05	2.7997e-06	5.4114e-06	5.9518e-06	2.4368e-05	4.475e-06	1.6674e-05	1.0559e-05	1.9069e-05	1.271e-05	9.4434e-05	3.339e-07	4.0377e-06	6.4625e-08	8.3513e-08	6.2143e-09	1.3421e-08	8.5337e-10	5.0222e-09	9.3171e-10	2.6097e-09	8.4842e-10	2.7943e-09	6.2405e-10	1.5363e-09	2.779e-10	7.7816e-10	9.12e-11	2.9834e-10	1.5376e-10	4.4371e-10	1.4432e-10	3.8742e-10	8.525e-11	4.5735e-10	9.6507e-11	5.601e-10	1.0732e-10	2.6462e-10	6.359e-11	6.5826e-10	5.8845e-11	1.7608e-10	4.1923e-11	1.5629e-10	1.8496e-11	1.7628e-10	3.0312e-11	1.3761e-10	3.436e-11	1.3767e-10	5.2117e-11	8.6518e-11	1.7678e-11	8.7601e-11	1.2787e-11	7.9779e-11	7.1897e-12	7.9819e-11	2.7587e-11	1.1845e-10	7.7934e-11	1.4804e-10	2.7614e-11	4.8388e-11	1.4836e-11	1.3852e-10	7.2161e-12	8.0583e-12	4.8809e-12
48.4523	0.13799	0.054453	0.0001348	3.7322e-05	0.00024706	0.0010262	0.00025904	0.0011685	1.9447e-05	0.00017743	3.4514e-05	0.00021177	3.8578e-05	0.00013678	4.1517e-06	1.976e-05	2.8495e-06	5.4968e-06	6.0468e-06	2.4646e-05	4.5335e-06	1.6877e-05	1.0666e-05	1.9287e-05	1.2832e-05	9.5565e-05	3.392e-07	4.0868e-06	6.5349e-08	8.4467e-08	6.2875e-09	1.358e-08	8.6347e-10	5.0825e-09	9.4274e-10	2.6411e-09	8.5855e-10	2.8276e-09	6.3144e-10	1.5545e-09	2.8118e-10	7.8738e-10	9.228e-11	3.0188e-10	1.5559e-10	4.4902e-10	1.4603e-10	3.9207e-10	8.6274e-11	4.6277e-10	9.7634e-11	5.6638e-10	1.0858e-10	2.6772e-10	6.4333e-11	6.6564e-10	5.9524e-11	1.7814e-10	4.2412e-11	1.5812e-10	1.8714e-11	1.7834e-10	3.0666e-11	1.3915e-10	3.4749e-11	1.3922e-10	5.2701e-11	8.7488e-11	1.7876e-11	8.8584e-11	1.293e-11	8.0674e-11	7.2704e-12	8.0715e-11	2.7897e-11	1.1979e-10	7.8809e-11	1.4971e-10	2.7924e-11	4.8939e-11	1.5007e-11	1.4012e-10	7.299e-12	8.1574e-12	4.9417e-12
49.1257	0.14013	0.054276	0.00013647	3.8e-05	0.00025045	0.001037	0.00026035	0.0011701	1.9713e-05	0.0001783	3.4905e-05	0.00021395	3.8993e-05	0.00013826	4.2135e-06	2.0017e-05	2.8998e-06	5.5839e-06	6.1429e-06	2.4925e-05	4.5925e-06	1.7074e-05	1.0772e-05	1.9492e-05	1.2954e-05	9.6703e-05	3.4452e-07	4.1377e-06	6.6076e-08	8.5406e-08	6.3614e-09	1.374e-08	8.7363e-10	5.1431e-09	9.5385e-10	2.6726e-09	8.6878e-10	2.8613e-09	6.3888e-10	1.5728e-09	2.8449e-10	7.9666e-10	9.3367e-11	3.0547e-10	1.5742e-10	4.5437e-10	1.4776e-10	3.9675e-10	8.7303e-11	4.6813e-10	9.8766e-11	5.7268e-10	1.0984e-10	2.707e-10	6.5077e-11	6.7305e-10	6.0187e-11	1.802e-10	4.2904e-11	1.5995e-10	1.8931e-11	1.8036e-10	3.1022e-11	1.407e-10	3.5135e-11	1.4077e-10	5.3288e-11	8.8463e-11	1.8075e-11	8.9571e-11	1.3074e-11	8.1573e-11	7.3515e-12	8.162e-11	2.8209e-11	1.2116e-10	7.9707e-11	1.5142e-10	2.8241e-11	4.9497e-11	1.5178e-11	1.4172e-10	7.3824e-12	8.2583e-12	5.0029e-12
49.8084	0.1423	0.054118	0.00013816	3.8688e-05	0.00025377	0.0010478	0.00026174	0.001172	1.9982e-05	0.00017924	3.5319e-05	0.00021616	3.9412e-05	0.00013973	4.2759e-06	2.0276e-05	2.9524e-06	5.6756e-06	6.24e-06	2.5206e-05	4.6512e-06	1.7272e-05	1.0883e-05	1.9695e-05	1.3077e-05	9.7797e-05	3.4991e-07	4.1902e-06	6.6806e-08	8.6349e-08	6.4357e-09	1.3901e-08	8.8386e-10	5.204e-09	9.6512e-10	2.7042e-09	8.7907e-10	2.8952e-09	6.4641e-10	1.5914e-09	2.8782e-10	8.0608e-10	9.4467e-11	3.0908e-10	1.5928e-10	4.5975e-10	1.4951e-10	4.0138e-10	8.8319e-11	4.7352e-10	9.9904e-11	5.7902e-10	1.111e-10	2.7369e-10	6.5795e-11	6.805e-10	6.0852e-11	1.8219e-10	4.3398e-11	1.6177e-10	1.9149e-11	1.8235e-10	3.1366e-11	1.4226e-10	3.5524e-11	1.4233e-10	5.3878e-11	8.9441e-11	1.8275e-11	9.0575e-11	1.3219e-11	8.2497e-11	7.4347e-12	8.2545e-11	2.8529e-11	1.2253e-10	8.0611e-11	1.5314e-10	2.8561e-11	5.0059e-11	1.5351e-11	1.4333e-10	7.4662e-12	8.3599e-12	5.0644e-12
50.5006	0.14449	0.053983	0.00013985	3.9386e-05	0.00025712	0.0010588	0.00026323	0.0011745	2.0253e-05	0.00018022	3.5735e-05	0.00021837	3.9856e-05	0.00014123	4.34e-06	2.0537e-05	3.0061e-06	5.769e-06	6.3381e-06	2.5489e-05	4.7072e-06	1.7471e-05	1.0996e-05	1.9899e-05	1.3204e-05	9.8868e-05	3.5534e-07	4.243e-06	6.7548e-08	8.7296e-08	6.5104e-09	1.4064e-08	8.9424e-10	5.2646e-09	9.7645e-10	2.7354e-09	8.8941e-10	2.9292e-09	6.54e-10	1.6101e-09	2.9119e-10	8.1555e-10	9.5576e-11	3.1272e-10	1.6116e-10	4.6516e-10	1.5127e-10	4.0596e-10	8.9327e-11	4.7894e-10	1.0103e-10	5.8545e-10	1.1233e-10	2.7669e-10	6.6516e-11	6.8804e-10	6.1519e-11	1.8419e-10	4.3885e-11	1.6354e-10	1.9368e-11	1.8435e-10	3.171e-11	1.4384e-10	3.5914e-11	1.4393e-10	5.4483e-11	9.0443e-11	1.8477e-11	9.1594e-11	1.3368e-11	8.3425e-11	7.5183e-12	8.3474e-11	2.885e-11	1.2391e-10	8.1519e-11	1.5486e-10	2.8883e-11	5.0623e-11	1.5535e-11	1.4507e-10	7.5537e-12	8.461e-12	5.1244e-12
51.2024	0.14671	0.053872	0.00014151	4.0096e-05	0.00026048	0.0010698	0.0002648	0.0011774	2.0523e-05	0.00018124	3.6153e-05	0.00022059	4.0301e-05	0.00014273	4.4065e-06	2.0801e-05	3.0605e-06	5.864e-06	6.4411e-06	2.5775e-05	4.7634e-06	1.7674e-05	1.111e-05	2.0104e-05	1.3335e-05	9.9942e-05	3.6098e-07	4.2962e-06	6.8324e-08	8.8272e-08	6.5861e-09	1.4228e-08	9.0466e-10	5.3242e-09	9.8785e-10	2.7664e-09	8.996e-10	2.963e-09	6.6163e-10	1.6289e-09	2.9459e-10	8.2507e-10	9.6691e-11	3.1637e-10	1.6304e-10	4.7046e-10	1.5304e-10	4.1057e-10	9.034e-11	4.8423e-10	1.0213e-10	5.9198e-10	1.1355e-10	2.7972e-10	6.724e-11	6.9572e-10	6.2198e-11	1.8619e-10	4.4362e-11	1.6532e-10	1.9581e-11	1.8636e-10	3.2055e-11	1.4545e-10	3.6314e-11	1.4553e-10	5.5091e-11	9.1453e-11	1.8683e-11	9.2617e-11	1.3517e-11	8.4357e-11	7.6023e-12	8.4407e-11	2.9172e-11	1.2537e-10	8.2451e-11	1.5667e-10	2.9209e-11	5.1231e-11	1.5723e-11	1.4683e-10	7.6452e-12	8.5593e-12	5.1839e-12
51.914	0.14895	0.053779	0.00014318	4.0817e-05	0.00026393	0.0010809	0.00026644	0.0011807	2.0781e-05	0.0001823	3.6573e-05	0.00022281	4.0749e-05	0.00014424	4.4736e-06	2.1067e-05	3.1156e-06	5.9606e-06	6.5457e-06	2.6062e-05	4.8199e-06	1.7886e-05	1.1224e-05	2.0316e-05	1.3466e-05	0.00010102	3.6674e-07	4.349e-06	6.9103e-08	8.9278e-08	6.6623e-09	1.4393e-08	9.1514e-10	5.3841e-09	9.993e-10	2.7975e-09	9.0972e-10	2.9963e-09	6.693e-10	1.6477e-09	2.98e-10	8.3462e-10	9.7812e-11	3.1994e-10	1.6492e-10	4.7575e-10	1.5477e-10	4.1519e-10	9.1358e-11	4.8945e-10	1.0323e-10	5.9854e-10	1.1478e-10	2.8281e-10	6.7973e-11	7.0343e-10	6.2887e-11	1.8822e-10	4.484e-11	1.671e-10	1.9792e-11	1.8841e-10	3.2402e-11	1.4706e-10	3.6717e-11	1.4714e-10	5.5702e-11	9.2466e-11	1.889e-11	9.3644e-11	1.3667e-11	8.5315e-11	7.6886e-12	8.539e-11	2.951e-11	1.2688e-10	8.3442e-11	1.5855e-10	2.956e-11	5.1847e-11	1.5912e-11	1.486e-10	7.7372e-12	8.6581e-12	5.2438e-12
52.6355	0.15121	0.053703	0.00014484	4.1546e-05	0.0002675	0.001092	0.00026814	0.0011841	2.104e-05	0.00018341	3.6971e-05	0.00022515	4.1198e-05	0.00014575	4.5413e-06	2.1334e-05	3.1703e-06	6.0595e-06	6.6513e-06	2.635e-05	4.8767e-06	1.8098e-05	1.1338e-05	2.0534e-05	1.3597e-05	0.00010213	3.7256e-07	4.3993e-06	6.9886e-08	9.0289e-08	6.7388e-09	1.4558e-08	9.2561e-10	5.4442e-09	1.0105e-09	2.8288e-09	9.1987e-10	3.0298e-09	6.7682e-10	1.6662e-09	3.0143e-10	8.4392e-10	9.8912e-11	3.2351e-10	1.6675e-10	4.8106e-10	1.565e-10	4.1969e-10	9.2344e-11	4.9469e-10	1.0433e-10	6.0512e-10	1.1601e-10	2.8592e-10	6.8719e-11	7.1116e-10	6.3578e-11	1.9028e-10	4.532e-11	1.6892e-10	2.0004e-11	1.9048e-10	3.2758e-11	1.4868e-10	3.712e-11	1.4881e-10	5.633e-11	9.35e-11	1.9097e-11	9.4752e-11	1.3823e-11	8.6333e-11	7.7803e-12	8.6409e-11	2.9862e-11	1.2839e-10	8.4438e-11	1.6045e-10	2.9912e-11	5.2467e-11	1.6101e-11	1.5034e-10	7.8297e-12	8.7574e-12	5.3038e-12
53.367	0.15345	0.053646	0.00014652	4.2283e-05	0.00027109	0.0011031	0.00026992	0.001188	2.1301e-05	0.00018465	3.7364e-05	0.00022753	4.1622e-05	0.0001473	4.6094e-06	2.1606e-05	3.2242e-06	6.16e-06	6.758e-06	2.6642e-05	4.9365e-06	1.8311e-05	1.1454e-05	2.0752e-05	1.3729e-05	0.00010327	3.7844e-07	4.4498e-06	7.0673e-08	9.1303e-08	6.8157e-09	1.4719e-08	9.3584e-10	5.5032e-09	1.0216e-09	2.8589e-09	9.3006e-10	3.0633e-09	6.843e-10	1.6846e-09	3.0477e-10	8.5325e-10	1.0001e-10	3.2709e-10	1.686e-10	4.8639e-10	1.5823e-10	4.2413e-10	9.3322e-11	4.9994e-10	1.0546e-10	6.122e-10	1.1727e-10	2.8904e-10	6.9467e-11	7.1942e-10	6.4271e-11	1.9236e-10	4.581e-11	1.7076e-10	2.0216e-11	1.9256e-10	3.3114e-11	1.5044e-10	3.7537e-11	1.5057e-10	5.6997e-11	9.4606e-11	1.9315e-11	9.5874e-11	1.3986e-11	8.7356e-11	7.8724e-12	8.7433e-11	3.0215e-11	1.2991e-10	8.544e-11	1.6235e-10	3.0267e-11	5.308e-11	1.6283e-11	1.5205e-10	7.9188e-12	8.8561e-12	5.3634e-12
54.1087	0.15571	0.053638	0.00014813	4.3015e-05	0.0002747	0.001115	0.00027191	0.0011927	2.1563e-05	0.00018592	3.7759e-05	0.00022993	4.204e-05	0.00014892	4.6746e-06	2.1892e-05	3.2787e-06	6.2621e-06	6.8627e-06	2.695e-05	4.9967e-06	1.8526e-05	1.157e-05	2.097e-05	1.3862e-05	0.00010442	3.844e-07	4.5005e-06	7.1471e-08	9.2326e-08	6.8907e-09	1.488e-08	9.4611e-10	5.561e-09	1.0328e-09	2.889e-09	9.3994e-10	3.0963e-09	6.9181e-10	1.7031e-09	3.0811e-10	8.6263e-10	1.011e-10	3.3069e-10	1.7045e-10	4.915e-10	1.5997e-10	4.2859e-10	9.4303e-11	5.0531e-10	1.066e-10	6.194e-10	1.1854e-10	2.9231e-10	7.0218e-11	7.2787e-10	6.5018e-11	1.9444e-10	4.6304e-11	1.726e-10	2.0434e-11	1.9468e-10	3.3472e-11	1.5221e-10	3.7978e-11	1.5234e-10	5.7667e-11	9.5718e-11	1.9542e-11	9.7001e-11	1.4151e-11	8.8384e-11	7.9651e-12	8.8461e-11	3.0571e-11	1.3137e-10	8.6414e-11	1.6418e-10	3.0615e-11	5.3678e-11	1.6467e-11	1.5376e-10	8.008e-12	8.955e-12	5.4234e-12
54.8606	0.15799	0.05365	0.00014975	4.3756e-05	0.00027835	0.001127	0.00027398	0.0011979	2.1839e-05	0.00018723	3.8154e-05	0.00023233	4.2459e-05	0.00015055	4.7403e-06	2.2179e-05	3.3338e-06	6.3658e-06	6.9659e-06	2.7259e-05	5.0572e-06	1.8743e-05	1.1686e-05	2.1191e-05	1.3995e-05	0.00010558	3.9045e-07	4.5514e-06	7.2272e-08	9.336e-08	6.9657e-09	1.5042e-08	9.5641e-10	5.6189e-09	1.044e-09	2.9191e-09	9.4972e-10	3.1285e-09	6.9935e-10	1.7217e-09	3.1146e-10	8.7195e-10	1.0221e-10	3.3413e-10	1.7228e-10	4.9662e-10	1.6165e-10	4.3306e-10	9.5287e-11	5.1072e-10	1.0774e-10	6.2662e-10	1.1981e-10	2.9572e-10	7.1016e-11	7.3637e-10	6.5776e-11	1.9664e-10	4.68e-11	1.7445e-10	2.0653e-11	1.9694e-10	3.3845e-11	1.5399e-10	3.8421e-11	1.5412e-10	5.834e-11	9.6836e-11	1.977e-11	9.8118e-11	1.4316e-11	8.9383e-11	8.0552e-12	8.9448e-11	3.0913e-11	1.3284e-10	8.7379e-11	1.6601e-10	3.0957e-11	5.4278e-11	1.6651e-11	1.5548e-10	8.0976e-12	9.0543e-12	5.4835e-12
55.623	0.16028	0.053683	0.00015136	4.4505e-05	0.00028205	0.0011389	0.00027612	0.0012034	2.2117e-05	0.00018856	3.8562e-05	0.00023467	4.2878e-05	0.00015218	4.8065e-06	2.2468e-05	3.3901e-06	6.4689e-06	7.0701e-06	2.757e-05	5.118e-06	1.8961e-05	1.1799e-05	2.1413e-05	1.4129e-05	0.00010674	3.9655e-07	4.6051e-06	7.3076e-08	9.4398e-08	7.0409e-09	1.5203e-08	9.666e-10	5.677e-09	1.0548e-09	2.9493e-09	9.5953e-10	3.1608e-09	7.066e-10	1.7395e-09	3.1482e-10	8.8094e-10	1.0327e-10	3.3758e-10	1.7406e-10	5.0175e-10	1.6331e-10	4.3765e-10	9.6298e-11	5.1615e-10	1.0888e-10	6.3379e-10	1.2112e-10	2.9914e-10	7.1837e-11	7.4482e-10	6.6538e-11	1.9891e-10	4.7299e-11	1.7646e-10	2.0872e-11	1.9922e-10	3.4236e-11	1.5574e-10	3.8866e-11	1.5584e-10	5.8994e-11	9.7926e-11	1.9999e-11	9.9204e-11	1.4475e-11	9.0373e-11	8.1444e-12	9.0439e-11	3.1256e-11	1.3431e-10	8.8348e-11	1.6786e-10	3.13e-11	5.488e-11	1.6834e-11	1.5719e-10	8.187e-12	9.152e-12	5.5412e-12
56.3961	0.1626	0.053736	0.000153	4.5257e-05	0.00028577	0.001151	0.00027833	0.0012092	2.2396e-05	0.00018981	3.8982e-05	0.00023689	4.3313e-05	0.00015381	4.8732e-06	2.2759e-05	3.4485e-06	6.5733e-06	7.1752e-06	2.7882e-05	5.1797e-06	1.9181e-05	1.1911e-05	2.1636e-05	1.4259e-05	0.00010791	4.0272e-07	4.6592e-06	7.3877e-08	9.5439e-08	7.1162e-09	1.5358e-08	9.7647e-10	5.7363e-09	1.0656e-09	2.9803e-09	9.6936e-10	3.1931e-09	7.1382e-10	1.7573e-09	3.1804e-10	8.8995e-10	1.0432e-10	3.4103e-10	1.7584e-10	5.0692e-10	1.6498e-10	4.4225e-10	9.731e-11	5.2168e-10	1.1013e-10	6.4075e-10	1.2251e-10	3.0258e-10	7.2662e-11	7.5299e-10	6.7291e-11	2.0119e-10	4.7841e-11	1.7849e-10	2.1099e-11	2.0151e-10	3.4629e-11	1.5744e-10	3.9297e-11	1.5755e-10	5.9641e-11	9.9001e-11	2.0219e-11	1.0029e-10	1.4634e-11	9.1366e-11	8.2339e-12	9.1433e-11	3.1599e-11	1.3578e-10	8.9317e-11	1.6969e-10	3.1644e-11	5.5477e-11	1.7017e-11	1.589e-10	8.2761e-12	9.2469e-12	5.5987e-12
57.1798	0.16494	0.05378	0.00015466	4.6e-05	0.00028951	0.0011624	0.00028046	0.0012147	2.2677e-05	0.00019106	3.9402e-05	0.00023911	4.3759e-05	0.00015533	4.9428e-06	2.3036e-05	3.5075e-06	6.6792e-06	7.2827e-06	2.8176e-05	5.2417e-06	1.9399e-05	1.2023e-05	2.1859e-05	1.4387e-05	0.00010909	4.0884e-07	4.7134e-06	7.4659e-08	9.6468e-08	7.1883e-09	1.5514e-08	9.8636e-10	5.796e-09	1.0764e-09	3.0114e-09	9.7945e-10	3.2262e-09	7.2106e-10	1.7751e-09	3.2126e-10	8.9897e-10	1.0538e-10	3.4451e-10	1.7762e-10	5.1219e-10	1.6666e-10	4.4686e-10	9.8325e-11	5.2761e-10	1.1138e-10	6.4772e-10	1.2391e-10	3.0587e-10	7.3485e-11	7.6119e-10	6.8023e-11	2.0348e-10	4.8386e-11	1.8052e-10	2.1339e-11	2.0374e-10	3.5023e-11	1.5916e-10	3.9724e-11	1.5927e-10	6.0291e-11	1.0008e-10	2.0439e-11	1.0139e-10	1.4794e-11	9.2359e-11	8.3234e-12	9.2424e-11	3.1942e-11	1.3725e-10	9.028e-11	1.7152e-10	3.1985e-11	5.6076e-11	1.7201e-11	1.6062e-10	8.3654e-12	9.342e-12	5.6563e-12
57.9745	0.1673	0.053829	0.00015633	4.6751e-05	0.00029324	0.0011735	0.00028258	0.00122	2.2962e-05	0.00019232	3.9824e-05	0.00024133	4.4205e-05	0.00015685	5.0134e-06	2.3311e-05	3.5672e-06	6.7861e-06	7.3939e-06	2.8466e-05	5.3039e-06	1.9612e-05	1.2135e-05	2.2078e-05	1.4515e-05	0.00011027	4.1497e-07	4.7679e-06	7.5442e-08	9.7479e-08	7.2604e-09	1.567e-08	9.9627e-10	5.8559e-09	1.0873e-09	3.0425e-09	9.8956e-10	3.2594e-09	7.2833e-10	1.793e-09	3.2448e-10	9.081e-10	1.0644e-10	3.4807e-10	1.7943e-10	5.1748e-10	1.6838e-10	4.516e-10	9.9374e-11	5.3356e-10	1.1264e-10	6.5472e-10	1.2531e-10	3.0917e-10	7.4277e-11	7.6942e-10	6.8758e-11	2.0567e-10	4.8932e-11	1.8252e-10	2.158e-11	2.0594e-10	3.5403e-11	1.6088e-10	4.0153e-11	1.6099e-10	6.0941e-11	1.0116e-10	2.066e-11	1.0247e-10	1.4953e-11	9.3346e-11	8.4124e-12	9.3412e-11	3.2283e-11	1.3871e-10	9.1246e-11	1.7336e-10	3.2327e-11	5.6676e-11	1.7382e-11	1.6229e-10	8.4548e-12	9.4378e-12	5.7171e-12
58.7802	0.16968	0.053896	0.00015801	4.7509e-05	0.00029692	0.0011846	0.00028475	0.0012256	2.3248e-05	0.00019361	4.0249e-05	0.00024358	4.4652e-05	0.00015836	5.0845e-06	2.3587e-05	3.6276e-06	6.8915e-06	7.506e-06	2.8758e-05	5.3664e-06	1.9826e-05	1.2242e-05	2.2294e-05	1.4643e-05	0.00011144	4.2115e-07	4.8231e-06	7.6228e-08	9.8493e-08	7.3325e-09	1.5827e-08	1.0063e-09	5.9164e-09	1.0984e-09	3.0748e-09	9.9968e-10	3.2928e-09	7.3577e-10	1.8113e-09	3.2774e-10	9.1738e-10	1.0753e-10	3.5163e-10	1.8126e-10	5.2278e-10	1.701e-10	4.5664e-10	1.0048e-10	5.3953e-10	1.1387e-10	6.6166e-10	1.2665e-10	3.1248e-10	7.5071e-11	7.7759e-10	6.9494e-11	2.0787e-10	4.9468e-11	1.8447e-10	2.1821e-11	2.0814e-10	3.5782e-11	1.6258e-10	4.0582e-11	1.6269e-10	6.1586e-11	1.0223e-10	2.088e-11	1.0356e-10	1.5111e-11	9.4335e-11	8.5015e-12	9.4402e-11	3.2626e-11	1.4017e-10	9.2214e-11	1.7519e-10	3.267e-11	5.7263e-11	1.7557e-11	1.6393e-10	8.5399e-12	9.5424e-12	5.7805e-12
59.5971	0.17209	0.053981	0.00015977	4.8281e-05	0.00030062	0.0011958	0.00028697	0.0012314	2.3536e-05	0.00019499	4.0677e-05	0.00024594	4.5103e-05	0.00015988	5.1561e-06	2.3865e-05	3.6891e-06	6.9982e-06	7.619e-06	2.9049e-05	5.4274e-06	2.0041e-05	1.2348e-05	2.2509e-05	1.4766e-05	0.00011259	4.2738e-07	4.8786e-06	7.7002e-08	9.9509e-08	7.4052e-09	1.5988e-08	1.0165e-09	5.9819e-09	1.1095e-09	3.1089e-09	1.0101e-09	3.3265e-09	7.4322e-10	1.8297e-09	3.3105e-10	9.2667e-10	1.0862e-10	3.5519e-10	1.831e-10	5.2835e-10	1.7183e-10	4.617e-10	1.016e-10	5.4534e-10	1.1508e-10	6.6861e-10	1.28e-10	3.1577e-10	7.5867e-11	7.8574e-10	7.0224e-11	2.1007e-10	4.9991e-11	1.8642e-10	2.2054e-11	2.1034e-10	3.6161e-11	1.6429e-10	4.1007e-11	1.644e-10	6.2232e-11	1.033e-10	2.1099e-11	1.0465e-10	1.527e-11	9.5327e-11	8.5909e-12	9.5386e-11	3.2967e-11	1.4157e-10	9.3141e-11	1.7693e-10	3.3002e-11	5.7835e-11	1.7733e-11	1.6556e-10	8.6252e-12	9.6473e-12	5.8441e-12
60.4253	0.17454	0.054096	0.0001616	4.9067e-05	0.00030433	0.0012073	0.00028931	0.0012376	2.3825e-05	0.00019643	4.1106e-05	0.0002483	4.5556e-05	0.00016148	5.2287e-06	2.4153e-05	3.7512e-06	7.1061e-06	7.7334e-06	2.9352e-05	5.4883e-06	2.0252e-05	1.2453e-05	2.2725e-05	1.4886e-05	0.00011374	4.3349e-07	4.9343e-06	7.7751e-08	1.005e-07	7.4794e-09	1.6148e-08	1.0267e-09	6.0476e-09	1.1207e-09	3.143e-09	1.0212e-09	3.363e-09	7.5068e-10	1.848e-09	3.3437e-10	9.3598e-10	1.0971e-10	3.5894e-10	1.8494e-10	5.3415e-10	1.7362e-10	4.6678e-10	1.0272e-10	5.5106e-10	1.1629e-10	6.7557e-10	1.2934e-10	3.1905e-10	7.6658e-11	7.9392e-10	7.0954e-11	2.1227e-10	5.0516e-11	1.8838e-10	2.2286e-11	2.1253e-10	3.6539e-11	1.66e-10	4.1434e-11	1.6611e-10	6.288e-11	1.0438e-10	2.1318e-11	1.0571e-10	1.5429e-11	9.6275e-11	8.6764e-12	9.6328e-11	3.3293e-11	1.4297e-10	9.4062e-11	1.7868e-10	3.3328e-11	5.8407e-11	1.7909e-11	1.6724e-10	8.7105e-12	9.7526e-12	5.9071e-12
61.265	0.17702	0.054245	0.00016343	4.986e-05	0.00030799	0.0012192	0.00029179	0.0012445	2.4108e-05	0.00019789	4.1536e-05	0.00025067	4.6011e-05	0.00016309	5.3019e-06	2.4447e-05	3.814e-06	7.216e-06	7.8493e-06	2.9662e-05	5.5494e-06	2.0457e-05	1.2558e-05	2.2933e-05	1.5006e-05	0.00011489	4.396e-07	4.9902e-06	7.85e-08	1.0146e-07	7.5537e-09	1.6309e-08	1.0369e-09	6.1135e-09	1.1326e-09	3.1773e-09	1.0323e-09	3.3996e-09	7.5848e-10	1.8673e-09	3.377e-10	9.4596e-10	1.1084e-10	3.6285e-10	1.8694e-10	5.3997e-10	1.7551e-10	4.7169e-10	1.0379e-10	5.5679e-10	1.175e-10	6.8238e-10	1.3068e-10	3.2234e-10	7.7447e-11	8.0197e-10	7.1685e-11	2.1445e-10	5.1042e-11	1.9032e-10	2.2518e-11	2.1472e-10	3.6915e-11	1.6766e-10	4.1861e-11	1.6774e-10	6.3499e-11	1.0541e-10	2.1537e-11	1.0674e-10	1.558e-11	9.7217e-11	8.7613e-12	9.7271e-11	3.3619e-11	1.4437e-10	9.4983e-11	1.8043e-10	3.3654e-11	5.8987e-11	1.8102e-11	1.6904e-10	8.8022e-12	9.8546e-12	5.9685e-12
62.1165	0.17951	0.05441	0.00016527	5.0662e-05	0.00031157	0.0012311	0.00029431	0.0012515	2.439e-05	0.00019937	4.1958e-05	0.00025304	4.6465e-05	0.00016471	5.3757e-06	2.4743e-05	3.8771e-06	7.3283e-06	7.9661e-06	2.9972e-05	5.6105e-06	2.0663e-05	1.2666e-05	2.3137e-05	1.5125e-05	0.00011601	4.4575e-07	5.0445e-06	7.9249e-08	1.0243e-07	7.628e-09	1.6482e-08	1.048e-09	6.1778e-09	1.1448e-09	3.2102e-09	1.0435e-09	3.4363e-09	7.6665e-10	1.8875e-09	3.4122e-10	9.5615e-10	1.1204e-10	3.6676e-10	1.8895e-10	5.458e-10	1.774e-10	4.7655e-10	1.0486e-10	5.6252e-10	1.187e-10	6.8898e-10	1.3201e-10	3.2561e-10	7.8238e-11	8.0973e-10	7.2399e-11	2.1664e-10	5.1562e-11	1.9226e-10	2.2749e-11	2.1691e-10	3.7292e-11	1.6928e-10	4.2268e-11	1.6937e-10	6.4114e-11	1.0643e-10	2.1745e-11	1.0778e-10	1.573e-11	9.8159e-11	8.8462e-12	9.8213e-11	3.3944e-11	1.459e-10	9.5954e-11	1.8232e-10	3.3992e-11	5.9618e-11	1.8295e-11	1.7085e-10	8.8963e-12	9.9562e-12	6.0301e-12
62.9797	0.18202	0.05459	0.00016703	5.151e-05	0.00031517	0.0012429	0.00029688	0.0012588	2.4674e-05	0.00020089	4.2374e-05	0.00025543	4.691e-05	0.00016633	5.45e-06	2.504e-05	3.9398e-06	7.4419e-06	8.0839e-06	3.0283e-05	5.6691e-06	2.0868e-05	1.2774e-05	2.334e-05	1.5248e-05	0.0001171	4.5195e-07	5.0988e-06	8.001e-08	1.034e-07	7.7065e-09	1.6658e-08	1.0592e-09	6.2407e-09	1.157e-09	3.2429e-09	1.0542e-09	3.4721e-09	7.7485e-10	1.9076e-09	3.4486e-10	9.6638e-10	1.1324e-10	3.7068e-10	1.9097e-10	5.5136e-10	1.793e-10	4.8141e-10	1.0593e-10	5.6819e-10	1.1989e-10	6.9559e-10	1.3335e-10	3.2873e-10	7.9018e-11	8.1749e-10	7.3093e-11	2.188e-10	5.2083e-11	1.9421e-10	2.2978e-11	2.1901e-10	3.7669e-11	1.709e-10	4.2673e-11	1.7099e-10	6.4729e-11	1.0745e-10	2.1953e-11	1.0883e-10	1.5881e-11	9.9155e-11	8.9358e-12	9.9239e-11	3.4296e-11	1.4744e-10	9.697e-11	1.8425e-10	3.4352e-11	6.025e-11	1.849e-11	1.7267e-10	8.9907e-12	1.0058e-11	6.092e-12
63.855	0.18454	0.054787	0.00016879	5.2375e-05	0.00031878	0.0012549	0.0002995	0.0012662	2.4957e-05	0.00020243	4.2789e-05	0.00025783	4.7348e-05	0.00016796	5.523e-06	2.5339e-05	4.0031e-06	7.5568e-06	8.2016e-06	3.0596e-05	5.7277e-06	2.1077e-05	1.2882e-05	2.3544e-05	1.5371e-05	0.0001182	4.583e-07	5.1533e-06	8.078e-08	1.0439e-07	7.788e-09	1.6834e-08	1.0704e-09	6.3037e-09	1.1692e-09	3.2757e-09	1.0649e-09	3.5071e-09	7.8306e-10	1.9279e-09	3.4852e-10	9.7651e-10	1.1444e-10	3.7442e-10	1.9296e-10	5.5692e-10	1.8112e-10	4.8626e-10	1.07e-10	5.7387e-10	1.2109e-10	7.0227e-10	1.3468e-10	3.3184e-10	7.9766e-11	8.2527e-10	7.3786e-11	2.2088e-10	5.2604e-11	1.9609e-10	2.3208e-11	2.2109e-10	3.8025e-11	1.7258e-10	4.3078e-11	1.7271e-10	6.538e-11	1.0852e-10	2.2162e-11	1.0997e-10	1.6043e-11	1.0019e-10	9.0295e-12	1.0028e-10	3.4656e-11	1.4899e-10	9.7988e-11	1.8619e-10	3.4713e-11	6.0883e-11	1.8678e-11	1.7441e-10	9.0833e-12	1.0162e-11	6.1555e-12
64.7424	0.18709	0.055004	0.00017056	5.3249e-05	0.00032245	0.001267	0.00030219	0.001274	2.523e-05	0.00020399	4.3205e-05	0.00026023	4.7785e-05	0.0001696	5.5961e-06	2.5642e-05	4.0669e-06	7.678e-06	8.3182e-06	3.0912e-05	5.7864e-06	2.1287e-05	1.2994e-05	2.3753e-05	1.5493e-05	0.00011929	4.647e-07	5.2076e-06	8.155e-08	1.0538e-07	7.8697e-09	1.7008e-08	1.0815e-09	6.3667e-09	1.1808e-09	3.3083e-09	1.0755e-09	3.5422e-09	7.909e-10	1.9471e-09	3.5216e-10	9.8625e-10	1.1558e-10	3.7816e-10	1.9489e-10	5.6249e-10	1.8293e-10	4.9107e-10	1.0805e-10	5.7956e-10	1.2226e-10	7.0957e-10	1.3594e-10	3.3496e-10	8.0514e-11	8.3384e-10	7.449e-11	2.2295e-10	5.3107e-11	1.9793e-10	2.3438e-11	2.2316e-10	3.8382e-11	1.7437e-10	4.3509e-11	1.7451e-10	6.6059e-11	1.0965e-10	2.2388e-11	1.1111e-10	1.621e-11	1.0124e-10	9.1234e-12	1.0132e-10	3.5016e-11	1.505e-10	9.8996e-11	1.8808e-10	3.5072e-11	6.1493e-11	1.8865e-11	1.7615e-10	9.1741e-12	1.0267e-11	6.2191e-12
65.6422	0.18965	0.055233	0.00017231	5.4124e-05	0.00032616	0.001279	0.00030493	0.0012818	2.5503e-05	0.00020556	4.3606e-05	0.00026261	4.8221e-05	0.00017124	5.6697e-06	2.5945e-05	4.1306e-06	7.8025e-06	8.4355e-06	3.1227e-05	5.8456e-06	2.1498e-05	1.3113e-05	2.3961e-05	1.5619e-05	0.0001204	4.7113e-07	5.2596e-06	8.2319e-08	1.0638e-07	7.9513e-09	1.7176e-08	1.0921e-09	6.429e-09	1.1925e-09	3.3406e-09	1.0861e-09	3.5772e-09	7.9872e-10	1.9664e-09	3.5564e-10	9.9601e-10	1.1673e-10	3.819e-10	1.9681e-10	5.6802e-10	1.8474e-10	4.9587e-10	1.0911e-10	5.8499e-10	1.2339e-10	7.1687e-10	1.372e-10	3.3835e-10	8.1262e-11	8.4242e-10	7.5256e-11	2.2502e-10	5.36e-11	1.9977e-10	2.3656e-11	2.2534e-10	3.8738e-11	1.7616e-10	4.3956e-11	1.7631e-10	6.6739e-11	1.1078e-10	2.2618e-11	1.1226e-10	1.6377e-11	1.0227e-10	9.2163e-12	1.0234e-10	3.5369e-11	1.5199e-10	9.9976e-11	1.8995e-10	3.542e-11	6.2102e-11	1.9052e-11	1.779e-10	9.265e-12	1.0372e-11	6.2826e-12
66.5544	0.1922	0.055474	0.00017406	5.4987e-05	0.00032988	0.0012911	0.0003077	0.0012898	2.5776e-05	0.0002071	4.3999e-05	0.0002649	4.864e-05	0.00017288	5.7436e-06	2.625e-05	4.1935e-06	7.9285e-06	8.5537e-06	3.1543e-05	5.9058e-06	2.1709e-05	1.3232e-05	2.4169e-05	1.5755e-05	0.00012153	4.7778e-07	5.3117e-06	8.3159e-08	1.0739e-07	8.029e-09	1.7344e-08	1.1028e-09	6.4913e-09	1.2042e-09	3.373e-09	1.0966e-09	3.6118e-09	8.0654e-10	1.9856e-09	3.5912e-10	1.0058e-09	1.1787e-10	3.8562e-10	1.9874e-10	5.7352e-10	1.8654e-10	5.0068e-10	1.1017e-10	5.9036e-10	1.2452e-10	7.2418e-10	1.3846e-10	3.4179e-10	8.2087e-11	8.5102e-10	7.6023e-11	2.2729e-10	5.4092e-11	2.0165e-10	2.3873e-11	2.2764e-10	3.9122e-11	1.7795e-10	4.4404e-11	1.7808e-10	6.7411e-11	1.119e-10	2.2849e-11	1.1336e-10	1.6541e-11	1.0327e-10	9.3065e-12	1.0334e-10	3.5716e-11	1.5348e-10	1.0096e-10	1.9181e-10	3.5767e-11	6.2712e-11	1.9242e-11	1.7969e-10	9.357e-12	1.0474e-11	6.3436e-12
67.4793	0.19473	0.055719	0.00017581	5.5857e-05	0.00033363	0.0013029	0.00031047	0.0012978	2.6052e-05	0.00020862	4.4391e-05	0.00026719	4.9051e-05	0.00017448	5.815e-06	2.6549e-05	4.2569e-06	8.0552e-06	8.6703e-06	3.1852e-05	5.9661e-06	2.1939e-05	1.3351e-05	2.4384e-05	1.589e-05	0.00012265	4.8474e-07	5.3637e-06	8.4005e-08	1.0848e-07	8.1067e-09	1.7513e-08	1.1135e-09	6.5536e-09	1.2158e-09	3.4054e-09	1.1071e-09	3.6464e-09	8.1432e-10	2.0047e-09	3.626e-10	1.0154e-09	1.1901e-10	3.8931e-10	2.0065e-10	5.7902e-10	1.8833e-10	5.0526e-10	1.1117e-10	5.9572e-10	1.2569e-10	7.3123e-10	1.3982e-10	3.4524e-10	8.2915e-11	8.5933e-10	7.6791e-11	2.2958e-10	5.46e-11	2.0369e-10	2.4089e-11	2.2993e-10	3.9516e-11	1.7968e-10	4.4846e-11	1.798e-10	6.8064e-11	1.1298e-10	2.3074e-11	1.1446e-10	1.6701e-11	1.0427e-10	9.3968e-12	1.0435e-10	3.6062e-11	1.55e-10	1.0194e-10	1.937e-10	3.6114e-11	6.3335e-11	1.9435e-11	1.8149e-10	9.4507e-12	1.0575e-11	6.4047e-12
68.4171	0.19727	0.055964	0.00017754	5.6736e-05	0.00033767	0.0013145	0.0003132	0.0013056	2.6333e-05	0.00021016	4.4782e-05	0.00026948	4.946e-05	0.00017605	5.8867e-06	2.6845e-05	4.3208e-06	8.1797e-06	8.7855e-06	3.2156e-05	6.0264e-06	2.217e-05	1.3463e-05	2.4614e-05	1.6025e-05	0.00012378	4.9176e-07	5.4163e-06	8.4852e-08	1.0957e-07	8.1845e-09	1.7679e-08	1.1241e-09	6.6133e-09	1.2273e-09	3.4358e-09	1.1177e-09	3.681e-09	8.2203e-10	2.0237e-09	3.6605e-10	1.025e-09	1.2013e-10	3.9301e-10	2.0255e-10	5.8447e-10	1.9011e-10	5.0978e-10	1.1217e-10	6.0136e-10	1.2694e-10	7.3824e-10	1.4121e-10	3.4861e-10	8.3743e-11	8.6757e-10	7.7529e-11	2.3188e-10	5.5145e-11	2.0572e-10	2.4322e-11	2.3221e-10	3.9911e-11	1.814e-10	4.5275e-11	1.8153e-10	6.8717e-11	1.1407e-10	2.3295e-11	1.1556e-10	1.6861e-11	1.0528e-10	9.4876e-12	1.0537e-10	3.6413e-11	1.5653e-10	1.0295e-10	1.9562e-10	3.6472e-11	6.3963e-11	1.9628e-11	1.833e-10	9.5445e-12	1.0676e-11	6.4658e-12
69.3679	0.19982	0.056219	0.00017919	5.7616e-05	0.00034173	0.001326	0.00031596	0.0013136	2.6614e-05	0.0002117	4.5184e-05	0.00027172	4.9868e-05	0.00017762	5.9586e-06	2.7143e-05	4.3859e-06	8.3056e-06	8.9013e-06	3.2461e-05	6.0904e-06	2.2401e-05	1.3574e-05	2.4843e-05	1.6153e-05	0.00012501	4.9883e-07	5.4697e-06	8.5681e-08	1.1067e-07	8.2615e-09	1.7845e-08	1.1346e-09	6.6719e-09	1.2388e-09	3.4663e-09	1.1276e-09	3.7142e-09	8.2974e-10	2.0427e-09	3.6948e-10	1.0347e-09	1.2126e-10	3.9666e-10	2.0445e-10	5.8964e-10	1.9189e-10	5.1431e-10	1.1316e-10	6.073e-10	1.2819e-10	7.4526e-10	1.4261e-10	3.5191e-10	8.4546e-11	8.7581e-10	7.8264e-11	2.341e-10	5.569e-11	2.0775e-10	2.4562e-11	2.3441e-10	4.0298e-11	1.8313e-10	4.5705e-11	1.8327e-10	6.9374e-11	1.1515e-10	2.3516e-11	1.1668e-10	1.7023e-11	1.0631e-10	9.5806e-12	1.064e-10	3.677e-11	1.5807e-10	1.0396e-10	1.9754e-10	3.683e-11	6.4592e-11	1.9816e-11	1.8504e-10	9.6371e-12	1.0778e-11	6.5288e-12
70.332	0.20239	0.056483	0.00018084	5.8503e-05	0.0003458	0.0013375	0.00031875	0.0013216	2.6895e-05	0.00021317	4.5585e-05	0.00027385	5.0287e-05	0.00017919	6.0312e-06	2.7441e-05	4.4519e-06	8.4327e-06	9.0176e-06	3.2765e-05	6.1564e-06	2.2628e-05	1.3684e-05	2.5072e-05	1.6279e-05	0.00012625	5.0572e-07	5.5231e-06	8.6483e-08	1.1172e-07	8.3381e-09	1.801e-08	1.1451e-09	6.7304e-09	1.2501e-09	3.4967e-09	1.1375e-09	3.7467e-09	8.374e-10	2.0615e-09	3.7291e-10	1.0441e-09	1.2238e-10	4.0013e-10	2.0629e-10	5.9481e-10	1.9357e-10	5.1911e-10	1.1423e-10	6.1323e-10	1.2945e-10	7.5243e-10	1.4397e-10	3.5522e-10	8.5339e-11	8.8422e-10	7.9e-11	2.363e-10	5.6232e-11	2.097e-10	2.4802e-11	2.3661e-10	4.0676e-11	1.849e-10	4.6138e-11	1.8504e-10	7.0047e-11	1.1627e-10	2.3741e-11	1.1782e-10	1.7189e-11	1.0734e-10	9.6736e-12	1.0743e-10	3.7127e-11	1.5958e-10	1.0497e-10	1.9943e-10	3.7188e-11	6.5201e-11	2.0001e-11	1.8676e-10	9.7268e-12	1.0882e-11	6.5917e-12
71.3094	0.20497	0.056739	0.00018249	5.9397e-05	0.00034979	0.0013486	0.00032148	0.0013293	2.7194e-05	0.00021462	4.5985e-05	0.00027598	5.0705e-05	0.00018067	6.1052e-06	2.7728e-05	4.5184e-06	8.5602e-06	9.1364e-06	3.3055e-05	6.2225e-06	2.2847e-05	1.3794e-05	2.529e-05	1.6404e-05	0.00012748	5.1261e-07	5.5766e-06	8.7285e-08	1.1276e-07	8.4146e-09	1.8171e-08	1.1553e-09	6.7914e-09	1.2609e-09	3.5295e-09	1.1473e-09	3.7792e-09	8.4464e-10	2.0793e-09	3.7628e-10	1.0531e-09	1.2344e-10	4.036e-10	2.0807e-10	5.9996e-10	1.9525e-10	5.2413e-10	1.1533e-10	6.191e-10	1.3065e-10	7.5966e-10	1.4531e-10	3.5857e-10	8.6132e-11	8.9271e-10	7.9753e-11	2.385e-10	5.6754e-11	2.1165e-10	2.5038e-11	2.3882e-10	4.1053e-11	1.8667e-10	4.6581e-11	1.8682e-10	7.0721e-11	1.1739e-10	2.3968e-11	1.1895e-10	1.7354e-11	1.0837e-10	9.7663e-12	1.0845e-10	3.748e-11	1.6104e-10	1.0593e-10	2.0126e-10	3.7531e-11	6.5801e-11	2.0185e-11	1.8848e-10	9.8163e-12	1.0986e-11	6.6543e-12
72.3004	0.20756	0.056992	0.0001843	6.0282e-05	0.0003537	0.0013594	0.00032416	0.0013368	2.7501e-05	0.00021608	4.6397e-05	0.00027809	5.1122e-05	0.00018214	6.1794e-06	2.8013e-05	4.5855e-06	8.6886e-06	9.2561e-06	3.3341e-05	6.2882e-06	2.3066e-05	1.3902e-05	2.5505e-05	1.6528e-05	0.00012867	5.1955e-07	5.6337e-06	8.8085e-08	1.1379e-07	8.49e-09	1.8326e-08	1.1652e-09	6.8563e-09	1.2717e-09	3.5633e-09	1.1579e-09	3.8131e-09	8.5186e-10	2.0971e-09	3.7949e-10	1.0621e-09	1.2449e-10	4.0705e-10	2.0985e-10	6.0561e-10	1.9692e-10	5.2914e-10	1.1644e-10	6.2478e-10	1.3185e-10	7.6688e-10	1.4664e-10	3.6197e-10	8.6939e-11	9.012e-10	8.051e-11	2.4073e-10	5.7274e-11	2.1359e-10	2.5267e-11	2.4108e-10	4.1435e-11	1.8845e-10	4.7024e-11	1.8859e-10	7.139e-11	1.185e-10	2.4196e-11	1.2004e-10	1.7517e-11	1.0935e-10	9.8551e-12	1.0943e-10	3.782e-11	1.6251e-10	1.069e-10	2.031e-10	3.7872e-11	6.64e-11	2.0372e-11	1.9024e-10	9.9066e-12	1.1087e-11	6.7142e-12
73.3052	0.21016	0.057251	0.00018612	6.1157e-05	0.00035762	0.0013701	0.00032687	0.0013444	2.7808e-05	0.00021754	4.6838e-05	0.00028024	5.1553e-05	0.00018361	6.2539e-06	2.8297e-05	4.6572e-06	8.8182e-06	9.3765e-06	3.3627e-05	6.351e-06	2.3286e-05	1.4009e-05	2.572e-05	1.665e-05	0.00012984	5.2649e-07	5.6923e-06	8.8874e-08	1.1482e-07	8.5615e-09	1.8481e-08	1.175e-09	6.9212e-09	1.2825e-09	3.597e-09	1.1688e-09	3.8491e-09	8.5906e-10	2.1148e-09	3.8269e-10	1.0712e-09	1.2555e-10	4.1084e-10	2.1168e-10	6.1134e-10	1.9873e-10	5.3408e-10	1.1752e-10	6.3044e-10	1.3304e-10	7.7387e-10	1.4799e-10	3.6538e-10	8.7755e-11	9.0945e-10	8.1267e-11	2.4299e-10	5.7795e-11	2.1559e-10	2.5496e-11	2.4335e-10	4.1824e-11	1.9015e-10	4.7463e-11	1.9028e-10	7.2031e-11	1.1957e-10	2.442e-11	1.2112e-10	1.7674e-11	1.1034e-10	9.9437e-12	1.1042e-10	3.8161e-11	1.64e-10	1.0786e-10	2.0495e-10	3.8213e-11	6.7012e-11	2.0562e-11	1.9201e-10	9.9989e-12	1.1185e-11	6.774e-12
74.324	0.21283	0.057517	0.00018795	6.2037e-05	0.00036154	0.0013808	0.00032959	0.0013521	2.8114e-05	0.00021905	4.7278e-05	0.0002824	5.2014e-05	0.00018508	6.3323e-06	2.8583e-05	4.7296e-06	8.9471e-06	9.4988e-06	3.3912e-05	6.4139e-06	2.3501e-05	1.4115e-05	2.5932e-05	1.6771e-05	0.000131	5.3344e-07	5.751e-06	8.966e-08	1.1583e-07	8.6329e-09	1.8638e-08	1.1851e-09	6.9855e-09	1.2945e-09	3.6299e-09	1.1798e-09	3.8851e-09	8.6692e-10	2.1343e-09	3.8589e-10	1.0812e-09	1.2669e-10	4.1469e-10	2.1366e-10	6.1707e-10	2.0059e-10	5.3886e-10	1.1857e-10	6.3613e-10	1.3427e-10	7.8075e-10	1.4936e-10	3.6872e-10	8.8571e-11	9.1753e-10	8.1999e-11	2.4525e-10	5.833e-11	2.1759e-10	2.5728e-11	2.4561e-10	4.2213e-11	1.9184e-10	4.7884e-11	1.9197e-10	7.2671e-11	1.2063e-10	2.4637e-11	1.222e-10	1.7831e-11	1.1132e-10	1.0032e-11	1.1141e-10	3.8504e-11	1.6551e-10	1.0886e-10	2.0683e-10	3.8564e-11	6.7629e-11	2.0752e-11	1.9379e-10	1.0091e-11	1.1284e-11	6.8327e-12
75.3569	0.2155	0.057801	0.00018972	6.2934e-05	0.00036542	0.0013918	0.0003324	0.0013601	2.8408e-05	0.00022057	4.7718e-05	0.00028456	5.2474e-05	0.00018658	6.4131e-06	2.8875e-05	4.8025e-06	9.074e-06	9.629e-06	3.4205e-05	6.4768e-06	2.3717e-05	1.4214e-05	2.6141e-05	1.6892e-05	0.00013216	5.4042e-07	5.8091e-06	9.0445e-08	1.1685e-07	8.7041e-09	1.8811e-08	1.1961e-09	7.0473e-09	1.3064e-09	3.6621e-09	1.1905e-09	3.9208e-09	8.7494e-10	2.154e-09	3.8944e-10	1.0912e-09	1.2786e-10	4.1853e-10	2.1563e-10	6.2261e-10	2.0244e-10	5.4364e-10	1.1962e-10	6.4197e-10	1.3551e-10	7.8761e-10	1.5074e-10	3.7195e-10	8.9365e-11	9.2559e-10	8.2719e-11	2.4745e-10	5.8866e-11	2.1959e-10	2.5964e-11	2.4776e-10	4.2596e-11	1.9353e-10	4.8305e-11	1.9367e-10	7.3313e-11	1.2169e-10	2.4853e-11	1.233e-10	1.799e-11	1.1234e-10	1.0124e-11	1.1243e-10	3.8854e-11	1.6702e-10	1.0985e-10	2.0872e-10	3.8916e-11	6.8246e-11	2.0935e-11	1.9548e-10	1.0182e-11	1.1377e-11	6.8881e-12
76.4041	0.2182	0.058092	0.00019146	6.3888e-05	0.00036931	0.0014027	0.00033524	0.0013681	2.8701e-05	0.0002221	4.8138e-05	0.0002867	5.2933e-05	0.00018808	6.4943e-06	2.9168e-05	4.8748e-06	9.2017e-06	9.76e-06	3.4496e-05	6.5389e-06	2.3932e-05	1.4312e-05	2.635e-05	1.7003e-05	0.0001333	5.4742e-07	5.8648e-06	9.1199e-08	1.1786e-07	8.7829e-09	1.8983e-08	1.207e-09	7.109e-09	1.3184e-09	3.6941e-09	1.2009e-09	3.955e-09	8.8294e-10	2.1738e-09	3.93e-10	1.1012e-09	1.2903e-10	4.2224e-10	2.176e-10	6.2806e-10	2.0425e-10	5.4844e-10	1.2068e-10	6.478e-10	1.3674e-10	7.9461e-10	1.5209e-10	3.7518e-10	9.014e-11	9.338e-10	8.3437e-11	2.496e-10	5.9401e-11	2.2151e-10	2.62e-11	2.4991e-10	4.2965e-11	1.9526e-10	4.8727e-11	1.9541e-10	7.3972e-11	1.2279e-10	2.5072e-11	1.2441e-10	1.8152e-11	1.1335e-10	1.0215e-11	1.1344e-10	3.9205e-11	1.6849e-10	1.1083e-10	2.1056e-10	3.9266e-11	6.8839e-11	2.1115e-11	1.9716e-10	1.0269e-11	1.1468e-11	6.9432e-12
77.466	0.2209	0.058387	0.0001932	6.485e-05	0.00037319	0.0014136	0.0003381	0.0013763	2.8995e-05	0.0002237	4.855e-05	0.00028908	5.3368e-05	0.00018956	6.5755e-06	2.946e-05	4.9463e-06	9.3311e-06	9.8918e-06	3.4787e-05	6.6008e-06	2.4138e-05	1.4409e-05	2.6557e-05	1.7112e-05	0.00013443	5.5416e-07	5.9204e-06	9.193e-08	1.1881e-07	8.8623e-09	1.9154e-08	1.2179e-09	7.1707e-09	1.3299e-09	3.7265e-09	1.2113e-09	3.9892e-09	8.9071e-10	2.1928e-09	3.9656e-10	1.1107e-09	1.3017e-10	4.2589e-10	2.1948e-10	6.3349e-10	2.0602e-10	5.5335e-10	1.2176e-10	6.536e-10	1.3792e-10	8.0168e-10	1.5339e-10	3.7844e-10	9.0913e-11	9.421e-10	8.4171e-11	2.5174e-10	5.9912e-11	2.2341e-10	2.6432e-11	2.5206e-10	4.3333e-11	1.97e-10	4.916e-11	1.9715e-10	7.4631e-11	1.2388e-10	2.5295e-11	1.2552e-10	1.8313e-11	1.1435e-10	1.0305e-11	1.1443e-10	3.9547e-11	1.6991e-10	1.1177e-10	2.1235e-10	3.96e-11	6.9423e-11	2.1294e-11	1.9884e-10	1.0356e-11	1.1559e-11	7.0005e-12
78.5425	0.22361	0.058701	0.00019497	6.582e-05	0.00037693	0.0014249	0.00034104	0.0013847	2.9286e-05	0.00022543	4.8961e-05	0.00029147	5.3796e-05	0.00019115	6.6538e-06	2.9765e-05	5.0183e-06	9.4699e-06	1.0021e-05	3.5091e-05	6.6626e-06	2.4338e-05	1.4516e-05	2.6749e-05	1.7221e-05	0.00013557	5.6093e-07	5.976e-06	9.2657e-08	1.1975e-07	8.9415e-09	1.9318e-08	1.2283e-09	7.2341e-09	1.3412e-09	3.7595e-09	1.2217e-09	4.0234e-09	8.9831e-10	2.2115e-09	3.9998e-10	1.1202e-09	1.3128e-10	4.2953e-10	2.2136e-10	6.3901e-10	2.0778e-10	5.5826e-10	1.2284e-10	6.5912e-10	1.3908e-10	8.0874e-10	1.5469e-10	3.8177e-10	9.1698e-11	9.504e-10	8.4911e-11	2.5391e-10	6.0419e-11	2.253e-10	2.6656e-11	2.5427e-10	4.3704e-11	1.9873e-10	4.9592e-11	1.9887e-10	7.5282e-11	1.2497e-10	2.5518e-11	1.2658e-10	1.8472e-11	1.1531e-10	1.0392e-11	1.1539e-10	3.9878e-11	1.7134e-10	1.1271e-10	2.1413e-10	3.9931e-11	7.0005e-11	2.1463e-11	2.0039e-10	1.044e-11	1.1658e-11	7.0607e-12
79.6341	0.22634	0.059057	0.00019676	6.6769e-05	0.00038061	0.001437	0.00034424	0.0013941	2.9576e-05	0.00022716	4.9369e-05	0.00029385	5.4222e-05	0.0001928	6.7324e-06	3.0085e-05	5.0908e-06	9.6099e-06	1.0149e-05	3.5412e-05	6.723e-06	2.4538e-05	1.4626e-05	2.694e-05	1.734e-05	0.00013664	5.6772e-07	6.0309e-06	9.3409e-08	1.2068e-07	9.0178e-09	1.9481e-08	1.2387e-09	7.2975e-09	1.3525e-09	3.7925e-09	1.2324e-09	4.0586e-09	9.0589e-10	2.2302e-09	4.0335e-10	1.1297e-09	1.3239e-10	4.3323e-10	2.2323e-10	6.446e-10	2.0956e-10	5.6312e-10	1.2391e-10	6.6462e-10	1.4025e-10	8.1551e-10	1.56e-10	3.8509e-10	9.2494e-11	9.5839e-10	8.5649e-11	2.5611e-10	6.0924e-11	2.2724e-10	2.6878e-11	2.5648e-10	4.4083e-11	2.0038e-10	5.0019e-11	2.0051e-10	7.5904e-11	1.26e-10	2.5735e-11	1.2763e-10	1.8624e-11	1.1626e-10	1.0477e-11	1.1634e-10	4.0208e-11	1.7269e-10	1.1362e-10	2.1583e-10	4.026e-11	7.0547e-11	2.1628e-11	2.0193e-10	1.052e-11	1.1757e-11	7.1207e-12
80.7408	0.22907	0.059417	0.00019855	6.7723e-05	0.00038428	0.0014491	0.00034745	0.0014036	2.9865e-05	0.0002289	4.9771e-05	0.00029616	5.4644e-05	0.00019445	6.8111e-06	3.0405e-05	5.163e-06	9.7511e-06	1.0277e-05	3.5732e-05	6.7808e-06	2.4745e-05	1.4735e-05	2.7129e-05	1.7464e-05	0.00013769	5.7495e-07	6.0856e-06	9.4222e-08	1.2168e-07	9.0928e-09	1.9643e-08	1.249e-09	7.3607e-09	1.3641e-09	3.8248e-09	1.2431e-09	4.0937e-09	9.1357e-10	2.2492e-09	4.0671e-10	1.1393e-09	1.3351e-10	4.3697e-10	2.2515e-10	6.5018e-10	2.1137e-10	5.6775e-10	1.2493e-10	6.7013e-10	1.4144e-10	8.2216e-10	1.5733e-10	3.8832e-10	9.3289e-11	9.6621e-10	8.6355e-11	2.5831e-10	6.1444e-11	2.2919e-10	2.7102e-11	2.5867e-10	4.4462e-11	2.0202e-10	5.0426e-11	2.0215e-10	7.6523e-11	1.2703e-10	2.5945e-11	1.2867e-10	1.8776e-11	1.1719e-10	1.0561e-11	1.1725e-10	4.0525e-11	1.74e-10	1.1448e-10	2.1747e-10	4.0564e-11	7.1082e-11	2.1792e-11	2.0348e-10	1.06e-11	1.1857e-11	7.1835e-12
81.8629	0.2318	0.05978	0.00020029	6.8684e-05	0.00038812	0.0014611	0.00035068	0.0014131	3.0148e-05	0.00023052	5.017e-05	0.00029837	5.5058e-05	0.00019609	6.8894e-06	3.0725e-05	5.2357e-06	9.8896e-06	1.0405e-05	3.6052e-05	6.8384e-06	2.4967e-05	1.484e-05	2.7336e-05	1.7587e-05	0.00013874	5.8236e-07	6.1401e-06	9.5033e-08	1.2273e-07	9.1676e-09	1.981e-08	1.2596e-09	7.4205e-09	1.3757e-09	3.8559e-09	1.2536e-09	4.1288e-09	9.2137e-10	2.2684e-09	4.1013e-10	1.1491e-09	1.3465e-10	4.4071e-10	2.2707e-10	6.5561e-10	2.1317e-10	5.7238e-10	1.2595e-10	6.758e-10	1.4264e-10	8.2879e-10	1.5867e-10	3.9144e-10	9.4055e-11	9.7399e-10	8.7051e-11	2.6044e-10	6.1965e-11	2.3113e-10	2.7332e-11	2.6075e-10	4.4832e-11	2.0364e-10	5.0833e-11	2.0374e-10	7.7126e-11	1.2803e-10	2.6154e-11	1.2964e-10	1.8922e-11	1.1807e-10	1.064e-11	1.1813e-10	4.0827e-11	1.753e-10	1.1534e-10	2.1909e-10	4.0867e-11	7.1617e-11	2.1971e-11	2.0517e-10	1.0685e-11	1.1963e-11	7.2477e-12
83.0005	0.23454	0.060121	0.00020199	6.9668e-05	0.00039217	0.0014725	0.00035378	0.0014222	3.042e-05	0.00023214	5.0568e-05	0.00030056	5.5471e-05	0.00019762	6.9676e-06	3.1031e-05	5.3088e-06	1.0029e-05	1.0533e-05	3.6354e-05	6.8962e-06	2.5189e-05	1.4942e-05	2.755e-05	1.7706e-05	0.00013985	5.898e-07	6.1931e-06	9.5838e-08	1.2377e-07	9.2437e-09	1.9977e-08	1.2702e-09	7.4801e-09	1.3874e-09	3.8869e-09	1.2637e-09	4.1619e-09	9.2915e-10	2.2875e-09	4.1359e-10	1.1588e-09	1.3579e-10	4.4434e-10	2.2899e-10	6.6088e-10	2.1494e-10	5.7701e-10	1.2697e-10	6.8145e-10	1.4384e-10	8.3495e-10	1.5997e-10	3.9455e-10	9.4802e-11	9.8128e-10	8.7743e-11	2.625e-10	6.2484e-11	2.3298e-10	2.756e-11	2.6283e-10	4.5188e-11	2.0514e-10	5.1226e-11	2.0524e-10	7.7693e-11	1.2898e-10	2.6353e-11	1.3059e-10	1.9062e-11	1.1893e-10	1.0719e-11	1.19e-10	4.1128e-11	1.767e-10	1.1623e-10	2.2083e-10	4.1178e-11	7.2202e-11	2.2151e-11	2.0684e-10	1.0772e-11	1.2068e-11	7.3118e-12
84.154	0.23728	0.060456	0.00020367	7.0661e-05	0.00039621	0.0014837	0.00035685	0.0014311	3.0691e-05	0.00023375	5.0936e-05	0.00030274	5.588e-05	0.00019915	7.0459e-06	3.1335e-05	5.3803e-06	1.0169e-05	1.0661e-05	3.6652e-05	6.9601e-06	2.5409e-05	1.5043e-05	2.7762e-05	1.782e-05	0.00014102	5.9713e-07	6.244e-06	9.6604e-08	1.2479e-07	9.3206e-09	2.0143e-08	1.2808e-09	7.5395e-09	1.3986e-09	3.9181e-09	1.2737e-09	4.1948e-09	9.3673e-10	2.3061e-09	4.1704e-10	1.1681e-09	1.369e-10	4.4786e-10	2.3081e-10	6.6611e-10	2.1664e-10	5.8177e-10	1.2802e-10	6.8704e-10	1.4497e-10	8.41e-10	1.6123e-10	3.9751e-10	9.5545e-11	9.884e-10	8.8383e-11	2.6456e-10	6.2973e-11	2.348e-10	2.7784e-11	2.6485e-10	4.5542e-11	2.0662e-10	5.1597e-11	2.0673e-10	7.8257e-11	1.2991e-10	2.6544e-11	1.3155e-10	1.92e-11	1.1984e-10	1.08e-11	1.1993e-10	4.1449e-11	1.7813e-10	1.1717e-10	2.2261e-10	4.1509e-11	7.2784e-11	2.2332e-11	2.0856e-10	1.0859e-11	1.2173e-11	7.3747e-12
85.3236	0.24004	0.060793	0.00020539	7.166e-05	0.00040022	0.0014948	0.00035993	0.0014399	3.0964e-05	0.00023534	5.1302e-05	0.00030486	5.6256e-05	0.00020067	7.123e-06	3.1639e-05	5.4512e-06	1.0312e-05	1.0789e-05	3.695e-05	7.0239e-06	2.5618e-05	1.5145e-05	2.7967e-05	1.7932e-05	0.00014219	6.0438e-07	6.2946e-06	9.7366e-08	1.2578e-07	9.3973e-09	2.0302e-08	1.2909e-09	7.6008e-09	1.4095e-09	3.95e-09	1.2837e-09	4.2277e-09	9.4404e-10	2.3241e-09	4.2037e-10	1.1772e-09	1.3796e-10	4.5136e-10	2.3262e-10	6.7143e-10	2.1834e-10	5.8651e-10	1.2906e-10	6.9234e-10	1.4609e-10	8.4706e-10	1.6247e-10	4.0035e-10	9.6242e-11	9.9546e-10	8.9015e-11	2.665e-10	6.346e-11	2.3662e-10	2.7999e-11	2.6674e-10	4.5881e-11	2.0814e-10	5.1966e-11	2.0829e-10	7.8848e-11	1.3088e-10	2.6734e-11	1.326e-10	1.9347e-11	1.208e-10	1.0886e-11	1.2089e-10	4.1779e-11	1.7955e-10	1.181e-10	2.2438e-10	4.184e-11	7.3378e-11	2.2525e-11	2.1036e-10	1.0952e-11	1.2276e-11	7.4373e-12
86.5093	0.2428	0.061127	0.00020712	7.2641e-05	0.00040409	0.0015058	0.00036299	0.0014487	3.1264e-05	0.00023692	5.1664e-05	0.00030697	5.663e-05	0.00020216	7.1976e-06	3.194e-05	5.5224e-06	1.0457e-05	1.0913e-05	3.7243e-05	7.0876e-06	2.5827e-05	1.5248e-05	2.8165e-05	1.8046e-05	0.00014333	6.1165e-07	6.3458e-06	9.8125e-08	1.2676e-07	9.4715e-09	2.0459e-08	1.3008e-09	7.662e-09	1.4203e-09	3.9818e-09	1.2941e-09	4.2616e-09	9.5132e-10	2.342e-09	4.236e-10	1.1863e-09	1.3903e-10	4.5491e-10	2.3441e-10	6.7682e-10	2.2005e-10	5.9117e-10	1.3008e-10	6.9762e-10	1.472e-10	8.537e-10	1.6367e-10	4.0317e-10	9.6919e-11	1.0032e-09	8.9649e-11	2.6837e-10	6.394e-11	2.3828e-10	2.8212e-11	2.6862e-10	4.6204e-11	2.0977e-10	5.2355e-11	2.0992e-10	7.9466e-11	1.3191e-10	2.6938e-11	1.3364e-10	1.9499e-11	1.2174e-10	1.0972e-11	1.2184e-10	4.2107e-11	1.8108e-10	1.1908e-10	2.2629e-10	4.2183e-11	7.4002e-11	2.2716e-11	2.1215e-10	1.1045e-11	1.2379e-11	7.4986e-12
87.7116	0.24557	0.061457	0.00020886	7.362e-05	0.00040796	0.0015165	0.00036603	0.0014573	3.1564e-05	0.00023848	5.2061e-05	0.00030906	5.7e-05	0.00020363	7.2721e-06	3.2239e-05	5.5962e-06	1.0602e-05	1.1036e-05	3.7533e-05	7.1485e-06	2.6035e-05	1.5351e-05	2.8362e-05	1.8163e-05	0.00014443	6.1902e-07	6.4022e-06	9.8909e-08	1.2774e-07	9.5434e-09	2.0614e-08	1.3107e-09	7.7225e-09	1.4314e-09	4.0127e-09	1.3043e-09	4.2954e-09	9.5869e-10	2.3602e-09	4.2683e-10	1.1956e-09	1.401e-10	4.5852e-10	2.3626e-10	6.822e-10	2.2179e-10	5.956e-10	1.3106e-10	7.0275e-10	1.4821e-10	8.6031e-10	1.648e-10	4.0621e-10	9.7591e-11	1.011e-09	9.0342e-11	2.7023e-10	6.4383e-11	2.3993e-10	2.8417e-11	2.7057e-10	4.6524e-11	2.114e-10	5.276e-11	2.1155e-10	8.0082e-11	1.3293e-10	2.7146e-11	1.347e-10	1.965e-11	1.2275e-10	1.1062e-11	1.2286e-10	4.2459e-11	1.826e-10	1.2008e-10	2.2819e-10	4.2537e-11	7.4624e-11	2.2906e-11	2.1391e-10	1.1137e-11	1.2477e-11	7.5572e-12
88.9305	0.24834	0.061786	0.00021053	7.4604e-05	0.00041184	0.0015272	0.00036907	0.001466	3.1863e-05	0.00024003	5.247e-05	0.00031103	5.7409e-05	0.0002051	7.3469e-06	3.2538e-05	5.6736e-06	1.0746e-05	1.1159e-05	3.7821e-05	7.2088e-06	2.6249e-05	1.5451e-05	2.8561e-05	1.8278e-05	0.00014553	6.2651e-07	6.4586e-06	9.969e-08	1.2875e-07	9.6149e-09	2.0774e-08	1.3209e-09	7.7796e-09	1.4426e-09	4.0424e-09	1.3143e-09	4.3289e-09	9.6619e-10	2.3787e-09	4.3011e-10	1.2049e-09	1.412e-10	4.6211e-10	2.3811e-10	6.8737e-10	2.2353e-10	6.0002e-10	1.3203e-10	7.0753e-10	1.4923e-10	8.6705e-10	1.6592e-10	4.0931e-10	9.833e-11	1.0189e-09	9.1031e-11	2.7227e-10	6.4822e-11	2.4161e-10	2.861e-11	2.7264e-10	4.6867e-11	2.1308e-10	5.3163e-11	2.1327e-10	8.0732e-11	1.34e-10	2.7354e-11	1.3582e-10	1.9812e-11	1.2376e-10	1.1153e-11	1.2388e-10	4.2811e-11	1.8411e-10	1.2108e-10	2.3007e-10	4.289e-11	7.5237e-11	2.3093e-11	2.1566e-10	1.1228e-11	1.2573e-11	7.6156e-12
90.1664	0.25121	0.062115	0.00021215	7.561e-05	0.00041581	0.0015378	0.00037212	0.0014746	3.2148e-05	0.00024145	5.2876e-05	0.00031292	5.7829e-05	0.00020652	7.4286e-06	3.2833e-05	5.7513e-06	1.0888e-05	1.1289e-05	3.8105e-05	7.2688e-06	2.6462e-05	1.5545e-05	2.8763e-05	1.8389e-05	0.00014662	6.3402e-07	6.5147e-06	1.0047e-07	1.2975e-07	9.6877e-09	2.0934e-08	1.3311e-09	7.8364e-09	1.4538e-09	4.0719e-09	1.3239e-09	4.3604e-09	9.7364e-10	2.397e-09	4.3342e-10	1.2142e-09	1.4229e-10	4.6556e-10	2.3995e-10	6.9238e-10	2.2521e-10	6.0425e-10	1.3295e-10	7.1228e-10	1.5026e-10	8.7414e-10	1.6713e-10	4.124e-10	9.9069e-11	1.0272e-09	9.1738e-11	2.7432e-10	6.5273e-11	2.4343e-10	2.8803e-11	2.7469e-10	4.7219e-11	2.1482e-10	5.3591e-11	2.1502e-10	8.1393e-11	1.351e-10	2.7577e-11	1.3693e-10	1.9974e-11	1.2478e-10	1.1245e-11	1.2489e-10	4.316e-11	1.8559e-10	1.2205e-10	2.3193e-10	4.3236e-11	7.5843e-11	2.3279e-11	2.174e-10	1.1319e-11	1.2669e-11	7.6745e-12
91.4195	0.25408	0.062409	0.00021377	7.6627e-05	0.00041978	0.0015475	0.00037496	0.0014825	3.2432e-05	0.00024286	5.3269e-05	0.00031478	5.8247e-05	0.00020785	7.5103e-06	3.3111e-05	5.8289e-06	1.1032e-05	1.1423e-05	3.8368e-05	7.3302e-06	2.6675e-05	1.5638e-05	2.8964e-05	1.8494e-05	0.00014775	6.4145e-07	6.5681e-06	1.012e-07	1.3074e-07	9.7613e-09	2.1094e-08	1.3413e-09	7.8917e-09	1.4644e-09	4.0998e-09	1.3334e-09	4.3918e-09	9.8084e-10	2.4147e-09	4.3672e-10	1.2231e-09	1.4334e-10	4.689e-10	2.4167e-10	6.9736e-10	2.2683e-10	6.0824e-10	1.3383e-10	7.1727e-10	1.5137e-10	8.8121e-10	1.6836e-10	4.1573e-10	9.9817e-11	1.0355e-09	9.2478e-11	2.7638e-10	6.5756e-11	2.4523e-10	2.9008e-11	2.7685e-10	4.7569e-11	2.1656e-10	5.4024e-11	2.1676e-10	8.2051e-11	1.3619e-10	2.78e-11	1.3803e-10	2.0135e-11	1.2577e-10	1.1334e-11	1.2588e-10	4.3503e-11	1.8707e-10	1.2302e-10	2.3377e-10	4.358e-11	7.6447e-11	2.3455e-11	2.1902e-10	1.1406e-11	1.2767e-11	7.7336e-12
92.69	0.25696	0.062702	0.0002153	7.7648e-05	0.00042372	0.0015571	0.0003778	0.0014902	3.2715e-05	0.00024427	5.3648e-05	0.00031675	5.8647e-05	0.00020917	7.5922e-06	3.3389e-05	5.9049e-06	1.1179e-05	1.1558e-05	3.863e-05	7.3919e-06	2.6874e-05	1.5733e-05	2.9158e-05	1.8598e-05	0.00014887	6.4873e-07	6.6212e-06	1.0192e-07	1.3167e-07	9.8346e-09	2.1244e-08	1.3508e-09	7.9428e-09	1.4747e-09	4.1264e-09	1.3425e-09	4.4223e-09	9.8778e-10	2.4318e-09	4.3987e-10	1.2317e-09	1.4436e-10	4.7223e-10	2.4339e-10	7.0201e-10	2.2843e-10	6.1219e-10	1.347e-10	7.225e-10	1.5248e-10	8.8816e-10	1.6959e-10	4.1905e-10	1.0061e-10	1.0437e-09	9.3216e-11	2.7858e-10	6.6237e-11	2.471e-10	2.922e-11	2.7905e-10	4.7946e-11	2.1826e-10	5.4454e-11	2.1845e-10	8.2693e-11	1.3726e-10	2.8021e-11	1.3911e-10	2.0293e-11	1.2675e-10	1.1423e-11	1.2687e-10	4.3844e-11	1.8847e-10	1.2397e-10	2.3554e-10	4.3918e-11	7.7012e-11	2.3628e-11	2.2064e-10	1.149e-11	1.2864e-11	7.7918e-12
93.9782	0.25985	0.062992	0.00021676	7.8643e-05	0.00042748	0.0015666	0.00038062	0.0014979	3.3005e-05	0.00024587	5.4024e-05	0.00031889	5.9034e-05	0.00021048	7.6713e-06	3.3666e-05	5.9813e-06	1.1327e-05	1.1691e-05	3.8889e-05	7.4533e-06	2.7073e-05	1.5829e-05	2.9343e-05	1.8703e-05	0.00014997	6.5602e-07	6.674e-06	1.0264e-07	1.326e-07	9.9045e-09	2.1392e-08	1.3602e-09	7.9936e-09	1.485e-09	4.1528e-09	1.3511e-09	4.4505e-09	9.9467e-10	2.4487e-09	4.4293e-10	1.2403e-09	1.4536e-10	4.7532e-10	2.4507e-10	7.0649e-10	2.2995e-10	6.1639e-10	1.3563e-10	7.277e-10	1.5362e-10	8.9503e-10	1.7092e-10	4.2232e-10	1.014e-10	1.0518e-09	9.3941e-11	2.8077e-10	6.6738e-11	2.4904e-10	2.943e-11	2.8125e-10	4.8323e-11	2.1995e-10	5.4875e-11	2.2014e-10	8.3333e-11	1.3832e-10	2.8237e-11	1.4018e-10	2.045e-11	1.2771e-10	1.1509e-11	1.2781e-10	4.4171e-11	1.8985e-10	1.2487e-10	2.3725e-10	4.4238e-11	7.7573e-11	2.3802e-11	2.2227e-10	1.1574e-11	1.2957e-11	7.8477e-12
95.2842	0.26275	0.063326	0.00021821	7.9637e-05	0.00043123	0.0015772	0.0003837	0.0015065	3.3295e-05	0.00024749	5.4404e-05	0.00032101	5.9417e-05	0.00021198	7.7499e-06	3.3971e-05	6.0581e-06	1.1476e-05	1.1822e-05	3.9181e-05	7.5121e-06	2.727e-05	1.5924e-05	2.9526e-05	1.881e-05	0.00015101	6.6339e-07	6.7281e-06	1.0339e-07	1.3354e-07	9.9724e-09	2.1539e-08	1.3694e-09	8.0465e-09	1.4945e-09	4.1814e-09	1.3595e-09	4.4784e-09	1.0011e-09	2.4645e-09	4.4598e-10	1.2481e-09	1.4631e-10	4.783e-10	2.466e-10	7.1092e-10	2.3139e-10	6.2076e-10	1.3659e-10	7.3322e-10	1.5481e-10	9.0186e-10	1.7224e-10	4.2554e-10	1.0218e-10	1.0598e-09	9.4657e-11	2.8293e-10	6.7255e-11	2.5097e-10	2.9656e-11	2.8339e-10	4.8697e-11	2.2161e-10	5.5293e-11	2.2178e-10	8.3952e-11	1.3935e-10	2.8453e-11	1.4119e-10	2.06e-11	1.2863e-10	1.1592e-11	1.2873e-10	4.4488e-11	1.9121e-10	1.2577e-10	2.3896e-10	4.4555e-11	7.8135e-11	2.3977e-11	2.2391e-10	1.1659e-11	1.3049e-11	7.9032e-12
96.6084	0.26565	0.063676	0.00021981	8.0638e-05	0.00043499	0.001588	0.00038689	0.0015156	3.3584e-05	0.00024911	5.479e-05	0.00032309	5.9805e-05	0.00021347	7.8284e-06	3.4279e-05	6.1368e-06	1.1621e-05	1.1952e-05	3.9475e-05	7.5696e-06	2.7473e-05	1.6014e-05	2.9711e-05	1.8916e-05	0.00015204	6.709e-07	6.7824e-06	1.0413e-07	1.3449e-07	1.004e-08	2.1671e-08	1.3779e-09	8.1026e-09	1.5037e-09	4.2105e-09	1.3687e-09	4.5076e-09	1.0073e-09	2.4797e-09	4.4876e-10	1.2558e-09	1.4721e-10	4.8125e-10	2.4812e-10	7.1582e-10	2.3281e-10	6.2509e-10	1.3755e-10	7.3882e-10	1.56e-10	9.0822e-10	1.7355e-10	4.2874e-10	1.0295e-10	1.0673e-09	9.5367e-11	2.8506e-10	6.777e-11	2.5287e-10	2.9883e-11	2.8552e-10	4.9062e-11	2.2318e-10	5.5696e-11	2.2334e-10	8.4545e-11	1.4034e-10	2.8658e-11	1.4219e-10	2.0745e-11	1.2954e-10	1.1674e-11	1.2964e-10	4.4803e-11	1.926e-10	1.2667e-10	2.4069e-10	4.4875e-11	7.8702e-11	2.4151e-11	2.2553e-10	1.1744e-11	1.3139e-11	7.9564e-12
97.951	0.26851	0.064025	0.00022141	8.1589e-05	0.00043884	0.0015988	0.00039008	0.0015246	3.3861e-05	0.00025065	5.5173e-05	0.00032504	6.0199e-05	0.00021496	7.9087e-06	3.4587e-05	6.2158e-06	1.1767e-05	1.2084e-05	3.9767e-05	7.6268e-06	2.7676e-05	1.61e-05	2.9899e-05	1.9017e-05	0.00015307	6.7842e-07	6.8364e-06	1.0487e-07	1.3544e-07	1.0102e-08	2.1803e-08	1.3862e-09	8.1583e-09	1.5129e-09	4.2396e-09	1.3781e-09	4.5386e-09	1.0134e-09	2.4947e-09	4.5148e-10	1.2636e-09	1.481e-10	4.8452e-10	2.4969e-10	7.2074e-10	2.3438e-10	6.2974e-10	1.3858e-10	7.4439e-10	1.5716e-10	9.1454e-10	1.7484e-10	4.3178e-10	1.0371e-10	1.0747e-09	9.603e-11	2.8717e-10	6.8272e-11	2.5474e-10	3.0107e-11	2.8759e-10	4.9426e-11	2.2473e-10	5.6084e-11	2.249e-10	8.5133e-11	1.4131e-10	2.8857e-11	1.4319e-10	2.089e-11	1.3046e-10	1.1757e-11	1.3057e-10	4.5123e-11	1.9398e-10	1.2758e-10	2.4241e-10	4.5196e-11	7.9265e-11	2.4318e-11	2.2708e-10	1.1826e-11	1.3225e-11	8.0085e-12
99.3123	0.27133	0.064357	0.00022303	8.2542e-05	0.00044268	0.0016091	0.00039318	0.0015333	3.4133e-05	0.00025214	5.5544e-05	0.00032697	6.0589e-05	0.00021634	7.9894e-06	3.4882e-05	6.2948e-06	1.1913e-05	1.2218e-05	4.0045e-05	7.6853e-06	2.7875e-05	1.6184e-05	3.0086e-05	1.9111e-05	0.00015414	6.8579e-07	6.8878e-06	1.0555e-07	1.3637e-07	1.0162e-08	2.1936e-08	1.3948e-09	8.2172e-09	1.5231e-09	4.271e-09	1.3874e-09	4.5692e-09	1.0201e-09	2.5114e-09	4.5418e-10	1.2721e-09	1.4908e-10	4.8779e-10	2.5137e-10	7.257e-10	2.3596e-10	6.3441e-10	1.3961e-10	7.4982e-10	1.583e-10	9.2088e-10	1.7612e-10	4.3473e-10	1.0443e-10	1.0822e-09	9.6687e-11	2.8916e-10	6.8771e-11	2.5658e-10	3.0327e-11	2.8956e-10	4.9772e-11	2.2629e-10	5.6468e-11	2.2647e-10	8.573e-11	1.423e-10	2.9055e-11	1.4419e-10	2.1037e-11	1.3138e-10	1.184e-11	1.3149e-10	4.544e-11	1.9531e-10	1.2847e-10	2.4408e-10	4.5513e-11	7.9802e-11	2.4482e-11	2.2861e-10	1.1906e-11	1.331e-11	8.0622e-12
100.692	0.27416	0.064674	0.00022475	8.3513e-05	0.00044646	0.001619	0.00039619	0.0015416	3.4404e-05	0.00025361	5.5896e-05	0.00032889	6.0964e-05	0.00021771	8.07e-06	3.5172e-05	6.3715e-06	1.2052e-05	1.2352e-05	4.0316e-05	7.744e-06	2.8062e-05	1.6262e-05	3.0264e-05	1.9205e-05	0.00015519	6.9302e-07	6.9383e-06	1.0623e-07	1.3724e-07	1.0221e-08	2.2082e-08	1.4041e-09	8.2773e-09	1.5332e-09	4.3022e-09	1.3975e-09	4.6018e-09	1.0269e-09	2.5281e-09	4.572e-10	1.2806e-09	1.5007e-10	4.911e-10	2.5305e-10	7.31e-10	2.3754e-10	6.3905e-10	1.4062e-10	7.5521e-10	1.5943e-10	9.2726e-10	1.7733e-10	4.3767e-10	1.0513e-10	1.0897e-09	9.7347e-11	2.911e-10	6.9257e-11	2.5831e-10	3.0545e-11	2.9151e-10	5.0108e-11	2.2786e-10	5.6858e-11	2.2804e-10	8.6324e-11	1.4329e-10	2.9256e-11	1.4519e-10	2.1183e-11	1.3228e-10	1.1921e-11	1.3237e-10	4.5748e-11	1.966e-10	1.2932e-10	2.457e-10	4.5815e-11	8.0331e-11	2.4643e-11	2.301e-10	1.1985e-11	1.3405e-11	8.1216e-12
102.092	0.27699	0.064989	0.00022646	8.4534e-05	0.00045007	0.0016288	0.00039919	0.0015499	3.4681e-05	0.00025512	5.6245e-05	0.00033087	6.132e-05	0.00021906	8.148e-06	3.5461e-05	6.4484e-06	1.2191e-05	1.2485e-05	4.0584e-05	7.8024e-06	2.8247e-05	1.6334e-05	3.0433e-05	1.9291e-05	0.00015622	7.0024e-07	6.9884e-06	1.0689e-07	1.3811e-07	1.0288e-08	2.2226e-08	1.4132e-09	8.3371e-09	1.5436e-09	4.3331e-09	1.4076e-09	4.6349e-09	1.0337e-09	2.545e-09	4.6019e-10	1.2893e-09	1.5106e-10	4.9464e-10	2.548e-10	7.3627e-10	2.3925e-10	6.4357e-10	1.4162e-10	7.6041e-10	1.6048e-10	9.3359e-10	1.7851e-10	4.4066e-10	1.0584e-10	1.0971e-09	9.8011e-11	2.9305e-10	6.9716e-11	2.6002e-10	3.0753e-11	2.9349e-10	5.0441e-11	2.2941e-10	5.7246e-11	2.2958e-10	8.6905e-11	1.4426e-10	2.9456e-11	1.4614e-10	2.1324e-11	1.3314e-10	1.1998e-11	1.3324e-10	4.6047e-11	1.9788e-10	1.3016e-10	2.473e-10	4.6114e-11	8.0846e-11	2.4796e-11	2.3153e-10	1.2059e-11	1.3502e-11	8.1807e-12
103.511	0.27982	0.06531	0.00022815	8.5559e-05	0.00045365	0.0016387	0.00040223	0.0015582	3.4958e-05	0.00025665	5.6598e-05	0.00033283	6.1672e-05	0.00022045	8.2248e-06	3.5756e-05	6.5257e-06	1.2332e-05	1.2614e-05	4.0858e-05	7.8574e-06	2.8427e-05	1.6405e-05	3.0601e-05	1.937e-05	0.00015719	7.0722e-07	7.04e-06	1.0748e-07	1.3893e-07	1.0354e-08	2.2377e-08	1.4229e-09	8.3951e-09	1.5545e-09	4.3633e-09	1.4175e-09	4.6679e-09	1.041e-09	2.563e-09	4.6325e-10	1.2984e-09	1.5213e-10	4.9815e-10	2.5661e-10	7.4145e-10	2.4095e-10	6.4806e-10	1.4261e-10	7.6536e-10	1.6153e-10	9.396e-10	1.7967e-10	4.4362e-10	1.0654e-10	1.1042e-09	9.867e-11	2.9502e-10	7.0171e-11	2.6174e-10	3.0953e-11	2.9546e-10	5.0779e-11	2.3088e-10	5.7624e-11	2.3105e-10	8.7462e-11	1.4518e-10	2.9649e-11	1.4708e-10	2.1461e-11	1.3399e-10	1.2075e-11	1.3409e-10	4.6342e-11	1.9908e-10	1.3097e-10	2.4881e-10	4.6401e-11	8.1339e-11	2.4947e-11	2.3294e-10	1.2133e-11	1.3601e-11	8.2418e-12
104.949	0.28265	0.065638	0.00022981	8.6615e-05	0.00045714	0.0016488	0.00040532	0.0015668	3.5234e-05	0.00025817	5.6957e-05	0.00033476	6.2028e-05	0.00022184	8.3014e-06	3.6052e-05	6.6049e-06	1.2481e-05	1.2742e-05	4.1134e-05	7.9114e-06	2.8591e-05	1.6486e-05	3.0754e-05	1.9447e-05	0.00015814	7.14e-07	7.0915e-06	1.0808e-07	1.3969e-07	1.0422e-08	2.2533e-08	1.4328e-09	8.4527e-09	1.5654e-09	4.3932e-09	1.4272e-09	4.6999e-09	1.0483e-09	2.5809e-09	4.6648e-10	1.3075e-09	1.532e-10	5.016e-10	2.584e-10	7.4654e-10	2.4262e-10	6.5234e-10	1.4354e-10	7.7027e-10	1.6259e-10	9.4553e-10	1.8086e-10	4.4646e-10	1.0725e-10	1.1112e-09	9.9293e-11	2.9697e-10	7.063e-11	2.6347e-10	3.1152e-11	2.9738e-10	5.1114e-11	2.3234e-10	5.7987e-11	2.325e-10	8.8014e-11	1.461e-10	2.9836e-11	1.4799e-10	2.1596e-11	1.348e-10	1.2148e-11	1.3489e-10	4.6619e-11	2.0028e-10	1.3175e-10	2.503e-10	4.6679e-11	8.1827e-11	2.5118e-11	2.3458e-10	1.2212e-11	1.3701e-11	8.303e-12
106.408	0.28547	0.065965	0.00023146	8.77e-05	0.0004604	0.0016588	0.00040841	0.0015753	3.5494e-05	0.00025961	5.7312e-05	0.00033653	6.239e-05	0.00022321	8.3797e-06	3.6348e-05	6.6843e-06	1.263e-05	1.2872e-05	4.1407e-05	7.9655e-06	2.8753e-05	1.6567e-05	3.0897e-05	1.9535e-05	0.00015906	7.2076e-07	7.1428e-06	1.087e-07	1.4045e-07	1.0494e-08	2.269e-08	1.4428e-09	8.5089e-09	1.5762e-09	4.4218e-09	1.437e-09	4.732e-09	1.0555e-09	2.5987e-09	4.6973e-10	1.3165e-09	1.5426e-10	5.0502e-10	2.6017e-10	7.5164e-10	2.4428e-10	6.5649e-10	1.4446e-10	7.753e-10	1.6365e-10	9.5133e-10	1.8205e-10	4.4926e-10	1.0793e-10	1.118e-09	9.9915e-11	2.9885e-10	7.1093e-11	2.652e-10	3.1356e-11	2.9925e-10	5.1442e-11	2.3375e-10	5.835e-11	2.339e-10	8.8541e-11	1.4698e-10	3.0022e-11	1.4887e-10	2.1725e-11	1.3561e-10	1.2221e-11	1.357e-10	4.6897e-11	2.0161e-10	1.3258e-10	2.5195e-10	4.6965e-11	8.2395e-11	2.5294e-11	2.3623e-10	1.2298e-11	1.3802e-11	8.3615e-12
107.886	0.28825	0.066276	0.00023299	8.8789e-05	0.00046363	0.0016683	0.00041141	0.0015835	3.5751e-05	0.00026098	5.7649e-05	0.00033828	6.2748e-05	0.0002245	8.4584e-06	3.6632e-05	6.7631e-06	1.2783e-05	1.3004e-05	4.1667e-05	8.0136e-06	2.8923e-05	1.6649e-05	3.1038e-05	1.9624e-05	0.0001599	7.2801e-07	7.1907e-06	1.0937e-07	1.4128e-07	1.0565e-08	2.2841e-08	1.4524e-09	8.5615e-09	1.5866e-09	4.4491e-09	1.4461e-09	4.7625e-09	1.0626e-09	2.616e-09	4.7287e-10	1.3252e-09	1.5528e-10	5.0838e-10	2.619e-10	7.5633e-10	2.459e-10	6.6056e-10	1.4536e-10	7.8025e-10	1.6469e-10	9.5682e-10	1.8318e-10	4.5198e-10	1.0858e-10	1.1245e-09	1.0051e-10	3.0067e-10	7.1544e-11	2.6681e-10	3.1557e-11	3.0107e-10	5.1755e-11	2.351e-10	5.8688e-11	2.3525e-10	8.9053e-11	1.4783e-10	3.0195e-11	1.4973e-10	2.185e-11	1.3644e-10	1.2296e-11	1.3658e-10	4.7197e-11	2.0299e-10	1.3349e-10	2.5367e-10	4.7285e-11	8.2958e-11	2.5471e-11	2.3789e-10	1.2383e-11	1.3893e-11	8.4161e-12
109.386	0.29104	0.066567	0.00023451	8.987e-05	0.00046705	0.0016773	0.00041428	0.0015912	3.6006e-05	0.00026234	5.797e-05	0.00034001	6.3085e-05	0.00022575	8.5369e-06	3.6909e-05	6.8397e-06	1.2942e-05	1.3136e-05	4.1917e-05	8.0611e-06	2.9104e-05	1.6738e-05	3.1197e-05	1.9713e-05	0.00016073	7.3532e-07	7.2379e-06	1.1002e-07	1.4212e-07	1.0635e-08	2.299e-08	1.4619e-09	8.6136e-09	1.597e-09	4.4763e-09	1.4549e-09	4.7914e-09	1.0695e-09	2.6331e-09	4.7596e-10	1.3338e-09	1.563e-10	5.1149e-10	2.6358e-10	7.6093e-10	2.4742e-10	6.647e-10	1.4627e-10	7.8507e-10	1.6568e-10	9.6225e-10	1.8428e-10	4.5453e-10	1.0922e-10	1.1308e-09	1.0108e-10	3.0244e-10	7.1971e-11	2.6841e-10	3.175e-11	3.0279e-10	5.2063e-11	2.3647e-10	5.9021e-11	2.3669e-10	8.9596e-11	1.4871e-10	3.0366e-11	1.5073e-10	2.1987e-11	1.3736e-10	1.2379e-11	1.3749e-10	4.7514e-11	2.0438e-10	1.3438e-10	2.5539e-10	4.7603e-11	8.3533e-11	2.5651e-11	2.3958e-10	1.247e-11	1.3982e-11	8.4698e-12
110.906	0.29382	0.066855	0.00023602	9.0951e-05	0.00047059	0.0016862	0.00041714	0.0015987	3.6236e-05	0.00026373	5.8291e-05	0.00034181	6.3405e-05	0.00022698	8.6117e-06	3.7183e-05	6.9163e-06	1.3101e-05	1.3265e-05	4.2165e-05	8.1095e-06	2.9282e-05	1.6826e-05	3.1357e-05	1.9812e-05	0.00016163	7.4271e-07	7.2848e-06	1.1072e-07	1.4296e-07	1.0703e-08	2.3136e-08	1.4711e-09	8.6664e-09	1.6065e-09	4.5039e-09	1.4636e-09	4.8201e-09	1.076e-09	2.6489e-09	4.7902e-10	1.3418e-09	1.5724e-10	5.1455e-10	2.6515e-10	7.6552e-10	2.489e-10	6.688e-10	1.4717e-10	7.8967e-10	1.6665e-10	9.6858e-10	1.8536e-10	4.5706e-10	1.0983e-10	1.1382e-09	1.0164e-10	3.0412e-10	7.2394e-11	2.6993e-10	3.1936e-11	3.0448e-10	5.2352e-11	2.3803e-10	5.9379e-11	2.3825e-10	9.0188e-11	1.4969e-10	3.0556e-11	1.5173e-10	2.2132e-11	1.3827e-10	1.2461e-11	1.3842e-10	4.7832e-11	2.0581e-10	1.3532e-10	2.5717e-10	4.7932e-11	8.4116e-11	2.583e-11	2.4122e-10	1.2558e-11	1.4067e-11	8.5205e-12
112.447	0.29661	0.067148	0.00023754	9.2023e-05	0.0004741	0.0016953	0.00042003	0.0016064	3.6463e-05	0.00026513	5.8578e-05	0.00034359	6.3725e-05	0.00022825	8.6857e-06	3.7463e-05	6.9917e-06	1.3258e-05	1.3391e-05	4.2417e-05	8.1622e-06	2.9473e-05	1.6911e-05	3.1518e-05	1.991e-05	0.00016256	7.5048e-07	7.3267e-06	1.1144e-07	1.4388e-07	1.0771e-08	2.3272e-08	1.4797e-09	8.719e-09	1.6159e-09	4.5312e-09	1.4725e-09	4.8491e-09	1.0823e-09	2.6644e-09	4.8182e-10	1.3497e-09	1.5816e-10	5.176e-10	2.667e-10	7.7016e-10	2.5037e-10	6.7276e-10	1.4804e-10	7.9422e-10	1.6758e-10	9.7488e-10	1.8636e-10	4.5989e-10	1.1043e-10	1.1456e-09	1.023e-10	3.0578e-10	7.2795e-11	2.714e-10	3.212e-11	3.0625e-10	5.2638e-11	2.3958e-10	5.9765e-11	2.3981e-10	9.0776e-11	1.5067e-10	3.0755e-11	1.5275e-10	2.2278e-11	1.3922e-10	1.2546e-11	1.3937e-10	4.8161e-11	2.0722e-10	1.3625e-10	2.5895e-10	4.8262e-11	8.4684e-11	2.599e-11	2.4271e-10	1.2637e-11	1.415e-11	8.5708e-12
114.01	0.29939	0.067449	0.00023905	9.3064e-05	0.00047786	0.0017044	0.00042298	0.0016143	3.6696e-05	0.00026652	5.8849e-05	0.0003453	6.4006e-05	0.00022952	8.7597e-06	3.7745e-05	7.0639e-06	1.3416e-05	1.3516e-05	4.2672e-05	8.2144e-06	2.9666e-05	1.6994e-05	3.1694e-05	2.0004e-05	0.00016349	7.5825e-07	7.3681e-06	1.1214e-07	1.4479e-07	1.0833e-08	2.3406e-08	1.4882e-09	8.77e-09	1.6254e-09	4.5573e-09	1.4812e-09	4.878e-09	1.0886e-09	2.68e-09	4.8459e-10	1.3576e-09	1.5908e-10	5.2068e-10	2.6827e-10	7.7474e-10	2.5186e-10	6.7656e-10	1.4887e-10	7.9849e-10	1.6847e-10	9.8133e-10	1.8736e-10	4.6283e-10	1.1112e-10	1.1531e-09	1.0296e-10	3.0768e-10	7.3184e-11	2.729e-10	3.2291e-11	3.0821e-10	5.2953e-11	2.4118e-10	6.015e-11	2.4143e-10	9.139e-11	1.5168e-10	3.0955e-11	1.5379e-10	2.2429e-11	1.4016e-10	1.2631e-11	1.4031e-10	4.8487e-11	2.0849e-10	1.3712e-10	2.6055e-10	4.8575e-11	8.52e-11	2.6149e-11	2.442e-10	1.2715e-11	1.4231e-11	8.6191e-12
115.594	0.30218	0.067747	0.00024049	9.4106e-05	0.00048163	0.0017135	0.0004259	0.0016221	3.6947e-05	0.0002678	5.9115e-05	0.00034687	6.4272e-05	0.00023078	8.8276e-06	3.8026e-05	7.1361e-06	1.3573e-05	1.3637e-05	4.2923e-05	8.2688e-06	2.9857e-05	1.7076e-05	3.1868e-05	2.0096e-05	0.0001645	7.6596e-07	7.4108e-06	1.1283e-07	1.4569e-07	1.0894e-08	2.3541e-08	1.4968e-09	8.8186e-09	1.6349e-09	4.5825e-09	1.4896e-09	4.906e-09	1.0949e-09	2.6956e-09	4.8738e-10	1.3655e-09	1.6001e-10	5.2372e-10	2.6984e-10	7.7908e-10	2.5333e-10	6.8031e-10	1.497e-10	8.0267e-10	1.6939e-10	9.8787e-10	1.8846e-10	4.658e-10	1.1182e-10	1.1608e-09	1.0363e-10	3.0961e-10	7.3587e-11	2.7461e-10	3.246e-11	3.1015e-10	5.3286e-11	2.4279e-10	6.055e-11	2.4304e-10	9.2e-11	1.5269e-10	3.1161e-11	1.5479e-10	2.2578e-11	1.4103e-10	1.271e-11	1.4116e-10	4.8782e-11	2.0975e-10	1.3794e-10	2.6211e-10	4.8866e-11	8.5712e-11	2.6299e-11	2.4558e-10	1.2789e-11	1.4309e-11	8.6667e-12
117.201	0.30496	0.068022	0.00024189	9.5159e-05	0.00048536	0.0017219	0.0004287	0.0016294	3.7195e-05	0.00026903	5.942e-05	0.00034841	6.4532e-05	0.00023192	8.8949e-06	3.829e-05	7.2117e-06	1.3725e-05	1.3752e-05	4.3157e-05	8.3253e-06	3.0041e-05	1.7148e-05	3.2036e-05	2.0186e-05	0.00016551	7.736e-07	7.457e-06	1.135e-07	1.4656e-07	1.0955e-08	2.3676e-08	1.5054e-09	8.8665e-09	1.6443e-09	4.6072e-09	1.4977e-09	4.9326e-09	1.1012e-09	2.7111e-09	4.9017e-10	1.3733e-09	1.6093e-10	5.2659e-10	2.7137e-10	7.8331e-10	2.5473e-10	6.8379e-10	1.5046e-10	8.0716e-10	1.7043e-10	9.9419e-10	1.8962e-10	4.6885e-10	1.1253e-10	1.1683e-09	1.0431e-10	3.1158e-10	7.4041e-11	2.7631e-10	3.2647e-11	3.1218e-10	5.362e-11	2.4431e-10	6.0947e-11	2.4452e-10	9.2561e-11	1.5364e-10	3.1365e-11	1.557e-10	2.2714e-11	1.4186e-10	1.2785e-11	1.4199e-10	4.907e-11	2.1094e-10	1.3874e-10	2.6361e-10	4.9152e-11	8.6191e-11	2.6445e-11	2.4695e-10	1.286e-11	1.4389e-11	8.7182e-12
118.83	0.30774	0.06828	0.00024325	9.6218e-05	0.00048901	0.0017299	0.00043139	0.0016362	3.7455e-05	0.00027026	5.9724e-05	0.00034986	6.4836e-05	0.00023303	8.9637e-06	3.8549e-05	7.2893e-06	1.3876e-05	1.3867e-05	4.3382e-05	8.3813e-06	3.0224e-05	1.7219e-05	3.22e-05	2.0267e-05	0.0001665	7.8123e-07	7.5028e-06	1.1415e-07	1.4742e-07	1.1017e-08	2.3808e-08	1.5138e-09	8.9113e-09	1.653e-09	4.6303e-09	1.5056e-09	4.9589e-09	1.1071e-09	2.7256e-09	4.9293e-10	1.3806e-09	1.618e-10	5.294e-10	2.7282e-10	7.874e-10	2.5608e-10	6.8722e-10	1.5122e-10	8.1206e-10	1.7147e-10	9.9993e-10	1.9079e-10	4.7188e-10	1.1325e-10	1.175e-09	1.0496e-10	3.1358e-10	7.4491e-11	2.7807e-10	3.2845e-11	3.1419e-10	5.3966e-11	2.4573e-10	6.1309e-11	2.4593e-10	9.3096e-11	1.5452e-10	3.1548e-11	1.566e-10	2.2845e-11	1.4267e-10	1.2857e-11	1.4278e-10	4.9345e-11	2.1209e-10	1.395e-10	2.6505e-10	4.942e-11	8.6662e-11	2.6588e-11	2.4827e-10	1.293e-11	1.4476e-11	8.771e-12
120.481	0.31052	0.068539	0.00024454	9.7272e-05	0.00049263	0.0017379	0.00043408	0.0016431	3.7723e-05	0.00027129	6.0031e-05	0.00035112	6.5137e-05	0.00023413	9.0371e-06	3.8808e-05	7.3668e-06	1.403e-05	1.399e-05	4.3608e-05	8.4356e-06	3.0398e-05	1.7289e-05	3.2362e-05	2.0344e-05	0.00016746	7.8851e-07	7.551e-06	1.1476e-07	1.4823e-07	1.1077e-08	2.3932e-08	1.5217e-09	8.955e-09	1.6616e-09	4.653e-09	1.513e-09	4.9834e-09	1.1129e-09	2.7398e-09	4.955e-10	1.3878e-09	1.6264e-10	5.321e-10	2.7424e-10	7.9126e-10	2.574e-10	6.9101e-10	1.5206e-10	8.1693e-10	1.7254e-10	1.0056e-09	1.92e-10	4.7455e-10	1.1396e-10	1.1817e-09	1.0556e-10	3.1555e-10	7.4959e-11	2.7983e-10	3.3044e-11	3.1605e-10	5.4308e-11	2.4711e-10	6.1657e-11	2.4729e-10	9.3612e-11	1.5539e-10	3.1727e-11	1.5744e-10	2.297e-11	1.4343e-10	1.2926e-11	1.4355e-10	4.9608e-11	2.1321e-10	1.4024e-10	2.6645e-10	4.9684e-11	8.7116e-11	2.6726e-11	2.4956e-10	1.2997e-11	1.4562e-11	8.8216e-12
122.156	0.31329	0.068756	0.00024582	9.83e-05	0.00049608	0.0017447	0.00043651	0.001649	3.7989e-05	0.00027229	6.0364e-05	0.00035236	6.5443e-05	0.00023507	9.1101e-06	3.9039e-05	7.4488e-06	1.4184e-05	1.4115e-05	4.3801e-05	8.4893e-06	3.0561e-05	1.736e-05	3.2507e-05	2.042e-05	0.00016841	7.9573e-07	7.6007e-06	1.1535e-07	1.49e-07	1.1134e-08	2.4054e-08	1.5295e-09	9.0021e-09	1.6698e-09	4.679e-09	1.5203e-09	5.0073e-09	1.1185e-09	2.7535e-09	4.9803e-10	1.3946e-09	1.6346e-10	5.3465e-10	2.7558e-10	7.9506e-10	2.5863e-10	6.9505e-10	1.5295e-10	8.2201e-10	1.7362e-10	1.0109e-09	1.932e-10	4.772e-10	1.146e-10	1.188e-09	1.0614e-10	3.173e-10	7.5427e-11	2.8149e-10	3.325e-11	3.178e-10	5.4614e-11	2.484e-10	6.1991e-11	2.4859e-10	9.4102e-11	1.562e-10	3.1897e-11	1.5826e-10	2.3091e-11	1.4418e-10	1.2994e-11	1.4429e-10	4.9866e-11	2.1429e-10	1.4096e-10	2.6781e-10	4.9938e-11	8.756e-11	2.6867e-11	2.5092e-10	1.3063e-11	1.4642e-11	8.8701e-12
123.853	0.31607	0.068958	0.0002473	9.9327e-05	0.0004994	0.0017512	0.00043885	0.0016545	3.8247e-05	0.0002733	6.0692e-05	0.00035374	6.5775e-05	0.00023598	9.186e-06	3.9266e-05	7.5311e-06	1.4338e-05	1.424e-05	4.3989e-05	8.5413e-06	3.0723e-05	1.7429e-05	3.2648e-05	2.0498e-05	0.00016929	8.0298e-07	7.65e-06	1.1596e-07	1.4976e-07	1.119e-08	2.4169e-08	1.5367e-09	9.0538e-09	1.6777e-09	4.7059e-09	1.5285e-09	5.0332e-09	1.1237e-09	2.7664e-09	5.0045e-10	1.4012e-09	1.6422e-10	5.3716e-10	2.7687e-10	7.9955e-10	2.5985e-10	6.991e-10	1.5385e-10	8.2705e-10	1.7463e-10	1.0161e-09	1.9427e-10	4.7969e-10	1.1522e-10	1.1941e-09	1.0669e-10	3.1904e-10	7.5861e-11	2.8303e-10	3.3454e-11	3.195e-10	5.4912e-11	2.4968e-10	6.2309e-11	2.4986e-10	9.4584e-11	1.57e-10	3.206e-11	1.5906e-10	2.3208e-11	1.449e-10	1.3058e-11	1.4501e-10	5.0114e-11	2.1539e-10	1.4166e-10	2.6916e-10	5.0187e-11	8.8024e-11	2.7021e-11	2.5236e-10	1.3138e-11	1.4721e-11	8.9163e-12
125.574	0.31884	0.069155	0.0002488	0.00010033	0.0005027	0.0017576	0.00044115	0.0016599	3.8502e-05	0.00027447	6.101e-05	0.00035519	6.6102e-05	0.00023693	9.2641e-06	3.9496e-05	7.613e-06	1.4487e-05	1.4373e-05	4.418e-05	8.5896e-06	3.0887e-05	1.7492e-05	3.2788e-05	2.0573e-05	0.00017014	8.103e-07	7.6976e-06	1.1656e-07	1.5054e-07	1.1243e-08	2.428e-08	1.5438e-09	9.1051e-09	1.6855e-09	4.7331e-09	1.5371e-09	5.0615e-09	1.1289e-09	2.7791e-09	5.0274e-10	1.4079e-09	1.6498e-10	5.4015e-10	2.7823e-10	8.0406e-10	2.6126e-10	7.0331e-10	1.5477e-10	8.3162e-10	1.7556e-10	1.0211e-09	1.9531e-10	4.821e-10	1.1581e-10	1.1999e-09	1.0722e-10	3.2066e-10	7.6267e-11	2.8453e-10	3.3635e-11	3.2111e-10	5.5194e-11	2.509e-10	6.262e-11	2.5108e-10	9.5044e-11	1.5777e-10	3.222e-11	1.5983e-10	2.3321e-11	1.4561e-10	1.3122e-11	1.4573e-10	5.0362e-11	2.166e-10	1.4244e-10	2.7067e-10	5.0455e-11	8.8518e-11	2.7173e-11	2.5375e-10	1.3212e-11	1.4792e-11	8.9587e-12
127.32	0.3216	0.069402	0.00025033	0.00010132	0.00050604	0.0017652	0.00044377	0.0016663	3.8748e-05	0.00027562	6.132e-05	0.00035662	6.6418e-05	0.00023799	9.3417e-06	3.9748e-05	7.6941e-06	1.4636e-05	1.4506e-05	4.4395e-05	8.6373e-06	3.1049e-05	1.7552e-05	3.2929e-05	2.0642e-05	0.00017097	8.1759e-07	7.7448e-06	1.1714e-07	1.5131e-07	1.1293e-08	2.4395e-08	1.5512e-09	9.1589e-09	1.6948e-09	4.7611e-09	1.5458e-09	5.0897e-09	1.135e-09	2.7943e-09	5.0503e-10	1.4156e-09	1.6586e-10	5.4314e-10	2.7977e-10	8.0867e-10	2.6271e-10	7.0747e-10	1.5569e-10	8.3598e-10	1.7647e-10	1.0259e-09	1.9629e-10	4.8444e-10	1.1637e-10	1.2057e-09	1.0774e-10	3.2223e-10	7.666e-11	2.8592e-10	3.3811e-11	3.2268e-10	5.5466e-11	2.521e-10	6.2918e-11	2.5227e-10	9.5498e-11	1.5852e-10	3.2373e-11	1.6065e-10	2.3434e-11	1.4639e-10	1.3193e-11	1.4654e-10	5.0639e-11	2.1779e-10	1.4322e-10	2.7216e-10	5.0734e-11	8.9e-11	2.7313e-11	2.5507e-10	1.3281e-11	1.4861e-11	9.0013e-12
129.089	0.32437	0.069643	0.00025188	0.00010234	0.00050935	0.0017726	0.00044636	0.0016727	3.8978e-05	0.00027682	6.1624e-05	0.00035823	6.6724e-05	0.00023904	9.4176e-06	3.9998e-05	7.7751e-06	1.4782e-05	1.4637e-05	4.4607e-05	8.6854e-06	3.1204e-05	1.7609e-05	3.3067e-05	2.0708e-05	0.00017182	8.2463e-07	7.79e-06	1.1769e-07	1.5203e-07	1.1343e-08	2.4528e-08	1.5596e-09	9.2121e-09	1.704e-09	4.7886e-09	1.5548e-09	5.1192e-09	1.1411e-09	2.8095e-09	5.0777e-10	1.4233e-09	1.6676e-10	5.462e-10	2.8129e-10	8.1336e-10	2.6418e-10	7.1116e-10	1.5649e-10	8.4015e-10	1.7732e-10	1.0311e-09	1.9723e-10	4.867e-10	1.1692e-10	1.2116e-09	1.0824e-10	3.2376e-10	7.7028e-11	2.873e-10	3.3978e-11	3.2418e-10	5.5729e-11	2.5339e-10	6.3212e-11	2.5363e-10	9.6007e-11	1.5935e-10	3.2528e-11	1.6152e-10	2.356e-11	1.4719e-10	1.3264e-11	1.4733e-10	5.0913e-11	2.189e-10	1.4396e-10	2.7355e-10	5.1e-11	8.9451e-11	2.7452e-11	2.5634e-10	1.3348e-11	1.4933e-11	9.0458e-12
130.883	0.32713	0.069894	0.00025338	0.00010343	0.00051253	0.0017802	0.00044901	0.0016793	3.9206e-05	0.00027811	6.1895e-05	0.00035983	6.7024e-05	0.00024016	9.4929e-06	4.0259e-05	7.8534e-06	1.4926e-05	1.4766e-05	4.483e-05	8.7333e-06	3.135e-05	1.766e-05	3.3194e-05	2.0769e-05	0.00017266	8.316e-07	7.8324e-06	1.1823e-07	1.5272e-07	1.1403e-08	2.4658e-08	1.568e-09	9.26e-09	1.7136e-09	4.8126e-09	1.5637e-09	5.1484e-09	1.1474e-09	2.8251e-09	5.1047e-10	1.4313e-09	1.6768e-10	5.4931e-10	2.8289e-10	8.1788e-10	2.6568e-10	7.1473e-10	1.5728e-10	8.4409e-10	1.7815e-10	1.0365e-09	1.9815e-10	4.8899e-10	1.1746e-10	1.218e-09	1.0878e-10	3.2523e-10	7.7391e-11	2.8861e-10	3.4138e-11	3.2566e-10	5.5983e-11	2.5474e-10	6.3546e-11	2.5497e-10	9.6516e-11	1.602e-10	3.27e-11	1.6236e-10	2.3685e-11	1.4793e-10	1.3332e-11	1.4806e-10	5.1167e-11	2.1999e-10	1.4468e-10	2.7491e-10	5.1253e-11	8.9891e-11	2.7574e-11	2.5748e-10	1.341e-11	1.5006e-11	9.089e-12
132.702	0.33015	0.07017	0.00025472	0.00010453	0.00051559	0.0017885	0.00045183	0.0016865	3.9436e-05	0.00027937	6.2159e-05	0.00036138	6.7287e-05	0.00024131	9.5661e-06	4.0529e-05	7.9303e-06	1.5074e-05	1.4894e-05	4.5064e-05	8.7799e-06	3.1494e-05	1.771e-05	3.3315e-05	2.0824e-05	0.00017345	8.3842e-07	7.8742e-06	1.1872e-07	1.534e-07	1.1463e-08	2.4795e-08	1.5767e-09	9.3055e-09	1.7232e-09	4.8363e-09	1.5714e-09	5.1746e-09	1.1539e-09	2.8408e-09	5.1327e-10	1.4393e-09	1.6862e-10	5.5229e-10	2.8447e-10	8.219e-10	2.6715e-10	7.1811e-10	1.5802e-10	8.4795e-10	1.7894e-10	1.0418e-09	1.9903e-10	4.9153e-10	1.1801e-10	1.2243e-09	1.0934e-10	3.2676e-10	7.7734e-11	2.8989e-10	3.4293e-11	3.2732e-10	5.6238e-11	2.5602e-10	6.3876e-11	2.5623e-10	9.6994e-11	1.61e-10	3.287e-11	1.6315e-10	2.3801e-11	1.4865e-10	1.3396e-11	1.4878e-10	5.1416e-11	2.2096e-10	1.4534e-10	2.7614e-10	5.1494e-11	9.028e-11	2.7694e-11	2.586e-10	1.3468e-11	1.5073e-11	9.1288e-12
134.546	0.33286	0.070442	0.00025605	0.00010566	0.0005186	0.0017966	0.00045462	0.0016937	3.9665e-05	0.00028058	6.2423e-05	0.00036286	6.7545e-05	0.00024246	9.6357e-06	4.0797e-05	8.0072e-06	1.5233e-05	1.5016e-05	4.5294e-05	8.8235e-06	3.1625e-05	1.7776e-05	3.343e-05	2.0877e-05	0.0001742	8.4503e-07	7.9165e-06	1.192e-07	1.5401e-07	1.1524e-08	2.4931e-08	1.5853e-09	9.349e-09	1.7321e-09	4.8584e-09	1.5789e-09	5.1995e-09	1.16e-09	2.8559e-09	5.1608e-10	1.4468e-09	1.6952e-10	5.5495e-10	2.8591e-10	8.2586e-10	2.6843e-10	7.2133e-10	1.5873e-10	8.5162e-10	1.7972e-10	1.0468e-09	1.9992e-10	4.9403e-10	1.1861e-10	1.2301e-09	1.0988e-10	3.2842e-10	7.8072e-11	2.913e-10	3.4441e-11	3.2899e-10	5.6524e-11	2.5723e-10	6.4183e-11	2.5745e-10	9.7455e-11	1.6176e-10	3.3026e-11	1.6391e-10	2.3914e-11	1.4931e-10	1.3456e-11	1.4942e-10	5.164e-11	2.2189e-10	1.4596e-10	2.773e-10	5.1711e-11	9.0662e-11	2.782e-11	2.5979e-10	1.3528e-11	1.5137e-11	9.1681e-12
136.416	0.33554	0.070701	0.00025728	0.00010679	0.00052142	0.0018044	0.00045734	0.0017006	3.9887e-05	0.00028176	6.2687e-05	0.00036432	6.7802e-05	0.00024354	9.7048e-06	4.1058e-05	8.0851e-06	1.5392e-05	1.5136e-05	4.5515e-05	8.8664e-06	3.1753e-05	1.7841e-05	3.3534e-05	2.0948e-05	0.00017493	8.516e-07	7.9586e-06	1.1974e-07	1.5462e-07	1.1586e-08	2.5055e-08	1.5932e-09	9.3899e-09	1.7403e-09	4.8796e-09	1.586e-09	5.2231e-09	1.1655e-09	2.8694e-09	5.1872e-10	1.4536e-09	1.7032e-10	5.5756e-10	2.8725e-10	8.2949e-10	2.6969e-10	7.2446e-10	1.5941e-10	8.5523e-10	1.8058e-10	1.0515e-09	2.0091e-10	4.9632e-10	1.1919e-10	1.2358e-09	1.1039e-10	3.3004e-10	7.8448e-11	2.9275e-10	3.4591e-11	3.3055e-10	5.6806e-11	2.5838e-10	6.4482e-11	2.5856e-10	9.7876e-11	1.6247e-10	3.318e-11	1.6458e-10	2.4016e-11	1.4993e-10	1.3512e-11	1.5004e-10	5.1853e-11	2.2287e-10	1.4658e-10	2.7852e-10	5.1929e-11	9.107e-11	2.7946e-11	2.6097e-10	1.3589e-11	1.5202e-11	9.2082e-12
138.312	0.33822	0.070951	0.00025848	0.00010787	0.00052419	0.001812	0.00046	0.0017072	4.0096e-05	0.00028288	6.2946e-05	0.00036561	6.8059e-05	0.0002446	9.7745e-06	4.1314e-05	8.1627e-06	1.5555e-05	1.5256e-05	4.5732e-05	8.9063e-06	3.1898e-05	1.7908e-05	3.3636e-05	2.102e-05	0.0001756	8.5902e-07	7.9992e-06	1.2032e-07	1.5534e-07	1.1645e-08	2.517e-08	1.6005e-09	9.4297e-09	1.7482e-09	4.9001e-09	1.5928e-09	5.2454e-09	1.1708e-09	2.8826e-09	5.211e-10	1.4602e-09	1.7111e-10	5.5995e-10	2.8854e-10	8.3304e-10	2.7086e-10	7.2744e-10	1.6007e-10	8.5938e-10	1.8146e-10	1.0558e-09	2.0189e-10	4.9857e-10	1.1973e-10	1.2407e-09	1.1088e-10	3.3154e-10	7.8831e-11	2.9413e-10	3.476e-11	3.3205e-10	5.7064e-11	2.5942e-10	6.4751e-11	2.5959e-10	9.8269e-11	1.6312e-10	3.3315e-11	1.6525e-10	2.4112e-11	1.5056e-10	1.3568e-11	1.5068e-10	5.2074e-11	2.2385e-10	1.4723e-10	2.7975e-10	5.2157e-11	9.1472e-11	2.8061e-11	2.6203e-10	1.3647e-11	1.5267e-11	9.2478e-12
140.234	0.34089	0.071192	0.00025963	0.00010892	0.00052731	0.0018193	0.00046261	0.0017137	4.0302e-05	0.00028387	6.318e-05	0.00036683	6.8311e-05	0.0002456	9.844e-06	4.1562e-05	8.2383e-06	1.572e-05	1.5376e-05	4.5938e-05	8.9447e-06	3.2054e-05	1.7977e-05	3.3769e-05	2.1093e-05	0.00017625	8.6641e-07	8.0374e-06	1.2091e-07	1.5609e-07	1.1697e-08	2.5281e-08	1.6075e-09	9.4676e-09	1.7555e-09	4.9198e-09	1.5993e-09	5.2671e-09	1.1757e-09	2.8946e-09	5.2343e-10	1.4662e-09	1.7182e-10	5.6229e-10	2.8974e-10	8.3642e-10	2.7199e-10	7.3044e-10	1.6074e-10	8.6349e-10	1.8229e-10	1.0599e-09	2.0279e-10	5.0054e-10	1.2026e-10	1.2456e-09	1.1132e-10	3.33e-10	7.919e-11	2.9543e-10	3.4926e-11	3.3342e-10	5.7317e-11	2.6046e-10	6.5004e-11	2.6066e-10	9.8672e-11	1.6378e-10	3.3445e-11	1.6596e-10	2.4212e-11	1.512e-10	1.3626e-11	1.5133e-10	5.2298e-11	2.2476e-10	1.4785e-10	2.8089e-10	5.2379e-11	9.1835e-11	2.8172e-11	2.6306e-10	1.3701e-11	1.5333e-11	9.2883e-12
142.183	0.34355	0.071396	0.00026075	0.00010996	0.00053054	0.0018256	0.00046498	0.0017192	4.0492e-05	0.00028484	6.3407e-05	0.00036802	6.8533e-05	0.0002465	9.9118e-06	4.1793e-05	8.3126e-06	1.5877e-05	1.5496e-05	4.6125e-05	8.9857e-06	3.2209e-05	1.804e-05	3.39e-05	2.1169e-05	0.00017704	8.7396e-07	8.075e-06	1.2152e-07	1.5684e-07	1.1748e-08	2.5384e-08	1.614e-09	9.5047e-09	1.7626e-09	4.9402e-09	1.6055e-09	5.2877e-09	1.1805e-09	2.9063e-09	5.2555e-10	1.4722e-09	1.7252e-10	5.645e-10	2.9091e-10	8.3969e-10	2.7307e-10	7.3384e-10	1.6149e-10	8.6727e-10	1.8308e-10	1.0644e-09	2.0366e-10	5.0244e-10	1.2072e-10	1.2508e-09	1.1174e-10	3.3426e-10	7.9533e-11	2.9665e-10	3.5077e-11	3.3468e-10	5.7539e-11	2.6155e-10	6.5266e-11	2.6176e-10	9.9086e-11	1.6447e-10	3.3582e-11	1.6666e-10	2.4314e-11	1.5182e-10	1.3682e-11	1.5193e-10	5.2507e-11	2.2563e-10	1.4841e-10	2.8197e-10	5.258e-11	9.2189e-11	2.8285e-11	2.6413e-10	1.3755e-11	1.5399e-11	9.3279e-12
144.159	0.34622	0.071595	0.00026194	0.00011097	0.00053381	0.0018318	0.00046732	0.0017246	4.0678e-05	0.00028582	6.3617e-05	0.00036923	6.875e-05	0.00024739	9.9767e-06	4.2021e-05	8.386e-06	1.603e-05	1.5611e-05	4.6308e-05	9.0319e-06	3.2371e-05	1.8093e-05	3.4035e-05	2.1239e-05	0.00017785	8.816e-07	8.1096e-06	1.2212e-07	1.5762e-07	1.1794e-08	2.5484e-08	1.6204e-09	9.5479e-09	1.7694e-09	4.9627e-09	1.612e-09	5.308e-09	1.1851e-09	2.9175e-09	5.2763e-10	1.4778e-09	1.7319e-10	5.6665e-10	2.9202e-10	8.4319e-10	2.7411e-10	7.3719e-10	1.6222e-10	8.7093e-10	1.8381e-10	1.0687e-09	2.0443e-10	5.0446e-10	1.2116e-10	1.2559e-09	1.122e-10	3.355e-10	7.9847e-11	2.9774e-10	3.5225e-11	3.3598e-10	5.7751e-11	2.626e-10	6.5533e-11	2.6278e-10	9.9476e-11	1.6513e-10	3.372e-11	1.6728e-10	2.4409e-11	1.5239e-10	1.3733e-11	1.525e-10	5.2703e-11	2.265e-10	1.4898e-10	2.8306e-10	5.2778e-11	9.2551e-11	2.8397e-11	2.6517e-10	1.3809e-11	1.5461e-11	9.3652e-12
146.162	0.34891	0.071795	0.00026321	0.00011197	0.00053716	0.0018381	0.00046966	0.00173	4.0879e-05	0.00028679	6.3811e-05	0.00037041	6.8947e-05	0.00024829	1.0041e-05	4.2251e-05	8.4567e-06	1.6181e-05	1.5724e-05	4.6492e-05	9.0775e-06	3.2531e-05	1.8144e-05	3.4172e-05	2.1296e-05	0.00017868	8.8901e-07	8.1432e-06	1.2264e-07	1.5837e-07	1.184e-08	2.5578e-08	1.6264e-09	9.5905e-09	1.7759e-09	4.9846e-09	1.6191e-09	5.3316e-09	1.1894e-09	2.9283e-09	5.2959e-10	1.4833e-09	1.7383e-10	5.6897e-10	2.931e-10	8.4695e-10	2.752e-10	7.4022e-10	1.6289e-10	8.7419e-10	1.8447e-10	1.0726e-09	2.0517e-10	5.0647e-10	1.2164e-10	1.2605e-09	1.1265e-10	3.3682e-10	8.0133e-11	2.9885e-10	3.5353e-11	3.3732e-10	5.7975e-11	2.6356e-10	6.5782e-11	2.6374e-10	9.9838e-11	1.6572e-10	3.3846e-11	1.6789e-10	2.4497e-11	1.5295e-10	1.3784e-11	1.5307e-10	5.2901e-11	2.2737e-10	1.4955e-10	2.8415e-10	5.2981e-11	9.2907e-11	2.851e-11	2.6624e-10	1.3863e-11	1.5522e-11	9.4033e-12
148.194	0.35158	0.071993	0.00026443	0.00011295	0.00054045	0.0018443	0.000472	0.0017354	4.11e-05	0.00028771	6.4007e-05	0.00037148	6.9128e-05	0.00024917	1.0101e-05	4.2479e-05	8.5271e-06	1.6327e-05	1.5833e-05	4.6675e-05	9.1255e-06	3.2666e-05	1.8187e-05	3.4299e-05	2.1352e-05	0.00017953	8.9597e-07	8.1805e-06	1.2314e-07	1.5902e-07	1.1882e-08	2.567e-08	1.6322e-09	9.6294e-09	1.7832e-09	5.0045e-09	1.6261e-09	5.3548e-09	1.1942e-09	2.94e-09	5.3149e-10	1.4894e-09	1.7451e-10	5.7144e-10	2.9435e-10	8.5054e-10	2.764e-10	7.432e-10	1.6354e-10	8.7724e-10	1.8514e-10	1.0764e-09	2.0594e-10	5.083e-10	1.2212e-10	1.2649e-09	1.1304e-10	3.3813e-10	8.0425e-11	3e-10	3.5477e-11	3.3858e-10	5.8201e-11	2.645e-10	6.6014e-11	2.6469e-10	1.002e-10	1.6632e-10	3.3965e-11	1.6851e-10	2.4587e-11	1.5352e-10	1.3835e-11	1.5365e-10	5.3099e-11	2.2825e-10	1.5012e-10	2.8525e-10	5.3181e-11	9.3273e-11	2.8624e-11	2.673e-10	1.3918e-11	1.559e-11	9.4465e-12
150.253	0.35425	0.072184	0.00026557	0.00011393	0.00054335	0.0018502	0.00047429	0.0017407	4.1319e-05	0.00028853	6.4256e-05	0.00037247	6.9316e-05	0.00025	1.0161e-05	4.2701e-05	8.6043e-06	1.6472e-05	1.5938e-05	4.6849e-05	9.1729e-06	3.2798e-05	1.8228e-05	3.4406e-05	2.1398e-05	0.00018034	9.0286e-07	8.2214e-06	1.2361e-07	1.5965e-07	1.1924e-08	2.5776e-08	1.639e-09	9.667e-09	1.7908e-09	5.024e-09	1.6325e-09	5.3759e-09	1.1992e-09	2.9525e-09	5.3362e-10	1.4958e-09	1.7525e-10	5.738e-10	2.956e-10	8.5386e-10	2.7755e-10	7.4576e-10	1.641e-10	8.8041e-10	1.8583e-10	1.0803e-09	2.0672e-10	5.1004e-10	1.2254e-10	1.2695e-09	1.1343e-10	3.393e-10	8.0729e-11	3.0111e-10	3.5607e-11	3.3974e-10	5.8406e-11	2.6546e-10	6.6247e-11	2.6566e-10	1.0056e-10	1.6692e-10	3.4086e-11	1.6913e-10	2.4676e-11	1.5409e-10	1.3887e-11	1.5423e-10	5.3298e-11	2.2913e-10	1.507e-10	2.8635e-10	5.3386e-11	9.3633e-11	2.873e-11	2.6829e-10	1.3971e-11	1.566e-11	9.4859e-12
152.341	0.35691	0.072347	0.00026665	0.00011498	0.0005462	0.0018555	0.0004764	0.0017452	4.1548e-05	0.00028933	6.4499e-05	0.00037339	6.9556e-05	0.00025076	1.0224e-05	4.2908e-05	8.6828e-06	1.6614e-05	1.6043e-05	4.7008e-05	9.215e-06	3.2918e-05	1.8265e-05	3.451e-05	2.1442e-05	0.00018104	9.0941e-07	8.2621e-06	1.2404e-07	1.6022e-07	1.197e-08	2.5883e-08	1.6458e-09	9.7001e-09	1.7979e-09	5.0404e-09	1.6387e-09	5.3963e-09	1.2041e-09	2.9643e-09	5.3583e-10	1.5016e-09	1.7596e-10	5.7598e-10	2.9675e-10	8.5701e-10	2.786e-10	7.482e-10	1.6464e-10	8.8364e-10	1.865e-10	1.0841e-09	2.0743e-10	5.1181e-10	1.2294e-10	1.274e-09	1.1383e-10	3.4043e-10	8.1015e-11	3.0211e-10	3.5738e-11	3.409e-10	5.86e-11	2.664e-10	6.6481e-11	2.6662e-10	1.0093e-10	1.6753e-10	3.4207e-11	1.6976e-10	2.4766e-11	1.5467e-10	1.3939e-11	1.548e-10	5.3498e-11	2.2997e-10	1.5126e-10	2.8739e-10	5.3585e-11	9.3969e-11	2.8833e-11	2.6925e-10	1.4021e-11	1.5714e-11	9.5166e-12
154.458	0.35961	0.072503	0.0002676	0.00011603	0.00054885	0.0018605	0.00047846	0.0017496	4.1774e-05	0.00029002	6.4754e-05	0.00037419	6.9791e-05	0.0002515	1.0292e-05	4.3113e-05	8.7624e-06	1.6756e-05	1.6163e-05	4.7163e-05	9.2545e-06	3.3032e-05	1.83e-05	3.46e-05	2.1482e-05	0.00018172	9.159e-07	8.3048e-06	1.2446e-07	1.6077e-07	1.2019e-08	2.5981e-08	1.652e-09	9.7308e-09	1.8045e-09	5.0564e-09	1.6439e-09	5.4141e-09	1.2085e-09	2.9753e-09	5.3789e-10	1.5072e-09	1.7661e-10	5.7803e-10	2.9785e-10	8.5972e-10	2.7962e-10	7.5079e-10	1.6521e-10	8.8662e-10	1.871e-10	1.088e-09	2.0809e-10	5.1357e-10	1.2336e-10	1.2786e-09	1.1422e-10	3.4158e-10	8.1276e-11	3.031e-10	3.5856e-11	3.4206e-10	5.8796e-11	2.6738e-10	6.6716e-11	2.6759e-10	1.013e-10	1.6814e-10	3.4329e-11	1.7038e-10	2.4857e-11	1.5523e-10	1.3989e-11	1.5535e-10	5.3688e-11	2.3077e-10	1.5178e-10	2.8839e-10	5.3772e-11	9.4297e-11	2.8953e-11	2.7041e-10	1.4076e-11	1.5763e-11	9.5487e-12
156.605	0.36233	0.072636	0.00026854	0.00011705	0.00055142	0.001865	0.00048038	0.0017535	4.1972e-05	0.00029067	6.5009e-05	0.00037496	7.004e-05	0.00025213	1.0361e-05	4.3301e-05	8.8434e-06	1.6907e-05	1.6281e-05	4.73e-05	9.2917e-06	3.314e-05	1.8342e-05	3.4686e-05	2.1519e-05	0.00018233	9.2221e-07	8.3468e-06	1.2486e-07	1.6129e-07	1.2064e-08	2.6075e-08	1.658e-09	9.763e-09	1.8106e-09	5.0737e-09	1.6489e-09	5.4307e-09	1.2127e-09	2.9855e-09	5.3983e-10	1.5122e-09	1.7723e-10	5.798e-10	2.9882e-10	8.624e-10	2.8047e-10	7.5339e-10	1.6578e-10	8.8937e-10	1.8769e-10	1.0919e-09	2.0877e-10	5.1535e-10	1.2377e-10	1.2832e-09	1.1463e-10	3.4272e-10	8.1534e-11	3.041e-10	3.5968e-11	3.4323e-10	5.8992e-11	2.6832e-10	6.6952e-11	2.6852e-10	1.0165e-10	1.6872e-10	3.4451e-11	1.7095e-10	2.4942e-11	1.5575e-10	1.4036e-11	1.5588e-10	5.3869e-11	2.3168e-10	1.5234e-10	2.8951e-10	5.3962e-11	9.4689e-11	2.9074e-11	2.7151e-10	1.4135e-11	1.582e-11	9.5835e-12
158.781	0.36504	0.072755	0.00026954	0.00011805	0.00055388	0.0018691	0.0004822	0.001757	4.2161e-05	0.00029141	6.5237e-05	0.00037603	7.0287e-05	0.00025273	1.0431e-05	4.3483e-05	8.9229e-06	1.7059e-05	1.6403e-05	4.7429e-05	9.3263e-06	3.3242e-05	1.8387e-05	3.4763e-05	2.1562e-05	0.00018292	9.2843e-07	8.3832e-06	1.2526e-07	1.6178e-07	1.2106e-08	2.6157e-08	1.6632e-09	9.7958e-09	1.8159e-09	5.0908e-09	1.6544e-09	5.4482e-09	1.2163e-09	2.9943e-09	5.4159e-10	1.5167e-09	1.7775e-10	5.8155e-10	2.997e-10	8.6529e-10	2.813e-10	7.5573e-10	1.6629e-10	8.9214e-10	1.8829e-10	1.0955e-09	2.0944e-10	5.1713e-10	1.242e-10	1.2874e-09	1.1502e-10	3.4389e-10	8.1796e-11	3.051e-10	3.6081e-11	3.4441e-10	5.919e-11	2.6919e-10	6.7177e-11	2.694e-10	1.0198e-10	1.6927e-10	3.4565e-11	1.7152e-10	2.5024e-11	1.5632e-10	1.4087e-11	1.5648e-10	5.4074e-11	2.3263e-10	1.5296e-10	2.907e-10	5.4183e-11	9.5069e-11	2.9162e-11	2.723e-10	1.4182e-11	1.5875e-11	9.6155e-12
160.988	0.36774	0.072888	0.00027052	0.000119	0.00055626	0.0018737	0.0004841	0.0017607	4.2339e-05	0.0002923	6.5435e-05	0.00037712	7.0502e-05	0.00025348	1.0501e-05	4.3683e-05	8.9969e-06	1.7206e-05	1.6525e-05	4.7578e-05	9.3596e-06	3.3347e-05	1.8427e-05	3.4837e-05	2.1611e-05	0.00018347	9.3504e-07	8.4182e-06	1.2572e-07	1.6232e-07	1.2144e-08	2.6232e-08	1.6679e-09	9.8256e-09	1.8214e-09	5.1057e-09	1.6598e-09	5.4659e-09	1.2198e-09	3.0031e-09	5.4313e-10	1.5213e-09	1.7826e-10	5.8344e-10	3.0062e-10	8.6809e-10	2.8222e-10	7.5793e-10	1.6678e-10	8.9493e-10	1.8889e-10	1.099e-09	2.1012e-10	5.1879e-10	1.2461e-10	1.2914e-09	1.1538e-10	3.4504e-10	8.2057e-11	3.0611e-10	3.6194e-11	3.4554e-10	5.9388e-11	2.701e-10	6.7389e-11	2.7037e-10	1.0234e-10	1.6986e-10	3.4675e-11	1.722e-10	2.5116e-11	1.5694e-10	1.4143e-11	1.571e-10	5.4289e-11	2.3333e-10	1.5349e-10	2.9161e-10	5.4379e-11	9.5336e-11	2.9244e-11	2.731e-10	1.4222e-11	1.5924e-11	9.6449e-12
163.225	0.37043	0.07307	0.00027138	0.00011993	0.00055873	0.0018794	0.00048634	0.0017657	4.2506e-05	0.00029318	6.5621e-05	0.00037826	7.0688e-05	0.0002543	1.0564e-05	4.3904e-05	9.0704e-06	1.7351e-05	1.6642e-05	4.7749e-05	9.3909e-06	3.3468e-05	1.8462e-05	3.4924e-05	2.1655e-05	0.00018399	9.4183e-07	8.4507e-06	1.2618e-07	1.629e-07	1.2177e-08	2.6309e-08	1.6729e-09	9.8531e-09	1.8271e-09	5.12e-09	1.6645e-09	5.4819e-09	1.2237e-09	3.0126e-09	5.447e-10	1.5261e-09	1.7883e-10	5.8526e-10	3.0157e-10	8.7051e-10	2.8311e-10	7.6016e-10	1.6727e-10	8.9773e-10	1.895e-10	1.1033e-09	2.108e-10	5.2038e-10	1.2499e-10	1.2964e-09	1.1575e-10	3.461e-10	8.2322e-11	3.0709e-10	3.6308e-11	3.4659e-10	5.9573e-11	2.7115e-10	6.7628e-11	2.7141e-10	1.0274e-10	1.7052e-10	3.4803e-11	1.7284e-10	2.5214e-11	1.5745e-10	1.4189e-11	1.5756e-10	5.4453e-11	2.3397e-10	1.539e-10	2.924e-10	5.4527e-11	9.5606e-11	2.9342e-11	2.7402e-10	1.4267e-11	1.5973e-11	9.6764e-12
165.494	0.37292	0.073245	0.00027222	0.00012087	0.00056141	0.0018849	0.00048853	0.0017706	4.2666e-05	0.00029413	6.5784e-05	0.00037942	7.086e-05	0.00025513	1.0625e-05	4.4124e-05	9.1404e-06	1.7489e-05	1.6751e-05	4.7918e-05	9.4215e-06	3.3584e-05	1.8492e-05	3.5017e-05	2.1692e-05	0.00018457	9.4841e-07	8.4813e-06	1.2658e-07	1.6346e-07	1.2211e-08	2.6389e-08	1.678e-09	9.8808e-09	1.8325e-09	5.1348e-09	1.669e-09	5.4967e-09	1.2274e-09	3.0216e-09	5.4636e-10	1.5305e-09	1.7937e-10	5.8684e-10	3.0243e-10	8.7287e-10	2.8387e-10	7.6237e-10	1.6776e-10	9.0054e-10	1.9009e-10	1.1072e-09	2.1144e-10	5.2227e-10	1.2537e-10	1.3012e-09	1.1619e-10	3.4713e-10	8.2575e-11	3.08e-10	3.6422e-11	3.4776e-10	5.9749e-11	2.7206e-10	6.7884e-11	2.7224e-10	1.0306e-10	1.7107e-10	3.4934e-11	1.7329e-10	2.5287e-11	1.5786e-10	1.4226e-11	1.5797e-10	5.4595e-11	2.3471e-10	1.5436e-10	2.9332e-10	5.4683e-11	9.5915e-11	2.9435e-11	2.7486e-10	1.4314e-11	1.6025e-11	9.7082e-12
167.794	0.37538	0.073439	0.00027308	0.00012183	0.000564	0.001891	0.00049085	0.0017758	4.2817e-05	0.00029506	6.594e-05	0.00038047	7.1008e-05	0.00025601	1.0683e-05	4.4354e-05	9.2095e-06	1.7622e-05	1.6858e-05	4.8098e-05	9.4579e-06	3.3686e-05	1.8513e-05	3.51e-05	2.1724e-05	0.0001852	9.5475e-07	8.5106e-06	1.2697e-07	1.6396e-07	1.2247e-08	2.6463e-08	1.6826e-09	9.9086e-09	1.8372e-09	5.1492e-09	1.6736e-09	5.5116e-09	1.2305e-09	3.0294e-09	5.4791e-10	1.5345e-09	1.7983e-10	5.8837e-10	3.0322e-10	8.7531e-10	2.8461e-10	7.6463e-10	1.6826e-10	9.0317e-10	1.9063e-10	1.11e-09	2.1204e-10	5.2419e-10	1.2582e-10	1.3045e-09	1.1658e-10	3.4839e-10	8.2811e-11	3.0896e-10	3.6527e-11	3.4904e-10	5.9958e-11	2.7274e-10	6.8078e-11	2.7292e-10	1.0332e-10	1.715e-10	3.5027e-11	1.7376e-10	2.535e-11	1.5832e-10	1.4268e-11	1.5846e-10	5.4761e-11	2.3544e-10	1.5485e-10	2.9423e-10	5.4854e-11	9.6203e-11	2.9516e-11	2.7562e-10	1.4353e-11	1.6073e-11	9.7356e-12
170.125	0.37783	0.073628	0.00027393	0.00012276	0.00056638	0.0018969	0.00049314	0.001781	4.297e-05	0.0002958	6.6078e-05	0.0003813	7.1148e-05	0.00025686	1.0739e-05	4.4581e-05	9.277e-06	1.7758e-05	1.6958e-05	4.8274e-05	9.4936e-06	3.3785e-05	1.8535e-05	3.5174e-05	2.1745e-05	0.00018579	9.6083e-07	8.5383e-06	1.2728e-07	1.6443e-07	1.2281e-08	2.6529e-08	1.6868e-09	9.9366e-09	1.8419e-09	5.1641e-09	1.6781e-09	5.5266e-09	1.2336e-09	3.0371e-09	5.4928e-10	1.5384e-09	1.8028e-10	5.8996e-10	3.04e-10	8.777e-10	2.8537e-10	7.6687e-10	1.6875e-10	9.0566e-10	1.9121e-10	1.1129e-09	2.1276e-10	5.2549e-10	1.2626e-10	1.3078e-09	1.1686e-10	3.4961e-10	8.3069e-11	3.1006e-10	3.6628e-11	3.5004e-10	6.0172e-11	2.7348e-10	6.8242e-11	2.7371e-10	1.0361e-10	1.7198e-10	3.5111e-11	1.7428e-10	2.5425e-11	1.588e-10	1.4311e-11	1.5893e-10	5.4927e-11	2.3606e-10	1.5527e-10	2.9501e-10	5.5008e-11	9.6457e-11	2.9598e-11	2.7641e-10	1.4392e-11	1.6116e-11	9.7613e-12
172.49	0.38026	0.073776	0.00027481	0.00012365	0.00056867	0.0019017	0.00049516	0.0017854	4.3145e-05	0.00029646	6.621e-05	0.00038209	7.127e-05	0.00025752	1.0792e-05	4.4777e-05	9.3433e-06	1.7896e-05	1.7057e-05	4.8417e-05	9.5252e-06	3.3862e-05	1.8559e-05	3.5237e-05	2.1767e-05	0.00018632	9.6652e-07	8.5667e-06	1.2758e-07	1.6482e-07	1.231e-08	2.6595e-08	1.691e-09	9.9647e-09	1.8467e-09	5.1787e-09	1.6828e-09	5.5417e-09	1.2368e-09	3.0449e-09	5.5062e-10	1.5424e-09	1.8075e-10	5.9151e-10	3.0479e-10	8.8017e-10	2.8612e-10	7.6893e-10	1.692e-10	9.0855e-10	1.9188e-10	1.1161e-09	2.135e-10	5.2672e-10	1.2655e-10	1.3116e-09	1.1716e-10	3.5041e-10	8.3357e-11	3.1099e-10	3.6749e-11	3.5085e-10	6.0319e-11	2.7428e-10	6.8434e-11	2.7451e-10	1.0391e-10	1.7248e-10	3.5214e-11	1.7476e-10	2.5499e-11	1.5921e-10	1.4348e-11	1.5934e-10	5.5066e-11	2.3669e-10	1.5567e-10	2.9579e-10	5.5148e-11	9.6724e-11	2.9687e-11	2.7724e-10	1.4435e-11	1.6154e-11	9.7826e-12
174.887	0.38265	0.0739	0.00027566	0.00012456	0.00057063	0.0019059	0.00049702	0.001789	4.3315e-05	0.00029705	6.6376e-05	0.00038271	7.1386e-05	0.00025814	1.0844e-05	4.4965e-05	9.4127e-06	1.803e-05	1.7151e-05	4.855e-05	9.5557e-06	3.3935e-05	1.8581e-05	3.5285e-05	2.1793e-05	0.00018682	9.7225e-07	8.5993e-06	1.2791e-07	1.6519e-07	1.2339e-08	2.6661e-08	1.6952e-09	9.9907e-09	1.8514e-09	5.1919e-09	1.6874e-09	5.5568e-09	1.2399e-09	3.0527e-09	5.5199e-10	1.5464e-09	1.8121e-10	5.9312e-10	3.0559e-10	8.8255e-10	2.869e-10	7.709e-10	1.6963e-10	9.1161e-10	1.9241e-10	1.1191e-09	2.14e-10	5.282e-10	1.2685e-10	1.3151e-09	1.1749e-10	3.5122e-10	8.3585e-11	3.1167e-10	3.6874e-11	3.5178e-10	6.0452e-11	2.7499e-10	6.8627e-11	2.7519e-10	1.0417e-10	1.7292e-10	3.5311e-11	1.7519e-10	2.5561e-11	1.596e-10	1.4383e-11	1.5975e-10	5.5205e-11	2.3737e-10	1.5611e-10	2.9664e-10	5.5301e-11	9.7003e-11	2.9765e-11	2.7795e-10	1.4475e-11	1.6188e-11	9.804e-12
177.317	0.385	0.074006	0.00027644	0.00012546	0.00057255	0.0019096	0.00049876	0.0017923	4.3467e-05	0.00029755	6.6545e-05	0.0003833	7.1542e-05	0.00025868	1.0896e-05	4.5139e-05	9.4847e-06	1.8159e-05	1.7244e-05	4.8669e-05	9.581e-06	3.4018e-05	1.8596e-05	3.5334e-05	2.1815e-05	0.00018721	9.7816e-07	8.631e-06	1.2823e-07	1.6561e-07	1.2368e-08	2.6728e-08	1.6995e-09	1.0015e-08	1.8563e-09	5.2047e-09	1.6915e-09	5.5707e-09	1.2432e-09	3.0607e-09	5.5336e-10	1.5504e-09	1.8168e-10	5.9466e-10	3.0639e-10	8.8471e-10	2.8765e-10	7.733e-10	1.7017e-10	9.1378e-10	1.9282e-10	1.1217e-09	2.1445e-10	5.296e-10	1.2719e-10	1.3182e-09	1.1778e-10	3.5218e-10	8.376e-11	3.1243e-10	3.6954e-11	3.5273e-10	6.0616e-11	2.7563e-10	6.8788e-11	2.7584e-10	1.0442e-10	1.7332e-10	3.5394e-11	1.7565e-10	2.5623e-11	1.6005e-10	1.4423e-11	1.6019e-10	5.5359e-11	2.3799e-10	1.5653e-10	2.9742e-10	5.5455e-11	9.7244e-11	2.9836e-11	2.7862e-10	1.4509e-11	1.6223e-11	9.8258e-12
179.782	0.38733	0.07409	0.00027724	0.00012637	0.00057462	0.0019128	0.00050035	0.001795	4.3614e-05	0.00029801	6.669e-05	0.0003838	7.1697e-05	0.00025917	1.0954e-05	4.5304e-05	9.5547e-06	1.8289e-05	1.7345e-05	4.8776e-05	9.6044e-06	3.4098e-05	1.8609e-05	3.5388e-05	2.1829e-05	0.00018761	9.8391e-07	8.6591e-06	1.2851e-07	1.6601e-07	1.2398e-08	2.6795e-08	1.7038e-09	1.0044e-08	1.8609e-09	5.2212e-09	1.6955e-09	5.5838e-09	1.2463e-09	3.0683e-09	5.5475e-10	1.5542e-09	1.8213e-10	5.9605e-10	3.0713e-10	8.8693e-10	2.8832e-10	7.7575e-10	1.7071e-10	9.156e-10	1.9328e-10	1.1245e-09	2.1501e-10	5.3078e-10	1.275e-10	1.3215e-09	1.1805e-10	3.5306e-10	8.3962e-11	3.1325e-10	3.7029e-11	3.5354e-10	6.0772e-11	2.7635e-10	6.8947e-11	2.7658e-10	1.047e-10	1.7378e-10	3.5478e-11	1.7612e-10	2.5692e-11	1.6046e-10	1.4461e-11	1.6059e-10	5.5498e-11	2.3853e-10	1.5689e-10	2.9809e-10	5.5582e-11	9.7467e-11	2.9895e-11	2.7914e-10	1.4539e-11	1.6259e-11	9.8481e-12
182.28	0.38964	0.074165	0.00027819	0.00012729	0.00057663	0.0019157	0.00050187	0.0017975	4.3734e-05	0.00029841	6.6821e-05	0.00038425	7.1825e-05	0.00025962	1.1011e-05	4.5461e-05	9.622e-06	1.8419e-05	1.7448e-05	4.8876e-05	9.6295e-06	3.4164e-05	1.8624e-05	3.5436e-05	2.1842e-05	0.00018805	9.8931e-07	8.6865e-06	1.2876e-07	1.6634e-07	1.2428e-08	2.6857e-08	1.7077e-09	1.0075e-08	1.865e-09	5.2365e-09	1.7007e-09	5.5997e-09	1.2491e-09	3.0752e-09	5.5606e-10	1.5577e-09	1.8254e-10	5.9751e-10	3.0782e-10	8.8965e-10	2.89e-10	7.7728e-10	1.7103e-10	9.1784e-10	1.9376e-10	1.1274e-09	2.1554e-10	5.3201e-10	1.2778e-10	1.3249e-09	1.1834e-10	3.5381e-10	8.4174e-11	3.1395e-10	3.7122e-11	3.5431e-10	6.0901e-11	2.7706e-10	6.9124e-11	2.7726e-10	1.0496e-10	1.7422e-10	3.557e-11	1.7651e-10	2.5754e-11	1.6081e-10	1.4492e-11	1.6094e-10	5.5619e-11	2.3898e-10	1.5721e-10	2.9867e-10	5.5699e-11	9.7642e-11	2.9949e-11	2.7966e-10	1.4565e-11	1.6295e-11	9.8704e-12
184.813	0.39192	0.074222	0.00027902	0.00012818	0.00057838	0.0019182	0.00050327	0.0017996	4.3848e-05	0.00029882	6.6924e-05	0.00038485	7.1941e-05	0.00026001	1.1063e-05	4.5609e-05	9.6869e-06	1.855e-05	1.7545e-05	4.8965e-05	9.6546e-06	3.4224e-05	1.8638e-05	3.5471e-05	2.1856e-05	0.00018846	9.9469e-07	8.7083e-06	1.2903e-07	1.6666e-07	1.2456e-08	2.6915e-08	1.7114e-09	1.0096e-08	1.8697e-09	5.2458e-09	1.7055e-09	5.6164e-09	1.252e-09	3.0825e-09	5.5725e-10	1.5617e-09	1.8296e-10	5.9928e-10	3.0865e-10	8.9197e-10	2.8986e-10	7.7871e-10	1.7136e-10	9.2005e-10	1.9417e-10	1.1298e-09	2.1598e-10	5.3333e-10	1.2807e-10	1.3277e-09	1.1863e-10	3.5462e-10	8.4351e-11	3.1459e-10	3.7209e-11	3.5518e-10	6.1035e-11	2.7763e-10	6.9285e-11	2.7784e-10	1.0517e-10	1.7458e-10	3.565e-11	1.7688e-10	2.5808e-11	1.6112e-10	1.452e-11	1.6122e-10	5.572e-11	2.3939e-10	1.5748e-10	2.9918e-10	5.5793e-11	9.7812e-11	3.0006e-11	2.8019e-10	1.4592e-11	1.6332e-11	9.8939e-12
187.382	0.39423	0.074276	0.0002796	0.00012906	0.00058006	0.0019207	0.00050463	0.0018014	4.3973e-05	0.00029938	6.7005e-05	0.00038552	7.2023e-05	0.00026046	1.1114e-05	4.5761e-05	9.7473e-06	1.8681e-05	1.7638e-05	4.9058e-05	9.6764e-06	3.4288e-05	1.8652e-05	3.5504e-05	2.187e-05	0.00018879	1.0001e-06	8.7294e-06	1.2928e-07	1.6699e-07	1.2481e-08	2.6984e-08	1.7159e-09	1.0113e-08	1.875e-09	5.2556e-09	1.7084e-09	5.6268e-09	1.2556e-09	3.0913e-09	5.5859e-10	1.5662e-09	1.8349e-10	6.0075e-10	3.0953e-10	8.9348e-10	2.9061e-10	7.8051e-10	1.7175e-10	9.2183e-10	1.9455e-10	1.132e-09	2.1643e-10	5.3446e-10	1.2837e-10	1.3304e-09	1.1887e-10	3.5546e-10	8.4516e-11	3.1533e-10	3.7281e-11	3.5599e-10	6.118e-11	2.7815e-10	6.9423e-11	2.7833e-10	1.0536e-10	1.749e-10	3.5721e-11	1.7716e-10	2.5852e-11	1.6137e-10	1.4543e-11	1.6148e-10	5.5809e-11	2.3982e-10	1.5775e-10	2.9971e-10	5.5887e-11	9.7989e-11	3.0063e-11	2.8074e-10	1.4619e-11	1.637e-11	9.916e-12
189.986	0.39652	0.074374	0.00028022	0.00012999	0.00058181	0.0019242	0.00050631	0.0018044	4.4095e-05	0.00029992	6.7094e-05	0.00038607	7.2085e-05	0.000261	1.1158e-05	4.5935e-05	9.8079e-06	1.8809e-05	1.7725e-05	4.9175e-05	9.696e-06	3.4348e-05	1.8665e-05	3.5539e-05	2.1885e-05	0.00018911	1.0056e-06	8.7527e-06	1.2955e-07	1.6731e-07	1.251e-08	2.7058e-08	1.7206e-09	1.0135e-08	1.879e-09	5.2673e-09	1.7114e-09	5.6358e-09	1.2586e-09	3.0984e-09	5.6014e-10	1.5694e-09	1.8393e-10	6.017e-10	3.1011e-10	8.9515e-10	2.9107e-10	7.8218e-10	1.7211e-10	9.2362e-10	1.9499e-10	1.1337e-09	2.1692e-10	5.3547e-10	1.2863e-10	1.3323e-09	1.1908e-10	3.5616e-10	8.4707e-11	3.1603e-10	3.7356e-11	3.5665e-10	6.1305e-11	2.7856e-10	6.9536e-11	2.7874e-10	1.0552e-10	1.7516e-10	3.5776e-11	1.7743e-10	2.589e-11	1.6164e-10	1.4567e-11	1.6176e-10	5.5903e-11	2.4025e-10	1.5802e-10	3.0024e-10	5.5983e-11	9.8169e-11	3.0122e-11	2.8128e-10	1.4648e-11	1.6403e-11	9.9357e-12
192.626	0.39878	0.074467	0.00028092	0.00013096	0.0005835	0.0019276	0.00050794	0.0018074	4.4199e-05	0.00030032	6.7188e-05	0.00038653	7.2157e-05	0.0002615	1.12e-05	4.6103e-05	9.8704e-06	1.8935e-05	1.7805e-05	4.9285e-05	9.7161e-06	3.4412e-05	1.8672e-05	3.5573e-05	2.1897e-05	0.00018945	1.0111e-06	8.7756e-06	1.2981e-07	1.6765e-07	1.2543e-08	2.7107e-08	1.7236e-09	1.0156e-08	1.8818e-09	5.2776e-09	1.715e-09	5.6477e-09	1.2604e-09	3.103e-09	5.6127e-10	1.5717e-09	1.842e-10	6.0279e-10	3.1057e-10	8.9705e-10	2.9157e-10	7.8353e-10	1.7241e-10	9.2563e-10	1.954e-10	1.1354e-09	2.1734e-10	5.3624e-10	1.2885e-10	1.3343e-09	1.1925e-10	3.5679e-10	8.4883e-11	3.1659e-10	3.7438e-11	3.5721e-10	6.1414e-11	2.7898e-10	6.9633e-11	2.7918e-10	1.0568e-10	1.7543e-10	3.5826e-11	1.7772e-10	2.5932e-11	1.619e-10	1.459e-11	1.6203e-10	5.5996e-11	2.4069e-10	1.5831e-10	3.0079e-10	5.6083e-11	9.8351e-11	3.0182e-11	2.8186e-10	1.4676e-11	1.643e-11	9.9475e-12
195.303	0.40102	0.074526	0.00028153	0.00013179	0.00058524	0.0019301	0.00050936	0.0018095	4.4296e-05	0.00030069	6.7262e-05	0.00038686	7.2233e-05	0.0002619	1.1246e-05	4.6252e-05	9.9314e-06	1.9069e-05	1.7887e-05	4.9374e-05	9.7358e-06	3.4473e-05	1.8685e-05	3.5609e-05	2.1904e-05	0.00018978	1.0164e-06	8.7947e-06	1.3004e-07	1.6796e-07	1.2567e-08	2.7145e-08	1.726e-09	1.0172e-08	1.8853e-09	5.2862e-09	1.7182e-09	5.6587e-09	1.2626e-09	3.1084e-09	5.6205e-10	1.5747e-09	1.8451e-10	6.0401e-10	3.1118e-10	8.9865e-10	2.9216e-10	7.8496e-10	1.7273e-10	9.2738e-10	1.9573e-10	1.1371e-09	2.1771e-10	5.3694e-10	1.2902e-10	1.3363e-09	1.1941e-10	3.5725e-10	8.5026e-11	3.1708e-10	3.7506e-11	3.5767e-10	6.1497e-11	2.7941e-10	6.9736e-11	2.7961e-10	1.0584e-10	1.7569e-10	3.5881e-11	1.7801e-10	2.5972e-11	1.6218e-10	1.4616e-11	1.6231e-10	5.6094e-11	2.4114e-10	1.5859e-10	3.0135e-10	5.6183e-11	9.8542e-11	3.0242e-11	2.8241e-10	1.4705e-11	1.6442e-11	9.9553e-12
198.017	0.40346	0.074578	0.00028206	0.00013257	0.00058692	0.0019325	0.00051071	0.0018115	4.4395e-05	0.00030087	6.7317e-05	0.00038703	7.2287e-05	0.00026226	1.1291e-05	4.6396e-05	9.9885e-06	1.9207e-05	1.797e-05	4.9459e-05	9.756e-06	3.4524e-05	1.8704e-05	3.5638e-05	2.1916e-05	0.00019013	1.0215e-06	8.8127e-06	1.3026e-07	1.6824e-07	1.2584e-08	2.7195e-08	1.7292e-09	1.0189e-08	1.8889e-09	5.2958e-09	1.7209e-09	5.6674e-09	1.265e-09	3.1144e-09	5.6302e-10	1.5777e-09	1.8487e-10	6.0501e-10	3.1177e-10	9.0003e-10	2.9266e-10	7.8652e-10	1.7308e-10	9.2885e-10	1.96e-10	1.1389e-09	2.1798e-10	5.377e-10	1.2918e-10	1.3384e-09	1.1958e-10	3.5769e-10	8.5143e-11	3.1745e-10	3.7565e-11	3.5816e-10	6.1572e-11	2.7986e-10	6.9838e-11	2.8007e-10	1.0602e-10	1.7598e-10	3.5934e-11	1.7831e-10	2.6015e-11	1.6246e-10	1.4641e-11	1.6261e-10	5.6194e-11	2.416e-10	1.5889e-10	3.0192e-10	5.6289e-11	9.8726e-11	3.0294e-11	2.8289e-10	1.4731e-11	1.6469e-11	9.9793e-12
200.769	0.40594	0.074587	0.00028267	0.00013342	0.00058844	0.0019337	0.00051177	0.0018124	4.4492e-05	0.00030102	6.7373e-05	0.00038722	7.2322e-05	0.00026247	1.133e-05	4.6511e-05	1.0045e-05	1.9326e-05	1.8049e-05	4.9512e-05	9.7759e-06	3.4575e-05	1.871e-05	3.5661e-05	2.1937e-05	0.00019045	1.027e-06	8.8316e-06	1.3056e-07	1.6854e-07	1.2604e-08	2.7244e-08	1.7323e-09	1.0209e-08	1.8917e-09	5.3057e-09	1.7238e-09	5.6765e-09	1.267e-09	3.1192e-09	5.6405e-10	1.58e-09	1.8516e-10	6.0589e-10	3.1222e-10	9.0165e-10	2.9308e-10	7.8779e-10	1.7335e-10	9.2996e-10	1.9622e-10	1.1406e-09	2.1822e-10	5.3847e-10	1.2935e-10	1.3404e-09	1.1976e-10	3.5817e-10	8.5236e-11	3.1784e-10	3.7608e-11	3.5864e-10	6.1653e-11	2.803e-10	6.9946e-11	2.8053e-10	1.0619e-10	1.7627e-10	3.599e-11	1.7863e-10	2.6059e-11	1.6275e-10	1.4667e-11	1.629e-10	5.6295e-11	2.4199e-10	1.5916e-10	3.0242e-10	5.6385e-11	9.8883e-11	3.0331e-11	2.8318e-10	1.4754e-11	1.6507e-11	1.0007e-11
203.559	0.40839	0.074582	0.00028327	0.00013427	0.00059	0.0019345	0.00051272	0.001813	4.4592e-05	0.00030125	6.7429e-05	0.00038746	7.2359e-05	0.00026266	1.1369e-05	4.6621e-05	1.0103e-05	1.9438e-05	1.8123e-05	4.9559e-05	9.7932e-06	3.4647e-05	1.8703e-05	3.5693e-05	2.1943e-05	0.00019072	1.0328e-06	8.8498e-06	1.3084e-07	1.6892e-07	1.2626e-08	2.7281e-08	1.7346e-09	1.0225e-08	1.8943e-09	5.3133e-09	1.7269e-09	5.6866e-09	1.2687e-09	3.1234e-09	5.6483e-10	1.5822e-09	1.8541e-10	6.0693e-10	3.1268e-10	9.0324e-10	2.9357e-10	7.8888e-10	1.7359e-10	9.3088e-10	1.9644e-10	1.1426e-09	2.1849e-10	5.3925e-10	1.2953e-10	1.3427e-09	1.1994e-10	3.5865e-10	8.5335e-11	3.1823e-10	3.7646e-11	3.5916e-10	6.1733e-11	2.8078e-10	7.0056e-11	2.8101e-10	1.0637e-10	1.7656e-10	3.6048e-11	1.7892e-10	2.6103e-11	1.6301e-10	1.469e-11	1.6314e-10	5.6381e-11	2.4229e-10	1.594e-10	3.0281e-10	5.647e-11	9.8977e-11	3.0344e-11	2.833e-10	1.476e-11	1.6562e-11	1.0041e-11
206.388	0.41082	0.074594	0.00028374	0.00013505	0.00059188	0.0019359	0.00051378	0.0018139	4.4688e-05	0.00030145	6.7485e-05	0.00038762	7.2395e-05	0.00026293	1.1408e-05	4.6745e-05	1.016e-05	1.956e-05	1.8196e-05	4.9621e-05	9.8092e-06	3.4707e-05	1.8703e-05	3.5738e-05	2.1934e-05	0.00019103	1.0378e-06	8.8689e-06	1.3097e-07	1.6921e-07	1.2642e-08	2.7318e-08	1.737e-09	1.0238e-08	1.8975e-09	5.32e-09	1.7292e-09	5.6948e-09	1.2707e-09	3.1285e-09	5.6555e-10	1.5849e-09	1.857e-10	6.0792e-10	3.132e-10	9.0439e-10	2.9407e-10	7.896e-10	1.7374e-10	9.3191e-10	1.9666e-10	1.1443e-09	2.1875e-10	5.4008e-10	1.297e-10	1.3448e-09	1.2013e-10	3.5914e-10	8.5432e-11	3.1866e-10	3.7688e-11	3.5969e-10	6.1817e-11	2.812e-10	7.0168e-11	2.8142e-10	1.0653e-10	1.7682e-10	3.6106e-11	1.7917e-10	2.614e-11	1.6324e-10	1.4711e-11	1.6332e-10	5.6447e-11	2.4236e-10	1.5946e-10	3.0291e-10	5.6502e-11	9.9009e-11	3.0393e-11	2.8386e-10	1.4776e-11	1.66e-11	1.0053e-11
209.257	0.41296	0.074605	0.00028414	0.00013584	0.00059345	0.0019371	0.00051484	0.0018149	4.4772e-05	0.00030153	6.7541e-05	0.00038765	7.2434e-05	0.00026315	1.1446e-05	4.6864e-05	1.0217e-05	1.968e-05	1.8269e-05	4.9679e-05	9.8315e-06	3.473e-05	1.8705e-05	3.5752e-05	2.1932e-05	0.00019143	1.0422e-06	8.8874e-06	1.3111e-07	1.6936e-07	1.2657e-08	2.7361e-08	1.7398e-09	1.0247e-08	1.9003e-09	5.3241e-09	1.7312e-09	5.7016e-09	1.2727e-09	3.1333e-09	5.6644e-10	1.5871e-09	1.8599e-10	6.0864e-10	3.1363e-10	9.0536e-10	2.9441e-10	7.9026e-10	1.7389e-10	9.3293e-10	1.9691e-10	1.1458e-09	2.1903e-10	5.4088e-10	1.2989e-10	1.3465e-09	1.203e-10	3.5967e-10	8.5539e-11	3.1908e-10	3.7731e-11	3.6023e-10	6.1905e-11	2.8156e-10	7.0262e-11	2.8175e-10	1.0666e-10	1.7706e-10	3.6153e-11	1.7928e-10	2.6168e-11	1.6327e-10	1.4714e-11	1.6336e-10	5.6459e-11	2.427e-10	1.5959e-10	3.0328e-10	5.653e-11	9.919e-11	3.0459e-11	2.8453e-10	1.4806e-11	1.6612e-11	1.006e-11
212.165	0.41497	0.074586	0.00028444	0.00013666	0.00059449	0.0019376	0.00051569	0.0018152	4.4853e-05	0.00030157	6.7583e-05	0.00038768	7.2471e-05	0.00026327	1.1486e-05	4.6962e-05	1.0273e-05	1.9791e-05	1.8343e-05	4.9714e-05	9.8531e-06	3.4759e-05	1.8698e-05	3.5747e-05	2.1932e-05	0.0001917	1.047e-06	8.9034e-06	1.313e-07	1.6955e-07	1.2676e-08	2.7396e-08	1.742e-09	1.0254e-08	1.9023e-09	5.3283e-09	1.7324e-09	5.7058e-09	1.2741e-09	3.1367e-09	5.6722e-10	1.5889e-09	1.862e-10	6.0922e-10	3.1398e-10	9.0598e-10	2.9471e-10	7.9099e-10	1.7405e-10	9.3401e-10	1.9715e-10	1.1464e-09	2.1932e-10	5.4153e-10	1.3007e-10	1.3473e-09	1.2044e-10	3.6015e-10	8.5647e-11	3.1953e-10	3.7775e-11	3.6068e-10	6.1992e-11	2.8165e-10	7.0332e-11	2.8178e-10	1.0667e-10	1.7708e-10	3.6182e-11	1.7931e-10	2.6171e-11	1.6341e-10	1.4726e-11	1.6358e-10	5.6527e-11	2.4318e-10	1.599e-10	3.0386e-10	5.6638e-11	9.9414e-11	3.0552e-11	2.854e-10	1.4849e-11	1.6626e-11	1.0069e-11
215.113	0.41695	0.074555	0.00028475	0.00013743	0.00059566	0.0019378	0.00051644	0.0018151	4.4963e-05	0.00030163	6.7613e-05	0.00038772	7.2492e-05	0.00026337	1.1524e-05	4.7055e-05	1.0327e-05	1.9904e-05	1.8416e-05	4.9743e-05	9.8623e-06	3.4797e-05	1.8689e-05	3.5755e-05	2.1924e-05	0.00019184	1.0518e-06	8.9196e-06	1.3145e-07	1.6978e-07	1.2692e-08	2.7423e-08	1.7437e-09	1.0262e-08	1.9038e-09	5.3327e-09	1.7336e-09	5.7094e-09	1.2752e-09	3.1393e-09	5.6778e-10	1.59e-09	1.8636e-10	6.0958e-10	3.1419e-10	9.0664e-10	2.9488e-10	7.9174e-10	1.7422e-10	9.3514e-10	1.9741e-10	1.1465e-09	2.1961e-10	5.4186e-10	1.3021e-10	1.3473e-09	1.2048e-10	3.6055e-10	8.5759e-11	3.199e-10	3.7822e-11	3.6103e-10	6.206e-11	2.8177e-10	7.0333e-11	2.8204e-10	1.0676e-10	1.772e-10	3.6183e-11	1.7964e-10	2.6201e-11	1.6371e-10	1.4753e-11	1.6389e-10	5.663e-11	2.439e-10	1.6032e-10	3.0475e-10	5.6778e-11	9.9709e-11	3.0601e-11	2.8573e-10	1.4883e-11	1.6643e-11	1.0084e-11
218.103	0.41889	0.074529	0.00028506	0.00013817	0.00059696	0.0019381	0.00051722	0.0018151	4.5059e-05	0.00030168	6.7677e-05	0.00038776	7.2502e-05	0.00026349	1.1559e-05	4.7153e-05	1.0384e-05	2.002e-05	1.8486e-05	4.9777e-05	9.8718e-06	3.4824e-05	1.8686e-05	3.5765e-05	2.1912e-05	0.00019203	1.0562e-06	8.9413e-06	1.3156e-07	1.6994e-07	1.2703e-08	2.7439e-08	1.7447e-09	1.0271e-08	1.9047e-09	5.3374e-09	1.7348e-09	5.7135e-09	1.2758e-09	3.1408e-09	5.6815e-10	1.5908e-09	1.8645e-10	6.0997e-10	3.1435e-10	9.073e-10	2.9506e-10	7.925e-10	1.7439e-10	9.3627e-10	1.9762e-10	1.1485e-09	2.1983e-10	5.4182e-10	1.3025e-10	1.3496e-09	1.205e-10	3.6068e-10	8.5849e-11	3.2023e-10	3.7867e-11	3.61e-10	6.2095e-11	2.8226e-10	7.0401e-11	2.8253e-10	1.0695e-10	1.7751e-10	3.6229e-11	1.8003e-10	2.6247e-11	1.6414e-10	1.4792e-11	1.6436e-10	5.6792e-11	2.4432e-10	1.6072e-10	3.0534e-10	5.6941e-11	9.9818e-11	3.0614e-11	2.8586e-10	1.4889e-11	1.6669e-11	1.0097e-11
221.134	0.42101	0.074499	0.0002854	0.00013885	0.00059801	0.0019383	0.00051797	0.0018151	4.5105e-05	0.00030175	6.7749e-05	0.0003878	7.2554e-05	0.00026359	1.1594e-05	4.7247e-05	1.0445e-05	2.013e-05	1.8552e-05	4.9808e-05	9.8852e-06	3.4841e-05	1.8678e-05	3.5758e-05	2.1908e-05	0.00019225	1.0605e-06	8.9592e-06	1.317e-07	1.7007e-07	1.271e-08	2.7451e-08	1.7454e-09	1.028e-08	1.9059e-09	5.3421e-09	1.7362e-09	5.7177e-09	1.2765e-09	3.1426e-09	5.6838e-10	1.5918e-09	1.8655e-10	6.1036e-10	3.1455e-10	9.0806e-10	2.9525e-10	7.9334e-10	1.7458e-10	9.3713e-10	1.9779e-10	1.151e-09	2.1992e-10	5.4255e-10	1.3024e-10	1.3524e-09	1.207e-10	3.6062e-10	8.5918e-11	3.2018e-10	3.7901e-11	3.6127e-10	6.2084e-11	2.8292e-10	7.0517e-11	2.8328e-10	1.0723e-10	1.7796e-10	3.6296e-11	1.8053e-10	2.6319e-11	1.645e-10	1.4825e-11	1.6461e-10	5.689e-11	2.4439e-10	1.6077e-10	3.0543e-10	5.6961e-11	9.9854e-11	3.0631e-11	2.8602e-10	1.4897e-11	1.668e-11	1.0101e-11
224.207	0.42315	0.074476	0.00028573	0.00013951	0.00059894	0.0019386	0.00051876	0.0018152	4.5158e-05	0.0003018	6.7741e-05	0.00038778	7.261e-05	0.00026372	1.1636e-05	4.7346e-05	1.0496e-05	2.0235e-05	1.8627e-05	4.9843e-05	9.896e-06	3.4867e-05	1.8664e-05	3.575e-05	2.1899e-05	0.00019239	1.0651e-06	8.9685e-06	1.3185e-07	1.7025e-07	1.2714e-08	2.7465e-08	1.7463e-09	1.0289e-08	1.9069e-09	5.3475e-09	1.7375e-09	5.7221e-09	1.2772e-09	3.1443e-09	5.6866e-10	1.5927e-09	1.8665e-10	6.1082e-10	3.1474e-10	9.0881e-10	2.9546e-10	7.9412e-10	1.7475e-10	9.3756e-10	1.9774e-10	1.1541e-09	2.1986e-10	5.4354e-10	1.3044e-10	1.356e-09	1.2096e-10	3.6117e-10	8.5894e-11	3.203e-10	3.7912e-11	3.6183e-10	6.2157e-11	2.8364e-10	7.0705e-11	2.8381e-10	1.0744e-10	1.7834e-10	3.6393e-11	1.8064e-10	2.6361e-11	1.6454e-10	1.4828e-11	1.6465e-10	5.6903e-11	2.445e-10	1.6083e-10	3.0556e-10	5.698e-11	9.99e-11	3.0659e-11	2.8633e-10	1.4906e-11	1.6683e-11	1.0102e-11
227.323	0.42525	0.074448	0.00028609	0.00014018	0.00060003	0.0019389	0.00051951	0.0018152	4.5223e-05	0.00030176	6.772e-05	0.00038768	7.2572e-05	0.00026381	1.1673e-05	4.7439e-05	1.0542e-05	2.0331e-05	1.8705e-05	4.9872e-05	9.9034e-06	3.4892e-05	1.8643e-05	3.5751e-05	2.1882e-05	0.0001925	1.0695e-06	8.9795e-06	1.3193e-07	1.7041e-07	1.2719e-08	2.7479e-08	1.7473e-09	1.0299e-08	1.9082e-09	5.352e-09	1.7391e-09	5.7271e-09	1.278e-09	3.1464e-09	5.6893e-10	1.5938e-09	1.8677e-10	6.1127e-10	3.1495e-10	9.0964e-10	2.9568e-10	7.9469e-10	1.7487e-10	9.3721e-10	1.9782e-10	1.1545e-09	2.2011e-10	5.4495e-10	1.307e-10	1.3568e-09	1.2127e-10	3.6186e-10	8.5941e-11	3.2077e-10	3.7898e-11	3.6273e-10	6.2263e-11	2.8367e-10	7.0814e-11	2.8384e-10	1.0745e-10	1.7836e-10	3.6433e-11	1.8067e-10	2.6364e-11	1.6459e-10	1.4832e-11	1.647e-10	5.6922e-11	2.4468e-10	1.609e-10	3.0576e-10	5.7001e-11	9.9997e-11	3.0699e-11	2.8666e-10	1.4926e-11	1.6682e-11	1.0104e-11
230.482	0.42732	0.074399	0.00028639	0.00014085	0.00060105	0.0019385	0.00052012	0.0018147	4.5274e-05	0.00030173	6.7733e-05	0.00038775	7.2533e-05	0.00026384	1.1698e-05	4.7519e-05	1.0592e-05	2.0424e-05	1.8761e-05	4.9889e-05	9.9125e-06	3.4899e-05	1.8618e-05	3.5742e-05	2.1857e-05	0.00019267	1.0734e-06	8.9928e-06	1.3199e-07	1.7049e-07	1.2724e-08	2.7495e-08	1.7483e-09	1.0305e-08	1.9096e-09	5.3554e-09	1.7404e-09	5.7316e-09	1.2788e-09	3.1485e-09	5.6926e-10	1.5949e-09	1.8689e-10	6.1177e-10	3.1519e-10	9.1029e-10	2.9592e-10	7.9471e-10	1.7486e-10	9.3801e-10	1.9809e-10	1.1546e-09	2.2047e-10	5.4538e-10	1.3102e-10	1.3569e-09	1.2128e-10	3.6277e-10	8.6056e-11	3.2148e-10	3.7941e-11	3.6332e-10	6.2418e-11	2.8371e-10	7.0816e-11	2.839e-10	1.0747e-10	1.784e-10	3.6435e-11	1.8072e-10	2.637e-11	1.6465e-10	1.4838e-11	1.6482e-10	5.6956e-11	2.4498e-10	1.6109e-10	3.0613e-10	5.7064e-11	1.001e-10	3.0703e-11	2.8668e-10	1.4932e-11	1.6693e-11	1.0112e-11
233.685	0.4294	0.074348	0.00028664	0.00014153	0.00060179	0.0019382	0.00052069	0.001814	4.5311e-05	0.00030189	6.7731e-05	0.00038791	7.2525e-05	0.00026393	1.1726e-05	4.7606e-05	1.0642e-05	2.0519e-05	1.8812e-05	4.9911e-05	9.9222e-06	3.4898e-05	1.8594e-05	3.5721e-05	2.1827e-05	0.00019281	1.077e-06	9.0029e-06	1.3199e-07	1.7053e-07	1.273e-08	2.7513e-08	1.7494e-09	1.0305e-08	1.9109e-09	5.3538e-09	1.7413e-09	5.7346e-09	1.2798e-09	3.1507e-09	5.6961e-10	1.5961e-09	1.8703e-10	6.1214e-10	3.1541e-10	9.1077e-10	2.961e-10	7.9427e-10	1.7477e-10	9.3934e-10	1.9853e-10	1.1548e-09	2.21e-10	5.4536e-10	1.3105e-10	1.3571e-09	1.2128e-10	3.6287e-10	8.6255e-11	3.2209e-10	3.8002e-11	3.6329e-10	6.2467e-11	2.8376e-10	7.0826e-11	2.8402e-10	1.0751e-10	1.7845e-10	3.6441e-11	1.8089e-10	2.6384e-11	1.6484e-10	1.4855e-11	1.65e-10	5.702e-11	2.4501e-10	1.6117e-10	3.062e-10	5.7103e-11	1.001e-10	3.0699e-11	2.8664e-10	1.4931e-11	1.67e-11	1.0112e-11
236.933	0.43144	0.074347	0.00028655	0.00014222	0.00060236	0.0019391	0.0005216	0.0018147	4.536e-05	0.0003019	6.7702e-05	0.00038765	7.2501e-05	0.00026413	1.1756e-05	4.7716e-05	1.0687e-05	2.0614e-05	1.8873e-05	4.9958e-05	9.9272e-06	3.4884e-05	1.857e-05	3.5687e-05	2.18e-05	0.00019287	1.0803e-06	9.0109e-06	1.3199e-07	1.7052e-07	1.2737e-08	2.753e-08	1.7505e-09	1.0299e-08	1.9118e-09	5.3517e-09	1.7407e-09	5.7339e-09	1.2804e-09	3.1523e-09	5.6996e-10	1.5968e-09	1.8712e-10	6.1239e-10	3.1555e-10	9.1021e-10	2.9623e-10	7.951e-10	1.7497e-10	9.4151e-10	1.9884e-10	1.1558e-09	2.2113e-10	5.454e-10	1.3104e-10	1.3582e-09	1.2129e-10	3.6284e-10	8.6377e-11	3.2203e-10	3.8089e-11	3.633e-10	6.2458e-11	2.8405e-10	7.0855e-11	2.8431e-10	1.0762e-10	1.7863e-10	3.6462e-11	1.8101e-10	2.6411e-11	1.6488e-10	1.4859e-11	1.6499e-10	5.7023e-11	2.4496e-10	1.6115e-10	3.0614e-10	5.7096e-11	1.0008e-10	3.0689e-11	2.8659e-10	1.4926e-11	1.6695e-11	1.0111e-11
240.226	0.43344	0.074317	0.00028662	0.0001429	0.00060272	0.0019392	0.00052234	0.0018149	4.5406e-05	0.00030163	6.7681e-05	0.00038726	7.245e-05	0.00026412	1.1782e-05	4.7798e-05	1.0731e-05	2.071e-05	1.8929e-05	4.9977e-05	9.9302e-06	3.4871e-05	1.8547e-05	3.5645e-05	2.1772e-05	0.00019286	1.0838e-06	9.0215e-06	1.32e-07	1.7052e-07	1.2744e-08	2.7539e-08	1.7511e-09	1.0307e-08	1.912e-09	5.3574e-09	1.7398e-09	5.7295e-09	1.2808e-09	3.153e-09	5.7017e-10	1.5968e-09	1.8718e-10	6.1192e-10	3.155e-10	9.101e-10	2.9603e-10	7.9627e-10	1.7524e-10	9.4222e-10	1.9879e-10	1.1565e-09	2.2108e-10	5.4571e-10	1.3103e-10	1.3591e-09	1.214e-10	3.6283e-10	8.6354e-11	3.22e-10	3.8103e-11	3.6339e-10	6.2456e-11	2.8415e-10	7.092e-11	2.8433e-10	1.0763e-10	1.7867e-10	3.6495e-11	1.8097e-10	2.6409e-11	1.6484e-10	1.4856e-11	1.6494e-10	5.7006e-11	2.4485e-10	1.6108e-10	3.0601e-10	5.7073e-11	1.0005e-10	3.0705e-11	2.8674e-10	1.493e-11	1.6695e-11	1.0112e-11
243.564	0.43534	0.074212	0.00028699	0.00014354	0.00060311	0.0019374	0.00052251	0.001813	4.543e-05	0.00030142	6.7668e-05	0.00038707	7.2411e-05	0.00026395	1.1805e-05	4.7841e-05	1.0778e-05	2.0807e-05	1.8978e-05	4.9955e-05	9.9286e-06	3.4857e-05	1.8526e-05	3.5607e-05	2.1746e-05	0.00019281	1.0872e-06	9.0313e-06	1.3202e-07	1.7051e-07	1.2747e-08	2.7533e-08	1.7505e-09	1.032e-08	1.9104e-09	5.3661e-09	1.7415e-09	5.7342e-09	1.2797e-09	3.1503e-09	5.7015e-10	1.5955e-09	1.8702e-10	6.1187e-10	3.1523e-10	9.1098e-10	2.9595e-10	7.9796e-10	1.7562e-10	9.4189e-10	1.9876e-10	1.1561e-09	2.2106e-10	5.4609e-10	1.3112e-10	1.3587e-09	1.2144e-10	3.6306e-10	8.634e-11	3.2201e-10	3.8091e-11	3.6369e-10	6.2484e-11	2.8407e-10	7.0911e-11	2.8423e-10	1.0759e-10	1.7861e-10	3.6483e-11	1.8089e-10	2.6399e-11	1.6476e-10	1.4848e-11	1.6486e-10	5.6976e-11	2.4494e-10	1.6109e-10	3.0609e-10	5.7066e-11	1.0009e-10	3.0703e-11	2.8667e-10	1.4933e-11	1.6697e-11	1.0114e-11
246.949	0.43708	0.074119	0.00028759	0.00014409	0.00060349	0.001936	0.00052276	0.0018113	4.5443e-05	0.00030129	6.7628e-05	0.00038683	7.2379e-05	0.00026388	1.1832e-05	4.7898e-05	1.0822e-05	2.0903e-05	1.9029e-05	4.9946e-05	9.927e-06	3.4847e-05	1.8504e-05	3.5569e-05	2.1721e-05	0.00019277	1.0906e-06	9.037e-06	1.3203e-07	1.7053e-07	1.2745e-08	2.7507e-08	1.7489e-09	1.0341e-08	1.9107e-09	5.3767e-09	1.7442e-09	5.7414e-09	1.2795e-09	3.1502e-09	5.696e-10	1.596e-09	1.8698e-10	6.124e-10	3.1542e-10	9.1259e-10	2.962e-10	7.9797e-10	1.7558e-10	9.4169e-10	1.9876e-10	1.1554e-09	2.2114e-10	5.4587e-10	1.3117e-10	1.3579e-09	1.2139e-10	3.6321e-10	8.6346e-11	3.2224e-10	3.8083e-11	3.6363e-10	6.2524e-11	2.8389e-10	7.0876e-11	2.8405e-10	1.0753e-10	1.785e-10	3.6464e-11	1.8083e-10	2.6383e-11	1.6476e-10	1.4848e-11	1.6491e-10	5.6989e-11	2.4491e-10	1.6112e-10	3.0609e-10	5.7086e-11	1.0006e-10	3.0686e-11	2.8654e-10	1.4924e-11	1.67e-11	1.0117e-11
250.381	0.43878	0.074047	0.00028807	0.00014454	0.00060393	0.001935	0.00052315	0.0018102	4.5438e-05	0.00030104	6.7573e-05	0.00038642	7.2314e-05	0.00026383	1.1857e-05	4.7962e-05	1.0862e-05	2.0993e-05	1.9082e-05	4.9945e-05	9.9256e-06	3.4836e-05	1.8477e-05	3.5533e-05	2.1696e-05	0.00019274	1.0942e-06	9.0403e-06	1.3207e-07	1.7055e-07	1.2731e-08	2.752e-08	1.7499e-09	1.0342e-08	1.9123e-09	5.3737e-09	1.7474e-09	5.7525e-09	1.2805e-09	3.1526e-09	5.6969e-10	1.5975e-09	1.8713e-10	6.1348e-10	3.1576e-10	9.1384e-10	2.9669e-10	7.9759e-10	1.755e-10	9.4187e-10	1.9889e-10	1.155e-09	2.2125e-10	5.4552e-10	1.311e-10	1.3573e-09	1.213e-10	3.6302e-10	8.6402e-11	3.2221e-10	3.8096e-11	3.6343e-10	6.2492e-11	2.8383e-10	7.0825e-11	2.8406e-10	1.0753e-10	1.7848e-10	3.644e-11	1.8087e-10	2.6387e-11	1.6477e-10	1.4849e-11	1.6487e-10	5.698e-11	2.4475e-10	1.6101e-10	3.0588e-10	5.7047e-11	1e-10	3.068e-11	2.8649e-10	1.492e-11	1.6706e-11	1.012e-11
253.861	0.44044	0.073949	0.00028798	0.00014521	0.00060436	0.0019334	0.00052336	0.0018086	4.5434e-05	0.00030073	6.7484e-05	0.00038605	7.2234e-05	0.00026365	1.1876e-05	4.8006e-05	1.0898e-05	2.1067e-05	1.9127e-05	4.9924e-05	9.9249e-06	3.4828e-05	1.8442e-05	3.5499e-05	2.1666e-05	0.00019272	1.0977e-06	9.0406e-06	1.3207e-07	1.7057e-07	1.2733e-08	2.7547e-08	1.7518e-09	1.0336e-08	1.9158e-09	5.3708e-09	1.7463e-09	5.7517e-09	1.2826e-09	3.1581e-09	5.7014e-10	1.6004e-09	1.8743e-10	6.1415e-10	3.1634e-10	9.1325e-10	2.9709e-10	7.9726e-10	1.7543e-10	9.4235e-10	1.9882e-10	1.1552e-09	2.2112e-10	5.4516e-10	1.31e-10	1.3575e-09	1.2126e-10	3.6274e-10	8.6369e-11	3.22e-10	3.8109e-11	3.6313e-10	6.2446e-11	2.8385e-10	7.0828e-11	2.8401e-10	1.0751e-10	1.7847e-10	3.6446e-11	1.8075e-10	2.6379e-11	1.6464e-10	1.4837e-11	1.6474e-10	5.6935e-11	2.4468e-10	1.6094e-10	3.0578e-10	5.7018e-11	9.9976e-11	3.0677e-11	2.8647e-10	1.4917e-11	1.6702e-11	1.0115e-11
257.389	0.44185	0.073834	0.0002879	0.00014595	0.0006048	0.0019313	0.00052343	0.0018065	4.5429e-05	0.00030051	6.7393e-05	0.00038574	7.212e-05	0.00026346	1.1892e-05	4.8042e-05	1.0932e-05	2.1129e-05	1.9167e-05	4.9894e-05	9.924e-06	3.4812e-05	1.8391e-05	3.5464e-05	2.1627e-05	0.00019271	1.1009e-06	9.0415e-06	1.3205e-07	1.7055e-07	1.2742e-08	2.7595e-08	1.7549e-09	1.0331e-08	1.9168e-09	5.3682e-09	1.7452e-09	5.7478e-09	1.2839e-09	3.1607e-09	5.7113e-10	1.6009e-09	1.8763e-10	6.1369e-10	3.1632e-10	9.1272e-10	2.9687e-10	7.9744e-10	1.7548e-10	9.4169e-10	1.9867e-10	1.1542e-09	2.2093e-10	5.4519e-10	1.3093e-10	1.3565e-09	1.2126e-10	3.6253e-10	8.6303e-11	3.2171e-10	3.8082e-11	3.6309e-10	6.2398e-11	2.836e-10	7.0802e-11	2.8376e-10	1.0742e-10	1.7832e-10	3.6426e-11	1.8063e-10	2.6356e-11	1.6456e-10	1.483e-11	1.6468e-10	5.6913e-11	2.4462e-10	1.6089e-10	3.0571e-10	5.6998e-11	9.996e-11	3.0675e-11	2.8647e-10	1.4915e-11	1.6694e-11	1.0111e-11
260.966	0.44316	0.07374	0.00028787	0.00014679	0.00060508	0.0019297	0.00052364	0.0018048	4.543e-05	0.00030025	6.7306e-05	0.00038529	7.2008e-05	0.00026335	1.1903e-05	4.8093e-05	1.0966e-05	2.1226e-05	1.9197e-05	4.9881e-05	9.9241e-06	3.4788e-05	1.8362e-05	3.5418e-05	2.1568e-05	0.0001927	1.1035e-06	9.0422e-06	1.3189e-07	1.7047e-07	1.2763e-08	2.7591e-08	1.7543e-09	1.0331e-08	1.9151e-09	5.3699e-09	1.7442e-09	5.7444e-09	1.2828e-09	3.158e-09	5.713e-10	1.5995e-09	1.8747e-10	6.1329e-10	3.1607e-10	9.1233e-10	2.9667e-10	7.9748e-10	1.7548e-10	9.4083e-10	1.9847e-10	1.1534e-09	2.2075e-10	5.448e-10	1.3092e-10	1.3554e-09	1.2114e-10	3.6251e-10	8.6216e-11	3.216e-10	3.8046e-11	3.6294e-10	6.2395e-11	2.8341e-10	7.0734e-11	2.8361e-10	1.0736e-10	1.7821e-10	3.6394e-11	1.8055e-10	2.6344e-11	1.645e-10	1.4824e-11	1.6463e-10	5.6895e-11	2.4459e-10	1.6086e-10	3.0565e-10	5.6986e-11	9.995e-11	3.0677e-11	2.8647e-10	1.4916e-11	1.6687e-11	1.0106e-11
264.592	0.44443	0.073639	0.00028803	0.00014732	0.00060514	0.001928	0.0005238	0.0018031	4.5429e-05	0.00029986	6.7223e-05	0.00038475	7.1897e-05	0.00026316	1.1916e-05	4.8133e-05	1.1e-05	2.1332e-05	1.9227e-05	4.9856e-05	9.9222e-06	3.4723e-05	1.8344e-05	3.5353e-05	2.1535e-05	0.00019264	1.1052e-06	9.0441e-06	1.3178e-07	1.7023e-07	1.2765e-08	2.7566e-08	1.7528e-09	1.0332e-08	1.9138e-09	5.3683e-09	1.7446e-09	5.7445e-09	1.2818e-09	3.1557e-09	5.7077e-10	1.5984e-09	1.8733e-10	6.1302e-10	3.1585e-10	9.1257e-10	2.9651e-10	7.9677e-10	1.7532e-10	9.3988e-10	1.9841e-10	1.1527e-09	2.2072e-10	5.4429e-10	1.3079e-10	1.3547e-09	1.2105e-10	3.6216e-10	8.6192e-11	3.2148e-10	3.8013e-11	3.6255e-10	6.2346e-11	2.8327e-10	7.0693e-11	2.8349e-10	1.0731e-10	1.7813e-10	3.6373e-11	1.8049e-10	2.6333e-11	1.6444e-10	1.482e-11	1.6459e-10	5.688e-11	2.4457e-10	1.6084e-10	3.0564e-10	5.6979e-11	9.9939e-11	3.0655e-11	2.8625e-10	1.4909e-11	1.6675e-11	1.0099e-11
268.27	0.44568	0.073505	0.00028793	0.00014777	0.00060459	0.0019254	0.00052371	0.0018005	4.543e-05	0.00029938	6.7139e-05	0.00038403	7.1793e-05	0.00026288	1.1928e-05	4.8155e-05	1.1035e-05	2.1451e-05	1.9257e-05	4.9813e-05	9.9182e-06	3.4683e-05	1.8343e-05	3.5261e-05	2.1516e-05	0.00019249	1.1084e-06	9.046e-06	1.3182e-07	1.7016e-07	1.2752e-08	2.7545e-08	1.7514e-09	1.0322e-08	1.9131e-09	5.363e-09	1.7439e-09	5.7437e-09	1.2812e-09	3.1542e-09	5.7031e-10	1.598e-09	1.8723e-10	6.1312e-10	3.1581e-10	9.12e-10	2.9655e-10	7.9585e-10	1.7511e-10	9.3966e-10	1.9829e-10	1.1523e-09	2.2051e-10	5.4393e-10	1.3067e-10	1.3541e-09	1.2098e-10	3.6182e-10	8.6138e-11	3.211e-10	3.8004e-11	3.623e-10	6.2281e-11	2.8315e-10	7.0657e-11	2.8338e-10	1.0727e-10	1.7806e-10	3.6356e-11	1.8045e-10	2.6324e-11	1.6442e-10	1.4817e-11	1.6457e-10	5.6872e-11	2.4439e-10	1.6076e-10	3.0542e-10	5.6956e-11	9.9853e-11	3.0633e-11	2.8605e-10	1.4897e-11	1.6669e-11	1.0099e-11
271.998	0.44696	0.073352	0.00028769	0.00014823	0.00060463	0.0019222	0.00052348	0.0017975	4.542e-05	0.00029881	6.7063e-05	0.00038328	7.1689e-05	0.00026251	1.1941e-05	4.8159e-05	1.107e-05	2.1521e-05	1.9288e-05	4.9752e-05	9.9032e-06	3.4674e-05	1.8312e-05	3.5222e-05	2.1516e-05	0.00019217	1.1123e-06	9.0484e-06	1.3196e-07	1.7022e-07	1.274e-08	2.7538e-08	1.7511e-09	1.0309e-08	1.9133e-09	5.3561e-09	1.742e-09	5.7375e-09	1.2813e-09	3.1545e-09	5.7009e-10	1.598e-09	1.8724e-10	6.1262e-10	3.1576e-10	9.1097e-10	2.9635e-10	7.9507e-10	1.7496e-10	9.3877e-10	1.9804e-10	1.1519e-09	2.2027e-10	5.4364e-10	1.3057e-10	1.3536e-09	1.2091e-10	3.6155e-10	8.6029e-11	3.2083e-10	3.7963e-11	3.6208e-10	6.2234e-11	2.8307e-10	7.0626e-11	2.8332e-10	1.0725e-10	1.7801e-10	3.6342e-11	1.8037e-10	2.6318e-11	1.6431e-10	1.4807e-11	1.6442e-10	5.6825e-11	2.4419e-10	1.6061e-10	3.0516e-10	5.6901e-11	9.9776e-11	3.0611e-11	2.8583e-10	1.4887e-11	1.6667e-11	1.0097e-11
275.778	0.44819	0.073175	0.00028737	0.00014878	0.00060508	0.0019185	0.00052306	0.0017939	4.5397e-05	0.00029826	6.6975e-05	0.00038257	7.1592e-05	0.00026208	1.1954e-05	4.8151e-05	1.1104e-05	2.1583e-05	1.9318e-05	4.9678e-05	9.8919e-06	3.4697e-05	1.8262e-05	3.5201e-05	2.1483e-05	0.00019211	1.117e-06	9.0484e-06	1.3206e-07	1.7043e-07	1.2734e-08	2.7531e-08	1.7505e-09	1.0297e-08	1.9111e-09	5.3515e-09	1.7396e-09	5.7298e-09	1.28e-09	3.1513e-09	5.7006e-10	1.5961e-09	1.8707e-10	6.1185e-10	3.1539e-10	9.097e-10	2.9599e-10	7.9474e-10	1.7488e-10	9.376e-10	1.9787e-10	1.1513e-09	2.2008e-10	5.4338e-10	1.305e-10	1.353e-09	1.2087e-10	3.6133e-10	8.5955e-11	3.2059e-10	3.7919e-11	3.6188e-10	6.2194e-11	2.8288e-10	7.0602e-11	2.8307e-10	1.0716e-10	1.7787e-10	3.6329e-11	1.8018e-10	2.6292e-11	1.6415e-10	1.4793e-11	1.6427e-10	5.6772e-11	2.4399e-10	1.6049e-10	3.0492e-10	5.6856e-11	9.9689e-11	3.0579e-11	2.8555e-10	1.4872e-11	1.6663e-11	1.0088e-11
279.61	0.44937	0.073003	0.00028724	0.00014929	0.00060613	0.0019149	0.00052268	0.0017904	4.5323e-05	0.00029772	6.6872e-05	0.00038188	7.1481e-05	0.00026169	1.1968e-05	4.8148e-05	1.1135e-05	2.1646e-05	1.9351e-05	4.9609e-05	9.8919e-06	3.4691e-05	1.8214e-05	3.5205e-05	2.1425e-05	0.00019215	1.1196e-06	9.0453e-06	1.3188e-07	1.704e-07	1.2732e-08	2.7496e-08	1.7483e-09	1.0292e-08	1.9084e-09	5.3481e-09	1.7379e-09	5.7231e-09	1.2783e-09	3.147e-09	5.6933e-10	1.5939e-09	1.8682e-10	6.1094e-10	3.1494e-10	9.0902e-10	2.9555e-10	7.9365e-10	1.7463e-10	9.367e-10	1.9771e-10	1.1499e-09	2.1992e-10	5.431e-10	1.3043e-10	1.3514e-09	1.2078e-10	3.6115e-10	8.5886e-11	3.2037e-10	3.7882e-11	3.6173e-10	6.2159e-11	2.8257e-10	7.0529e-11	2.8277e-10	1.0704e-10	1.7768e-10	3.6288e-11	1.8002e-10	2.6266e-11	1.64e-10	1.478e-11	1.6412e-10	5.672e-11	2.4371e-10	1.6031e-10	3.0458e-10	5.6798e-11	9.9582e-11	3.0566e-11	2.8545e-10	1.4862e-11	1.6632e-11	1.007e-11
283.496	0.45094	0.072832	0.00028705	0.00014967	0.00060633	0.0019113	0.00052228	0.0017868	4.5288e-05	0.0002972	6.6701e-05	0.0003812	7.1356e-05	0.00026129	1.1977e-05	4.8144e-05	1.1158e-05	2.1723e-05	1.9379e-05	4.954e-05	9.8997e-06	3.4625e-05	1.8174e-05	3.5138e-05	2.1371e-05	0.00019236	1.1213e-06	9.0331e-06	1.3172e-07	1.7016e-07	1.2715e-08	2.7454e-08	1.7456e-09	1.0277e-08	1.9055e-09	5.3398e-09	1.7366e-09	5.7196e-09	1.2763e-09	3.142e-09	5.6848e-10	1.5916e-09	1.8652e-10	6.1048e-10	3.1452e-10	9.0817e-10	2.9529e-10	7.9261e-10	1.7441e-10	9.3592e-10	1.9756e-10	1.1488e-09	2.1978e-10	5.4243e-10	1.3033e-10	1.35e-09	1.2063e-10	3.6088e-10	8.5823e-11	3.2021e-10	3.7852e-11	3.6132e-10	6.2121e-11	2.8229e-10	7.045e-11	2.8249e-10	1.0694e-10	1.7751e-10	3.6249e-11	1.7982e-10	2.6239e-11	1.638e-10	1.4762e-11	1.6392e-10	5.6651e-11	2.4357e-10	1.6018e-10	3.0438e-10	5.6743e-11	9.9538e-11	3.0553e-11	2.8533e-10	1.4855e-11	1.6606e-11	1.0056e-11
287.436	0.45246	0.072669	0.00028666	0.00015	0.00060572	0.0019079	0.00052193	0.0017835	4.5288e-05	0.0002967	6.6541e-05	0.00038056	7.115e-05	0.00026092	1.1982e-05	4.8144e-05	1.1173e-05	2.1793e-05	1.9403e-05	4.9475e-05	9.9033e-06	3.4562e-05	1.8138e-05	3.5049e-05	2.1327e-05	0.00019223	1.1231e-06	9.0303e-06	1.3158e-07	1.6995e-07	1.2694e-08	2.7416e-08	1.7432e-09	1.0262e-08	1.9042e-09	5.3328e-09	1.7338e-09	5.7107e-09	1.2752e-09	3.1396e-09	5.6759e-10	1.5904e-09	1.8636e-10	6.098e-10	3.143e-10	9.0667e-10	2.9499e-10	7.9172e-10	1.7422e-10	9.3521e-10	1.9744e-10	1.1474e-09	2.1962e-10	5.4181e-10	1.3015e-10	1.3484e-09	1.205e-10	3.6039e-10	8.577e-11	3.1985e-10	3.7825e-11	3.6088e-10	6.2038e-11	2.8193e-10	7.0372e-11	2.8212e-10	1.068e-10	1.7728e-10	3.6207e-11	1.7961e-10	2.6205e-11	1.6367e-10	1.4749e-11	1.6382e-10	5.6612e-11	2.4345e-10	1.601e-10	3.0422e-10	5.6713e-11	9.9487e-11	3.0526e-11	2.85e-10	1.4848e-11	1.6604e-11	1.0069e-11
291.431	0.45392	0.072508	0.00028637	0.00015036	0.00060518	0.0019046	0.00052159	0.0017802	4.5333e-05	0.0002962	6.6466e-05	0.00037986	7.0979e-05	0.00026056	1.1975e-05	4.8146e-05	1.1207e-05	2.1843e-05	1.9406e-05	4.9412e-05	9.8866e-06	3.4507e-05	1.8081e-05	3.4963e-05	2.1288e-05	0.00019193	1.1255e-06	9.0338e-06	1.3152e-07	1.698e-07	1.2674e-08	2.7394e-08	1.7418e-09	1.025e-08	1.9015e-09	5.3266e-09	1.7314e-09	5.7021e-09	1.2737e-09	3.1356e-09	5.6713e-10	1.5881e-09	1.8614e-10	6.0874e-10	3.1379e-10	9.0551e-10	2.9448e-10	7.9094e-10	1.7405e-10	9.3448e-10	1.9718e-10	1.146e-09	2.193e-10	5.4112e-10	1.3e-10	1.3467e-09	1.2034e-10	3.5997e-10	8.5656e-11	3.1942e-10	3.7791e-11	3.6045e-10	6.1961e-11	2.8164e-10	7.0273e-11	2.8188e-10	1.067e-10	1.7711e-10	3.6156e-11	1.795e-10	2.6185e-11	1.6356e-10	1.474e-11	1.6372e-10	5.6577e-11	2.4323e-10	1.6e-10	3.0399e-10	5.6679e-11	9.936e-11	3.0461e-11	2.8442e-10	1.4817e-11	1.6621e-11	1.0065e-11
295.481	0.45512	0.072351	0.0002861	0.00015079	0.00060487	0.0019013	0.00052125	0.001777	4.5325e-05	0.00029562	6.6439e-05	0.00037908	7.0885e-05	0.00026019	1.1982e-05	4.8147e-05	1.1247e-05	2.1887e-05	1.9412e-05	4.9349e-05	9.8707e-06	3.4472e-05	1.802e-05	3.4899e-05	2.1224e-05	0.00019165	1.1278e-06	9.0462e-06	1.3135e-07	1.6971e-07	1.2662e-08	2.7347e-08	1.7387e-09	1.0239e-08	1.8982e-09	5.3209e-09	1.7292e-09	5.6946e-09	1.2713e-09	3.1299e-09	5.6625e-10	1.5854e-09	1.858e-10	6.0792e-10	3.1328e-10	9.0442e-10	2.9407e-10	7.9024e-10	1.7389e-10	9.3305e-10	1.969e-10	1.1452e-09	2.1901e-10	5.4036e-10	1.2982e-10	1.3458e-09	1.202e-10	3.5946e-10	8.5536e-11	3.1901e-10	3.7733e-11	3.5991e-10	6.1877e-11	2.8144e-10	7.0213e-11	2.8168e-10	1.0663e-10	1.7698e-10	3.613e-11	1.7938e-10	2.6166e-11	1.6345e-10	1.473e-11	1.6354e-10	5.6522e-11	2.4268e-10	1.5967e-10	3.0331e-10	5.6577e-11	9.9148e-11	3.0409e-11	2.8393e-10	1.4789e-11	1.6593e-11	1.0047e-11
299.587	0.45622	0.072173	0.00028585	0.00015107	0.00060476	0.0018975	0.00052077	0.0017734	4.5247e-05	0.0002949	6.64e-05	0.00037793	7.0852e-05	0.00025975	1.1997e-05	4.8133e-05	1.1292e-05	2.1937e-05	1.9443e-05	4.9271e-05	9.8567e-06	3.4397e-05	1.7959e-05	3.4828e-05	2.1155e-05	0.00019147	1.129e-06	9.0454e-06	1.3111e-07	1.6941e-07	1.2641e-08	2.73e-08	1.7358e-09	1.0228e-08	1.8955e-09	5.316e-09	1.7272e-09	5.6879e-09	1.2695e-09	3.1254e-09	5.6523e-10	1.5831e-09	1.8553e-10	6.0715e-10	3.1284e-10	9.034e-10	2.9369e-10	7.8933e-10	1.7368e-10	9.3171e-10	1.9663e-10	1.1443e-09	2.1869e-10	5.3991e-10	1.2964e-10	1.3447e-09	1.201e-10	3.5897e-10	8.5417e-11	3.1851e-10	3.7681e-11	3.5956e-10	6.1783e-11	2.8121e-10	7.0156e-11	2.8141e-10	1.0653e-10	1.7684e-10	3.6101e-11	1.7906e-10	2.6136e-11	1.6307e-10	1.4696e-11	1.6316e-10	5.6391e-11	2.4224e-10	1.5935e-10	3.0274e-10	5.6459e-11	9.897e-11	3.0421e-11	2.8421e-10	1.4782e-11	1.656e-11	1.0028e-11
303.751	0.45725	0.071964	0.00028563	0.00015136	0.00060389	0.0018927	0.00052006	0.0017692	4.5175e-05	0.00029392	6.6214e-05	0.00037683	7.0777e-05	0.00025911	1.2022e-05	4.8089e-05	1.131e-05	2.1995e-05	1.9488e-05	4.9164e-05	9.8489e-06	3.4311e-05	1.7911e-05	3.4725e-05	2.1087e-05	0.0001913	1.1299e-06	9.0333e-06	1.3084e-07	1.6907e-07	1.2617e-08	2.7258e-08	1.7332e-09	1.0216e-08	1.893e-09	5.3085e-09	1.7254e-09	5.6818e-09	1.2678e-09	3.1212e-09	5.6437e-10	1.5811e-09	1.8527e-10	6.0642e-10	3.1244e-10	9.0249e-10	2.9332e-10	7.8796e-10	1.7339e-10	9.3026e-10	1.963e-10	1.1421e-09	2.1835e-10	5.3943e-10	1.2953e-10	1.3422e-09	1.1999e-10	3.5864e-10	8.5272e-11	3.1813e-10	3.7621e-11	3.5923e-10	6.1727e-11	2.806e-10	7.0069e-11	2.8073e-10	1.0627e-10	1.7642e-10	3.6047e-11	1.7866e-10	2.6073e-11	1.6274e-10	1.4666e-11	1.6285e-10	5.6281e-11	2.4228e-10	1.5922e-10	3.0271e-10	5.6383e-11	9.9061e-11	3.0418e-11	2.8402e-10	1.4794e-11	1.6534e-11	1.0015e-11
307.972	0.45819	0.071691	0.00028522	0.00015168	0.00060287	0.0018864	0.00051887	0.0017631	4.5118e-05	0.00029335	6.6033e-05	0.00037623	7.0566e-05	0.00025835	1.2026e-05	4.8011e-05	1.1325e-05	2.203e-05	1.9527e-05	4.9021e-05	9.8312e-06	3.4216e-05	1.7847e-05	3.4612e-05	2.1034e-05	0.00019093	1.1309e-06	9.0225e-06	1.3066e-07	1.6873e-07	1.2597e-08	2.7221e-08	1.7309e-09	1.0198e-08	1.8906e-09	5.2991e-09	1.7228e-09	5.6741e-09	1.2662e-09	3.1172e-09	5.6358e-10	1.5791e-09	1.8503e-10	6.0576e-10	3.1207e-10	9.0099e-10	2.93e-10	7.8674e-10	1.7312e-10	9.2866e-10	1.9607e-10	1.1395e-09	2.1813e-10	5.3847e-10	1.294e-10	1.3391e-09	1.1973e-10	3.5829e-10	8.5175e-11	3.1782e-10	3.7561e-11	3.5877e-10	6.1666e-11	2.7998e-10	6.9893e-11	2.8015e-10	1.0605e-10	1.7604e-10	3.5959e-11	1.7835e-10	2.6021e-11	1.6265e-10	1.4657e-11	1.629e-10	5.6283e-11	2.4226e-10	1.5937e-10	3.0277e-10	5.6449e-11	9.898e-11	3.0356e-11	2.8344e-10	1.4765e-11	1.6511e-11	1.0002e-11
312.252	0.45905	0.071509	0.00028478	0.00015201	0.00060181	0.0018826	0.00051829	0.0017591	4.5079e-05	0.00029295	6.5863e-05	0.0003759	7.0363e-05	0.00025802	1.2018e-05	4.8009e-05	1.134e-05	2.207e-05	1.9524e-05	4.8955e-05	9.809e-06	3.4151e-05	1.7782e-05	3.4509e-05	2.0964e-05	0.00019051	1.1326e-06	9.0157e-06	1.3044e-07	1.6852e-07	1.2578e-08	2.7186e-08	1.7287e-09	1.018e-08	1.8882e-09	5.2904e-09	1.7196e-09	5.6632e-09	1.2647e-09	3.1135e-09	5.6284e-10	1.5771e-09	1.8481e-10	6.0464e-10	3.1163e-10	8.9936e-10	2.9249e-10	7.8531e-10	1.728e-10	9.2764e-10	1.9585e-10	1.1376e-09	2.1789e-10	5.3714e-10	1.2911e-10	1.3366e-09	1.1945e-10	3.5752e-10	8.5082e-11	3.1743e-10	3.7519e-11	3.5784e-10	6.1551e-11	2.7967e-10	6.9746e-11	2.8008e-10	1.0601e-10	1.7593e-10	3.5884e-11	1.7855e-10	2.6023e-11	1.6272e-10	1.4665e-11	1.6283e-10	5.6276e-11	2.4176e-10	1.5904e-10	3.0214e-10	5.6348e-11	9.8767e-11	3.0287e-11	2.8282e-10	1.4731e-11	1.6486e-11	9.985e-12
316.592	0.45985	0.071373	0.00028434	0.00015235	0.00060119	0.0018799	0.00051805	0.0017562	4.4984e-05	0.00029279	6.5738e-05	0.00037549	7.0178e-05	0.00025783	1.2011e-05	4.8031e-05	1.1364e-05	2.2112e-05	1.9521e-05	4.8914e-05	9.7843e-06	3.4064e-05	1.7721e-05	3.4422e-05	2.0891e-05	0.00019011	1.1331e-06	9.011e-06	1.3014e-07	1.6816e-07	1.256e-08	2.7145e-08	1.726e-09	1.0161e-08	1.8844e-09	5.28e-09	1.7166e-09	5.6533e-09	1.2622e-09	3.1073e-09	5.6205e-10	1.5739e-09	1.8446e-10	6.0351e-10	3.11e-10	8.9777e-10	2.9193e-10	7.8397e-10	1.7252e-10	9.2654e-10	1.9556e-10	1.1388e-09	2.1744e-10	5.3597e-10	1.2879e-10	1.3379e-09	1.1929e-10	3.5663e-10	8.495e-11	3.1657e-10	3.7475e-11	3.5704e-10	6.1392e-11	2.7989e-10	6.9747e-11	2.8007e-10	1.0602e-10	1.7599e-10	3.5904e-11	1.7826e-10	2.6013e-11	1.6237e-10	1.4633e-11	1.6247e-10	5.6153e-11	2.4117e-10	1.5867e-10	3.0142e-10	5.6217e-11	9.8544e-11	3.0238e-11	2.8237e-10	1.4704e-11	1.6455e-11	9.9654e-12
320.991	0.46042	0.071298	0.00028381	0.00015264	0.00060007	0.0018787	0.00051826	0.0017551	4.4877e-05	0.00029206	6.5551e-05	0.00037427	7.0033e-05	0.00025776	1.2011e-05	4.8085e-05	1.1381e-05	2.2156e-05	1.9522e-05	4.8906e-05	9.7671e-06	3.3963e-05	1.7663e-05	3.43e-05	2.0823e-05	0.00018983	1.1337e-06	8.9957e-06	1.2989e-07	1.6779e-07	1.2541e-08	2.7088e-08	1.7223e-09	1.0142e-08	1.8808e-09	5.2715e-09	1.713e-09	5.642e-09	1.2597e-09	3.1013e-09	5.6086e-10	1.5709e-09	1.8409e-10	6.0237e-10	3.1042e-10	8.959e-10	2.9139e-10	7.8296e-10	1.7229e-10	9.2465e-10	1.9501e-10	1.1366e-09	2.1687e-10	5.3642e-10	1.2858e-10	1.3357e-09	1.1939e-10	3.5601e-10	8.4711e-11	3.1582e-10	3.739e-11	3.5698e-10	6.1252e-11	2.7926e-10	6.9712e-11	2.7943e-10	1.0578e-10	1.7559e-10	3.5867e-11	1.7783e-10	2.5953e-11	1.6197e-10	1.4597e-11	1.6207e-10	5.6012e-11	2.4076e-10	1.5835e-10	3.0087e-10	5.6097e-11	9.8378e-11	3.0187e-11	2.819e-10	1.4679e-11	1.642e-11	9.9448e-12
325.452	0.46082	0.071094	0.00028344	0.00015284	0.00059884	0.001874	0.00051755	0.0017511	4.4765e-05	0.00029111	6.5332e-05	0.00037308	6.9813e-05	0.00025703	1.201e-05	4.8028e-05	1.1389e-05	2.2202e-05	1.9535e-05	4.8788e-05	9.7455e-06	3.3872e-05	1.7606e-05	3.4184e-05	2.0759e-05	0.00018937	1.1344e-06	8.9782e-06	1.2965e-07	1.6745e-07	1.2513e-08	2.7035e-08	1.719e-09	1.0128e-08	1.877e-09	5.2642e-09	1.7101e-09	5.6314e-09	1.2572e-09	3.095e-09	5.5974e-10	1.5677e-09	1.8373e-10	6.0106e-10	3.0977e-10	8.9452e-10	2.9075e-10	7.8189e-10	1.7206e-10	9.2207e-10	1.9454e-10	1.1337e-09	2.1639e-10	5.3561e-10	1.2869e-10	1.3324e-09	1.1911e-10	3.563e-10	8.4509e-11	3.1562e-10	3.7289e-11	3.568e-10	6.1298e-11	2.7855e-10	6.9545e-11	2.787e-10	1.055e-10	1.7514e-10	3.5779e-11	1.7742e-10	2.5886e-11	1.6165e-10	1.4568e-11	1.6178e-10	5.5909e-11	2.4033e-10	1.5807e-10	3.0034e-10	5.5998e-11	9.8205e-11	3.013e-11	2.8135e-10	1.4652e-11	1.6387e-11	9.9263e-12
329.975	0.46116	0.070829	0.00028308	0.00015306	0.00059773	0.0018679	0.00051634	0.0017453	4.4688e-05	0.0002902	6.5096e-05	0.00037197	6.9567e-05	0.00025629	1.1996e-05	4.7953e-05	1.1394e-05	2.2237e-05	1.9528e-05	4.865e-05	9.7184e-06	3.3785e-05	1.7546e-05	3.4074e-05	2.0697e-05	0.00018892	1.1353e-06	8.9611e-06	1.2942e-07	1.6714e-07	1.2487e-08	2.6975e-08	1.7152e-09	1.0114e-08	1.8729e-09	5.2564e-09	1.7076e-09	5.6231e-09	1.2543e-09	3.088e-09	5.5853e-10	1.5644e-09	1.8331e-10	6.0012e-10	3.0915e-10	8.932e-10	2.9027e-10	7.7981e-10	1.7158e-10	9.198e-10	1.9448e-10	1.1311e-09	2.1654e-10	5.3423e-10	1.2839e-10	1.3292e-09	1.1879e-10	3.5551e-10	8.4495e-11	3.1554e-10	3.7212e-11	3.5591e-10	6.1199e-11	2.7794e-10	6.9357e-11	2.7815e-10	1.0529e-10	1.7477e-10	3.5687e-11	1.7709e-10	2.5837e-11	1.6135e-10	1.454e-11	1.6148e-10	5.5805e-11	2.3985e-10	1.5777e-10	2.9975e-10	5.5893e-11	9.8003e-11	3.0063e-11	2.8071e-10	1.4621e-11	1.636e-11	9.9115e-12
334.561	0.46176	0.070572	0.00028259	0.00015324	0.00059671	0.0018619	0.00051518	0.0017396	4.4575e-05	0.00028947	6.4908e-05	0.00037111	6.9305e-05	0.00025557	1.1979e-05	4.788e-05	1.1403e-05	2.2263e-05	1.9512e-05	4.8516e-05	9.6947e-06	3.37e-05	1.7475e-05	3.3969e-05	2.063e-05	0.00018851	1.1364e-06	8.9502e-06	1.292e-07	1.6684e-07	1.2459e-08	2.6919e-08	1.7117e-09	1.0087e-08	1.87e-09	5.2401e-09	1.7048e-09	5.6143e-09	1.2523e-09	3.0831e-09	5.573e-10	1.5619e-09	1.8301e-10	5.9918e-10	3.0866e-10	8.9148e-10	2.8982e-10	7.776e-10	1.711e-10	9.2031e-10	1.9433e-10	1.1288e-09	2.1612e-10	5.3286e-10	1.2804e-10	1.3265e-09	1.1852e-10	3.5454e-10	8.4419e-11	3.1473e-10	3.7235e-11	3.5492e-10	6.1035e-11	2.7739e-10	6.922e-11	2.7761e-10	1.0509e-10	1.7443e-10	3.5617e-11	1.7675e-10	2.5786e-11	1.6102e-10	1.4511e-11	1.6114e-10	5.5689e-11	2.393e-10	1.5742e-10	2.9907e-10	5.577e-11	9.7772e-11	2.9991e-11	2.8005e-10	1.4585e-11	1.6337e-11	9.8985e-12
339.211	0.46248	0.070357	0.00028174	0.00015344	0.00059572	0.0018571	0.00051432	0.0017349	4.4452e-05	0.00028868	6.4696e-05	0.00036988	6.9104e-05	0.00025507	1.1964e-05	4.7844e-05	1.1413e-05	2.2291e-05	1.949e-05	4.8417e-05	9.6719e-06	3.3615e-05	1.7406e-05	3.3867e-05	2.0551e-05	0.00018813	1.1369e-06	8.9313e-06	1.2889e-07	1.6651e-07	1.2431e-08	2.6874e-08	1.7088e-09	1.0057e-08	1.8668e-09	5.2254e-09	1.6994e-09	5.5979e-09	1.2502e-09	3.078e-09	5.5636e-10	1.5593e-09	1.827e-10	5.9787e-10	3.0815e-10	8.8862e-10	2.8923e-10	7.7617e-10	1.7083e-10	9.1864e-10	1.9381e-10	1.1265e-09	2.1552e-10	5.3176e-10	1.2772e-10	1.3238e-09	1.1827e-10	3.5366e-10	8.419e-11	3.1382e-10	3.715e-11	3.5417e-10	6.0873e-11	2.7681e-10	6.9078e-11	2.77e-10	1.0486e-10	1.7406e-10	3.5544e-11	1.7634e-10	2.573e-11	1.6064e-10	1.4477e-11	1.6075e-10	5.5555e-11	2.387e-10	1.5701e-10	2.9831e-10	5.5628e-11	9.7533e-11	2.9924e-11	2.7945e-10	1.4552e-11	1.6307e-11	9.8772e-12
343.925	0.46314	0.070135	0.00028101	0.00015369	0.00059462	0.0018519	0.00051341	0.0017303	4.4339e-05	0.00028763	6.4444e-05	0.00036849	6.886e-05	0.00025438	1.1955e-05	4.7784e-05	1.1413e-05	2.2311e-05	1.9483e-05	4.8297e-05	9.6497e-06	3.3503e-05	1.7334e-05	3.3752e-05	2.0476e-05	0.00018777	1.1369e-06	8.9118e-06	1.2857e-07	1.6608e-07	1.2409e-08	2.6827e-08	1.7058e-09	1.0035e-08	1.8619e-09	5.2192e-09	1.6945e-09	5.5811e-09	1.2473e-09	3.0705e-09	5.5538e-10	1.555e-09	1.8228e-10	5.9592e-10	3.0724e-10	8.8615e-10	2.8828e-10	7.7646e-10	1.7085e-10	9.16e-10	1.9323e-10	1.1238e-09	2.1494e-10	5.3062e-10	1.2745e-10	1.3206e-09	1.1801e-10	3.5289e-10	8.3941e-11	3.1311e-10	3.7042e-11	3.5341e-10	6.0742e-11	2.7614e-10	6.8919e-11	2.7632e-10	1.046e-10	1.7363e-10	3.546e-11	1.7588e-10	2.5665e-11	1.6021e-10	1.4438e-11	1.6033e-10	5.541e-11	2.3814e-10	1.5663e-10	2.976e-10	5.5492e-11	9.7316e-11	2.987e-11	2.7896e-10	1.4524e-11	1.6261e-11	9.8434e-12
348.704	0.46359	0.069846	0.00028091	0.00015392	0.00059311	0.0018451	0.00051198	0.0017238	4.4233e-05	0.00028649	6.4218e-05	0.00036701	6.8588e-05	0.00025352	1.1934e-05	4.7686e-05	1.1416e-05	2.2337e-05	1.9466e-05	4.8138e-05	9.6282e-06	3.3395e-05	1.7264e-05	3.3622e-05	2.0396e-05	0.00018734	1.1371e-06	8.8944e-06	1.2825e-07	1.6567e-07	1.2386e-08	2.6744e-08	1.7004e-09	1.0039e-08	1.8559e-09	5.2167e-09	1.6925e-09	5.5706e-09	1.2431e-09	3.0603e-09	5.5381e-10	1.55e-09	1.8167e-10	5.9421e-10	3.0628e-10	8.8567e-10	2.8745e-10	7.7425e-10	1.7037e-10	9.134e-10	1.9279e-10	1.1207e-09	2.1445e-10	5.293e-10	1.2716e-10	1.3171e-09	1.1772e-10	3.5209e-10	8.3751e-11	3.124e-10	3.6941e-11	3.5256e-10	6.0605e-11	2.7538e-10	6.8739e-11	2.7556e-10	1.0431e-10	1.7315e-10	3.5366e-11	1.7542e-10	2.5596e-11	1.5981e-10	1.4402e-11	1.5995e-10	5.5274e-11	2.3768e-10	1.5631e-10	2.9703e-10	5.5372e-11	9.7135e-11	2.9821e-11	2.7851e-10	1.4499e-11	1.6205e-11	9.8152e-12
353.551	0.46392	0.069537	0.00028058	0.0001539	0.00059169	0.0018377	0.0005104	0.0017169	4.4129e-05	0.00028545	6.3998e-05	0.00036583	6.8339e-05	0.00025259	1.1914e-05	4.7573e-05	1.142e-05	2.2369e-05	1.9438e-05	4.7964e-05	9.5985e-06	3.3282e-05	1.7201e-05	3.3497e-05	2.0319e-05	0.00018682	1.1368e-06	8.8782e-06	1.279e-07	1.6523e-07	1.2348e-08	2.6658e-08	1.695e-09	1.001e-08	1.8508e-09	5.2013e-09	1.6913e-09	5.5706e-09	1.2394e-09	3.0513e-09	5.5198e-10	1.5461e-09	1.8113e-10	5.9404e-10	3.0564e-10	8.8451e-10	2.8726e-10	7.7182e-10	1.6983e-10	9.1124e-10	1.9234e-10	1.1177e-09	2.1395e-10	5.2783e-10	1.2683e-10	1.3135e-09	1.1738e-10	3.5118e-10	8.3554e-11	3.1163e-10	3.6854e-11	3.5161e-10	6.0449e-11	2.7466e-10	6.8547e-11	2.7486e-10	1.0405e-10	1.7271e-10	3.5269e-11	1.7502e-10	2.5532e-11	1.5948e-10	1.4372e-11	1.5963e-10	5.5164e-11	2.3727e-10	1.5603e-10	2.965e-10	5.5268e-11	9.6971e-11	2.9752e-11	2.7782e-10	1.4468e-11	1.6164e-11	9.7893e-12
358.464	0.46419	0.069249	0.00027976	0.00015391	0.00059012	0.0018309	0.00050894	0.0017103	4.4017e-05	0.00028453	6.3782e-05	0.00036447	6.8099e-05	0.00025182	1.1896e-05	4.7483e-05	1.1424e-05	2.2396e-05	1.9417e-05	4.7813e-05	9.5695e-06	3.3165e-05	1.7136e-05	3.3362e-05	2.025e-05	0.00018633	1.1369e-06	8.8629e-06	1.2763e-07	1.648e-07	1.2306e-08	2.6602e-08	1.6918e-09	9.978e-09	1.8511e-09	5.1842e-09	1.6861e-09	5.5537e-09	1.2391e-09	3.0511e-09	5.5052e-10	1.5464e-09	1.8107e-10	5.9299e-10	3.0565e-10	8.8176e-10	2.8686e-10	7.6966e-10	1.6936e-10	9.0901e-10	1.9184e-10	1.1151e-09	2.1337e-10	5.2635e-10	1.2645e-10	1.3104e-09	1.1706e-10	3.5014e-10	8.3336e-11	3.1076e-10	3.6763e-11	3.5059e-10	6.0274e-11	2.7404e-10	6.8369e-11	2.7428e-10	1.0383e-10	1.7233e-10	3.5181e-11	1.7467e-10	2.5478e-11	1.5918e-10	1.4345e-11	1.5934e-10	5.5063e-11	2.367e-10	1.5569e-10	2.9581e-10	5.5157e-11	9.6718e-11	2.9647e-11	2.7677e-10	1.4422e-11	1.6118e-11	9.7655e-12
363.446	0.46454	0.068995	0.00027887	0.00015412	0.00058858	0.0018249	0.00050774	0.0017048	4.3875e-05	0.00028332	6.3572e-05	0.00036294	6.7864e-05	0.00025103	1.1879e-05	4.7398e-05	1.1429e-05	2.2387e-05	1.9397e-05	4.767e-05	9.5396e-06	3.3067e-05	1.705e-05	3.3238e-05	2.018e-05	0.00018578	1.1372e-06	8.8451e-06	1.2736e-07	1.6444e-07	1.2275e-08	2.6598e-08	1.6911e-09	9.9487e-09	1.8462e-09	5.1702e-09	1.6804e-09	5.5351e-09	1.2366e-09	3.0444e-09	5.5055e-10	1.542e-09	1.8072e-10	5.9107e-10	3.0469e-10	8.7882e-10	2.8594e-10	7.6769e-10	1.6893e-10	9.0648e-10	1.9128e-10	1.1128e-09	2.1273e-10	5.2502e-10	1.2609e-10	1.3077e-09	1.1678e-10	3.4915e-10	8.3092e-11	3.0983e-10	3.666e-11	3.4964e-10	6.01e-11	2.7349e-10	6.8219e-11	2.7375e-10	1.0362e-10	1.7199e-10	3.5105e-11	1.7431e-10	2.543e-11	1.588e-10	1.4311e-11	1.5893e-10	5.4925e-11	2.3585e-10	1.552e-10	2.9478e-10	5.4994e-11	9.6337e-11	2.9547e-11	2.7591e-10	1.4369e-11	1.6085e-11	9.7419e-12
368.497	0.46485	0.068669	0.00027817	0.00015451	0.00058729	0.001817	0.00050599	0.0016975	4.3739e-05	0.00028218	6.3307e-05	0.00036154	6.7626e-05	0.00025004	1.1863e-05	4.7271e-05	1.1427e-05	2.2383e-05	1.9378e-05	4.7484e-05	9.5078e-06	3.2966e-05	1.696e-05	3.3122e-05	2.0083e-05	0.00018529	1.1375e-06	8.8223e-06	1.2698e-07	1.6407e-07	1.2275e-08	2.6511e-08	1.6857e-09	9.9223e-09	1.84e-09	5.1565e-09	1.6758e-09	5.5187e-09	1.2325e-09	3.0341e-09	5.4894e-10	1.5367e-09	1.8012e-10	5.891e-10	3.0364e-10	8.7648e-10	2.8495e-10	7.6562e-10	1.6847e-10	9.0368e-10	1.9069e-10	1.1103e-09	2.121e-10	5.2386e-10	1.2578e-10	1.3048e-09	1.1654e-10	3.4827e-10	8.2837e-11	3.0894e-10	3.6545e-11	3.4884e-10	5.9942e-11	2.7284e-10	6.8082e-11	2.7304e-10	1.0336e-10	1.7157e-10	3.5035e-11	1.738e-10	2.5362e-11	1.5826e-10	1.4262e-11	1.5832e-10	5.4721e-11	2.3503e-10	1.5459e-10	2.9372e-10	5.4766e-11	9.6035e-11	2.9461e-11	2.751e-10	1.4328e-11	1.6037e-11	9.7125e-12
373.618	0.46505	0.06836	0.00027745	0.00015448	0.00058593	0.0018096	0.00050434	0.0016905	4.3593e-05	0.00028109	6.3049e-05	0.00036018	6.7338e-05	0.00024916	1.1842e-05	4.716e-05	1.1422e-05	2.2419e-05	1.9358e-05	4.7313e-05	9.482e-06	3.2831e-05	1.689e-05	3.3002e-05	1.9984e-05	0.00018485	1.1358e-06	8.801e-06	1.265e-07	1.6349e-07	1.2235e-08	2.6417e-08	1.6796e-09	9.8946e-09	1.834e-09	5.1417e-09	1.6712e-09	5.5035e-09	1.2283e-09	3.024e-09	5.4701e-10	1.5318e-09	1.795e-10	5.8747e-10	3.027e-10	8.7407e-10	2.8417e-10	7.6331e-10	1.6796e-10	9.0089e-10	1.9014e-10	1.1068e-09	2.1153e-10	5.227e-10	1.255e-10	1.3008e-09	1.1625e-10	3.4749e-10	8.26e-11	3.082e-10	3.6434e-11	3.4811e-10	5.9804e-11	2.7191e-10	6.7893e-11	2.7201e-10	1.0297e-10	1.7095e-10	3.4933e-11	1.7305e-10	2.5262e-11	1.5765e-10	1.4207e-11	1.5777e-10	5.4525e-11	2.3432e-10	1.5414e-10	2.9284e-10	5.4608e-11	9.5741e-11	2.9378e-11	2.7436e-10	1.4284e-11	1.5987e-11	9.6823e-12
378.81	0.46501	0.068064	0.00027664	0.00015439	0.00058379	0.0018025	0.00050278	0.0016838	4.345e-05	0.00028003	6.2785e-05	0.00035886	6.706e-05	0.0002483	1.1815e-05	4.7054e-05	1.1417e-05	2.2462e-05	1.9322e-05	4.7149e-05	9.4553e-06	3.2678e-05	1.6854e-05	3.2829e-05	1.9909e-05	0.0001844	1.1344e-06	8.7772e-06	1.2606e-07	1.6288e-07	1.2191e-08	2.6334e-08	1.6744e-09	9.8639e-09	1.8287e-09	5.1254e-09	1.6662e-09	5.4875e-09	1.2248e-09	3.0153e-09	5.4521e-10	1.5274e-09	1.7899e-10	5.858e-10	3.0184e-10	8.7143e-10	2.8336e-10	7.6075e-10	1.6739e-10	8.9836e-10	1.8967e-10	1.102e-09	2.1103e-10	5.211e-10	1.2518e-10	1.2951e-09	1.1585e-10	3.4663e-10	8.2396e-11	3.0751e-10	3.6335e-11	3.471e-10	5.9665e-11	2.708e-10	6.7618e-11	2.71e-10	1.0259e-10	1.7028e-10	3.4783e-11	1.7253e-10	2.5172e-11	1.5717e-10	1.4164e-11	1.5728e-10	5.4356e-11	2.3363e-10	1.5364e-10	2.9196e-10	5.4431e-11	9.5477e-11	2.9301e-11	2.736e-10	1.425e-11	1.5936e-11	9.6533e-12
384.075	0.46491	0.067776	0.00027575	0.00015438	0.00058156	0.0017956	0.00050127	0.0016773	4.3325e-05	0.00027902	6.251e-05	0.00035753	6.677e-05	0.00024746	1.179e-05	4.6951e-05	1.1408e-05	2.2452e-05	1.9288e-05	4.6989e-05	9.4195e-06	3.2546e-05	1.6765e-05	3.2667e-05	1.9871e-05	0.00018365	1.1348e-06	8.7554e-06	1.26e-07	1.6246e-07	1.215e-08	2.6256e-08	1.6695e-09	9.8297e-09	1.8233e-09	5.1078e-09	1.6607e-09	5.4697e-09	1.2212e-09	3.0064e-09	5.436e-10	1.5229e-09	1.7846e-10	5.8395e-10	3.0093e-10	8.6851e-10	2.8247e-10	7.5831e-10	1.6686e-10	8.9612e-10	1.8923e-10	1.0986e-09	2.105e-10	5.1874e-10	1.2474e-10	1.2911e-09	1.1536e-10	3.4543e-10	8.2208e-11	3.0662e-10	3.6246e-11	3.4567e-10	5.9475e-11	2.6995e-10	6.7372e-11	2.7013e-10	1.0226e-10	1.6974e-10	3.4665e-11	1.7195e-10	2.5091e-11	1.5666e-10	1.4118e-11	1.5681e-10	5.4191e-11	2.33e-10	1.5326e-10	2.9119e-10	5.429e-11	9.5201e-11	2.9204e-11	2.7269e-10	1.4202e-11	1.5894e-11	9.6307e-12
389.412	0.46483	0.067499	0.00027483	0.00015438	0.00057999	0.001789	0.00049982	0.0016711	4.3195e-05	0.00027785	6.2275e-05	0.00035593	6.648e-05	0.00024666	1.1761e-05	4.6855e-05	1.1405e-05	2.2434e-05	1.9251e-05	4.6836e-05	9.3775e-06	3.2504e-05	1.6671e-05	3.2565e-05	1.9772e-05	0.00018295	1.1361e-06	8.7365e-06	1.2565e-07	1.6235e-07	1.2113e-08	2.6174e-08	1.6643e-09	9.7972e-09	1.8173e-09	5.0912e-09	1.6549e-09	5.4502e-09	1.2172e-09	2.9966e-09	5.4193e-10	1.5179e-09	1.7788e-10	5.8192e-10	2.9993e-10	8.6552e-10	2.815e-10	7.5616e-10	1.664e-10	8.9383e-10	1.8864e-10	1.0948e-09	2.0978e-10	5.1703e-10	1.242e-10	1.2866e-09	1.1499e-10	3.4389e-10	8.1948e-11	3.0536e-10	3.6149e-11	3.4437e-10	5.9199e-11	2.6903e-10	6.7148e-11	2.6928e-10	1.0193e-10	1.6919e-10	3.4548e-11	1.7148e-10	2.5014e-11	1.5625e-10	1.4081e-11	1.5636e-10	5.4038e-11	2.322e-10	1.5274e-10	2.9019e-10	5.4113e-11	9.4875e-11	2.9104e-11	2.7176e-10	1.4154e-11	1.5859e-11	9.607e-12
394.824	0.46477	0.067186	0.00027398	0.00015433	0.00057948	0.0017814	0.0004981	0.0016642	4.3006e-05	0.00027661	6.2034e-05	0.00035439	6.6225e-05	0.00024566	1.1736e-05	4.6725e-05	1.1402e-05	2.243e-05	1.9211e-05	4.665e-05	9.3406e-06	3.2364e-05	1.6584e-05	3.2472e-05	1.9668e-05	0.00018255	1.1345e-06	8.7169e-06	1.2516e-07	1.6174e-07	1.2074e-08	2.6084e-08	1.6585e-09	9.7682e-09	1.8107e-09	5.0769e-09	1.6494e-09	5.4318e-09	1.2128e-09	2.9858e-09	5.4008e-10	1.5123e-09	1.7724e-10	5.7987e-10	2.9883e-10	8.6272e-10	2.805e-10	7.542e-10	1.6597e-10	8.9075e-10	1.8781e-10	1.0918e-09	2.088e-10	5.1521e-10	1.2379e-10	1.283e-09	1.1458e-10	3.4276e-10	8.158e-11	3.0414e-10	3.6017e-11	3.4319e-10	5.9e-11	2.6832e-10	6.6936e-11	2.685e-10	1.0164e-10	1.6872e-10	3.4444e-11	1.7091e-10	2.4939e-11	1.557e-10	1.4031e-11	1.5581e-10	5.3848e-11	2.3138e-10	1.522e-10	2.8917e-10	5.3923e-11	9.4541e-11	2.9005e-11	2.7089e-10	1.4104e-11	1.5802e-11	9.5696e-12
400.311	0.46465	0.066855	0.00027326	0.00015424	0.0005772	0.0017733	0.00049623	0.0016566	4.2813e-05	0.0002754	6.1731e-05	0.00035279	6.5964e-05	0.00024466	1.1713e-05	4.659e-05	1.1391e-05	2.2424e-05	1.9181e-05	4.6459e-05	9.3308e-06	3.2205e-05	1.6501e-05	3.2305e-05	1.9573e-05	0.00018228	1.1324e-06	8.6834e-06	1.2468e-07	1.6108e-07	1.2032e-08	2.5986e-08	1.6523e-09	9.7417e-09	1.8043e-09	5.0636e-09	1.6446e-09	5.4156e-09	1.2084e-09	2.975e-09	5.3805e-10	1.507e-09	1.766e-10	5.7798e-10	2.9779e-10	8.6026e-10	2.7957e-10	7.5192e-10	1.6546e-10	8.8643e-10	1.8708e-10	1.088e-09	2.0809e-10	5.1367e-10	1.2333e-10	1.2786e-09	1.1426e-10	3.415e-10	8.127e-11	3.0308e-10	3.5849e-11	3.4207e-10	5.8786e-11	2.6734e-10	6.6728e-11	2.6752e-10	1.0127e-10	1.681e-10	3.4332e-11	1.7029e-10	2.4849e-11	1.5513e-10	1.3981e-11	1.5524e-10	5.3653e-11	2.3057e-10	1.5165e-10	2.8813e-10	5.3728e-11	9.423e-11	2.8928e-11	2.7018e-10	1.4064e-11	1.575e-11	9.5411e-12
405.874	0.46426	0.066531	0.00027254	0.00015409	0.00057473	0.0017654	0.0004944	0.0016492	4.2673e-05	0.00027409	6.1393e-05	0.00035118	6.5623e-05	0.00024366	1.1686e-05	4.6454e-05	1.1368e-05	2.2412e-05	1.9149e-05	4.6269e-05	9.2938e-06	3.2053e-05	1.6415e-05	3.2128e-05	1.9482e-05	0.00018155	1.131e-06	8.6517e-06	1.2426e-07	1.6049e-07	1.1985e-08	2.5893e-08	1.6464e-09	9.7116e-09	1.7985e-09	5.0467e-09	1.6401e-09	5.4005e-09	1.2044e-09	2.9652e-09	5.361e-10	1.5022e-09	1.7601e-10	5.763e-10	2.9686e-10	8.5794e-10	2.7874e-10	7.4884e-10	1.6476e-10	8.8333e-10	1.864e-10	1.0839e-09	2.0731e-10	5.1189e-10	1.2298e-10	1.2738e-09	1.1384e-10	3.4051e-10	8.0972e-11	3.0204e-10	3.5724e-11	3.4097e-10	5.8606e-11	2.6635e-10	6.6479e-11	2.6653e-10	1.0089e-10	1.6748e-10	3.4204e-11	1.6966e-10	2.4756e-11	1.5456e-10	1.3929e-11	1.547e-10	5.346e-11	2.2994e-10	1.512e-10	2.8733e-10	5.356e-11	9.3976e-11	2.8853e-11	2.6939e-10	1.4029e-11	1.5699e-11	9.5101e-12
411.515	0.46379	0.066185	0.00027158	0.00015397	0.00057251	0.001757	0.00049239	0.0016414	4.2601e-05	0.00027294	6.1096e-05	0.00034977	6.5265e-05	0.0002426	1.1642e-05	4.6305e-05	1.1348e-05	2.2392e-05	1.9095e-05	4.6065e-05	9.2502e-06	3.1912e-05	1.6324e-05	3.1973e-05	1.9388e-05	0.00018077	1.1297e-06	8.6342e-06	1.2383e-07	1.5994e-07	1.1941e-08	2.581e-08	1.6412e-09	9.6712e-09	1.7932e-09	5.0237e-09	1.6344e-09	5.3828e-09	1.2008e-09	2.9564e-09	5.3434e-10	1.4978e-09	1.7548e-10	5.7462e-10	2.9601e-10	8.5482e-10	2.7796e-10	7.4539e-10	1.6402e-10	8.7993e-10	1.8576e-10	1.0798e-09	2.0667e-10	5.0992e-10	1.2251e-10	1.269e-09	1.134e-10	3.3923e-10	8.0699e-11	3.0106e-10	3.5585e-11	3.3967e-10	5.8394e-11	2.6533e-10	6.6224e-11	2.6554e-10	1.0052e-10	1.6684e-10	3.4074e-11	1.6911e-10	2.4667e-11	1.541e-10	1.3887e-11	1.5426e-10	5.3307e-11	2.2932e-10	1.508e-10	2.8659e-10	5.3416e-11	9.3684e-11	2.8728e-11	2.6829e-10	1.3972e-11	1.5652e-11	9.4812e-12
417.234	0.46314	0.065876	0.00027023	0.00015393	0.00057037	0.0017495	0.00049063	0.0016342	4.2404e-05	0.00027181	6.097e-05	0.00034833	6.4977e-05	0.00024171	1.1602e-05	4.6186e-05	1.1359e-05	2.2367e-05	1.9032e-05	4.5891e-05	9.2085e-06	3.1766e-05	1.6229e-05	3.1818e-05	1.9287e-05	0.00018011	1.128e-06	8.6229e-06	1.2336e-07	1.5935e-07	1.1901e-08	2.5734e-08	1.6364e-09	9.6252e-09	1.7874e-09	5.0019e-09	1.6266e-09	5.3588e-09	1.1971e-09	2.9472e-09	5.3273e-10	1.4929e-09	1.7495e-10	5.7245e-10	2.95e-10	8.5053e-10	2.7692e-10	7.4258e-10	1.634e-10	8.7709e-10	1.8512e-10	1.0763e-09	2.0589e-10	5.0792e-10	1.2203e-10	1.2647e-09	1.1296e-10	3.379e-10	8.0416e-11	2.9987e-10	3.5475e-11	3.3833e-10	5.8165e-11	2.645e-10	6.598e-11	2.6475e-10	1.0022e-10	1.6634e-10	3.3953e-11	1.6863e-10	2.4594e-11	1.5368e-10	1.385e-11	1.538e-10	5.3156e-11	2.283e-10	1.5019e-10	2.8531e-10	5.3215e-11	9.3297e-11	2.8635e-11	2.674e-10	1.3923e-11	1.5589e-11	9.4391e-12
423.032	0.46226	0.065574	0.00026914	0.00015389	0.00056812	0.0017421	0.00048892	0.0016274	4.2193e-05	0.00027054	6.0655e-05	0.00034646	6.4826e-05	0.0002408	1.1586e-05	4.6065e-05	1.1349e-05	2.2345e-05	1.8987e-05	4.5717e-05	9.1701e-06	3.1611e-05	1.6136e-05	3.1655e-05	1.9182e-05	0.00017944	1.1259e-06	8.5902e-06	1.2285e-07	1.5872e-07	1.1864e-08	2.5643e-08	1.6305e-09	9.5881e-09	1.7798e-09	4.9822e-09	1.6196e-09	5.3338e-09	1.1924e-09	2.9353e-09	5.3092e-10	1.4864e-09	1.7426e-10	5.6944e-10	2.9367e-10	8.4706e-10	2.7549e-10	7.3966e-10	1.6277e-10	8.7371e-10	1.8437e-10	1.0732e-09	2.0506e-10	5.0614e-10	1.2154e-10	1.261e-09	1.1259e-10	3.3654e-10	8.0091e-11	2.9866e-10	3.5334e-11	3.3705e-10	5.793e-11	2.6375e-10	6.578e-11	2.6398e-10	9.9931e-11	1.6587e-10	3.3852e-11	1.6799e-10	2.4518e-11	1.5301e-10	1.3789e-11	1.5312e-10	5.2917e-11	2.2753e-10	1.4964e-10	2.8435e-10	5.3009e-11	9.2976e-11	2.8531e-11	2.6647e-10	1.3873e-11	1.5518e-11	9.3982e-12
428.911	0.4613	0.065241	0.00026805	0.00015373	0.00056568	0.0017339	0.00048698	0.00162	4.2003e-05	0.00026895	6.0307e-05	0.00034451	6.4471e-05	0.00023966	1.1565e-05	4.5907e-05	1.1323e-05	2.2335e-05	1.8986e-05	4.5508e-05	9.1304e-06	3.1444e-05	1.6053e-05	3.1483e-05	1.9081e-05	0.00017874	1.1236e-06	8.5545e-06	1.2235e-07	1.5804e-07	1.1822e-08	2.5522e-08	1.6226e-09	9.5491e-09	1.7708e-09	4.9632e-09	1.613e-09	5.3124e-09	1.186e-09	2.9197e-09	5.2855e-10	1.479e-09	1.7332e-10	5.6716e-10	2.9226e-10	8.4357e-10	2.7435e-10	7.3717e-10	1.6221e-10	8.7008e-10	1.8361e-10	1.0688e-09	2.0421e-10	5.0461e-10	1.2113e-10	1.2561e-09	1.1226e-10	3.3539e-10	7.9759e-11	2.9748e-10	3.5188e-11	3.3599e-10	5.7723e-11	2.626e-10	6.5565e-11	2.6276e-10	9.9466e-11	1.6511e-10	3.3731e-11	1.6732e-10	2.4408e-11	1.5246e-10	1.3739e-11	1.5259e-10	5.2733e-11	2.2669e-10	1.4909e-10	2.8328e-10	5.2817e-11	9.2645e-11	2.8439e-11	2.6553e-10	1.3828e-11	1.5458e-11	9.3614e-12
434.872	0.46066	0.064827	0.00026708	0.00015338	0.00056306	0.0017236	0.0004844	0.0016104	4.1818e-05	0.00026748	5.9976e-05	0.00034295	6.4096e-05	0.00023837	1.1521e-05	4.5709e-05	1.1297e-05	2.2325e-05	1.8922e-05	4.5258e-05	9.0878e-06	3.1282e-05	1.5972e-05	3.1306e-05	1.8991e-05	0.00017798	1.1215e-06	8.5246e-06	1.2189e-07	1.5739e-07	1.1766e-08	2.5399e-08	1.615e-09	9.5161e-09	1.7636e-09	4.9448e-09	1.6068e-09	5.2909e-09	1.1812e-09	2.908e-09	5.2587e-10	1.473e-09	1.7262e-10	5.6475e-10	2.9106e-10	8.4046e-10	2.7319e-10	7.3402e-10	1.6152e-10	8.664e-10	1.8288e-10	1.0645e-09	2.0348e-10	5.0262e-10	1.2076e-10	1.2509e-09	1.1176e-10	3.3436e-10	7.945e-11	2.9651e-10	3.5039e-11	3.3486e-10	5.7542e-11	2.616e-10	6.5267e-11	2.6182e-10	9.911e-11	1.6451e-10	3.3585e-11	1.6669e-10	2.432e-11	1.5187e-10	1.3687e-11	1.5202e-10	5.2533e-11	2.2593e-10	1.4859e-10	2.8237e-10	5.2634e-11	9.2302e-11	2.8303e-11	2.6427e-10	1.3766e-11	1.5387e-11	9.3199e-12
440.916	0.45999	0.064443	0.00026601	0.00015306	0.00056054	0.001714	0.00048204	0.0016015	4.1624e-05	0.00026672	5.9665e-05	0.00034208	6.3751e-05	0.00023725	1.1474e-05	4.5527e-05	1.1276e-05	2.2294e-05	1.8852e-05	4.5024e-05	9.0418e-06	3.1136e-05	1.5881e-05	3.1136e-05	1.8902e-05	0.0001772	1.1199e-06	8.4947e-06	1.2147e-07	1.5682e-07	1.1707e-08	2.5292e-08	1.6081e-09	9.4745e-09	1.7559e-09	4.9233e-09	1.6006e-09	5.2715e-09	1.176e-09	2.8952e-09	5.2367e-10	1.4666e-09	1.7187e-10	5.6267e-10	2.8985e-10	8.3708e-10	2.7216e-10	7.3083e-10	1.6081e-10	8.6317e-10	1.8228e-10	1.0604e-09	2.0283e-10	5.0048e-10	1.2021e-10	1.2461e-09	1.1132e-10	3.3287e-10	7.9188e-11	2.9551e-10	3.4913e-11	3.333e-10	5.7306e-11	2.6058e-10	6.5024e-11	2.608e-10	9.8721e-11	1.6386e-10	3.3458e-11	1.6609e-10	2.4227e-11	1.5136e-10	1.364e-11	1.5147e-10	5.2349e-11	2.2483e-10	1.4791e-10	2.8099e-10	5.2408e-11	9.1853e-11	2.817e-11	2.6307e-10	1.37e-11	1.5326e-11	9.2829e-12
447.043	0.45944	0.06423	0.00026482	0.00015279	0.00055835	0.0017092	0.00048091	0.0015964	4.1415e-05	0.00026553	5.9345e-05	0.00034015	6.3419e-05	0.0002368	1.1435e-05	4.5489e-05	1.1254e-05	2.2232e-05	1.8789e-05	4.4933e-05	8.9973e-06	3.0993e-05	1.5771e-05	3.0984e-05	1.8802e-05	0.00017645	1.1185e-06	8.4628e-06	1.2101e-07	1.5628e-07	1.1656e-08	2.5185e-08	1.6014e-09	9.4323e-09	1.7496e-09	4.9013e-09	1.5934e-09	5.2479e-09	1.1717e-09	2.8846e-09	5.2138e-10	1.4613e-09	1.7122e-10	5.6028e-10	2.8875e-10	8.3334e-10	2.7103e-10	7.2758e-10	1.6011e-10	8.6031e-10	1.816e-10	1.0565e-09	2.0193e-10	4.9851e-10	1.1973e-10	1.2415e-09	1.1088e-10	3.3151e-10	7.8884e-11	2.9408e-10	3.4799e-11	3.3202e-10	5.7058e-11	2.5966e-10	6.4769e-11	2.5986e-10	9.8371e-11	1.6329e-10	3.333e-11	1.6537e-10	2.4136e-11	1.5062e-10	1.3574e-11	1.5071e-10	5.2089e-11	2.2375e-10	1.4718e-10	2.7962e-10	5.2148e-11	9.1431e-11	2.8052e-11	2.6192e-10	1.3643e-11	1.5261e-11	9.2445e-12
453.256	0.45899	0.063916	0.00026362	0.00015254	0.00055618	0.0017013	0.00047907	0.0015897	4.1197e-05	0.00026396	5.9006e-05	0.00033812	6.3075e-05	0.00023561	1.1394e-05	4.5328e-05	1.1227e-05	2.2186e-05	1.8729e-05	4.4723e-05	8.9574e-06	3.0837e-05	1.5662e-05	3.0833e-05	1.8678e-05	0.0001758	1.116e-06	8.4281e-06	1.2045e-07	1.5565e-07	1.1606e-08	2.5089e-08	1.5952e-09	9.3905e-09	1.7418e-09	4.8808e-09	1.5863e-09	5.2246e-09	1.1666e-09	2.8721e-09	5.1947e-10	1.4548e-09	1.7049e-10	5.5779e-10	2.8747e-10	8.2964e-10	2.6982e-10	7.2503e-10	1.5955e-10	8.5658e-10	1.8076e-10	1.0518e-09	2.0109e-10	4.9667e-10	1.1925e-10	1.2361e-09	1.1049e-10	3.302e-10	7.8524e-11	2.9297e-10	3.4639e-11	3.3073e-10	5.6835e-11	2.5843e-10	6.4523e-11	2.5857e-10	9.7884e-11	1.6249e-10	3.3195e-11	1.6456e-10	2.4016e-11	1.4988e-10	1.3507e-11	1.5001e-10	5.1841e-11	2.2282e-10	1.4657e-10	2.7847e-10	5.1925e-11	9.103e-11	2.7921e-11	2.6074e-10	1.3577e-11	1.5202e-11	9.2114e-12
459.555	0.45847	0.063512	0.00026252	0.00015229	0.00055361	0.0016911	0.00047652	0.0015803	4.0986e-05	0.0002624	5.8648e-05	0.00033626	6.2712e-05	0.00023429	1.135e-05	4.5125e-05	1.1196e-05	2.214e-05	1.8665e-05	4.4472e-05	8.9184e-06	3.0645e-05	1.5561e-05	3.0653e-05	1.8559e-05	0.00017516	1.1119e-06	8.3922e-06	1.1977e-07	1.5481e-07	1.156e-08	2.4971e-08	1.5878e-09	9.3553e-09	1.7337e-09	4.863e-09	1.5794e-09	5.2008e-09	1.1612e-09	2.8587e-09	5.1704e-10	1.448e-09	1.697e-10	5.5519e-10	2.8612e-10	8.2617e-10	2.6856e-10	7.2256e-10	1.5899e-10	8.5278e-10	1.8002e-10	1.0464e-09	2.0025e-10	4.9442e-10	1.188e-10	1.2297e-09	1.0994e-10	3.2895e-10	7.8203e-11	2.9175e-10	3.4491e-11	3.2939e-10	5.6613e-11	2.5709e-10	6.4188e-11	2.5728e-10	9.7391e-11	1.6166e-10	3.3023e-11	1.6381e-10	2.3898e-11	1.4924e-10	1.345e-11	1.4933e-10	5.1611e-11	2.2172e-10	1.4583e-10	2.7709e-10	5.167e-11	9.0604e-11	2.7802e-11	2.5961e-10	1.352e-11	1.5147e-11	9.1759e-12
465.942	0.45784	0.063109	0.00026155	0.00015193	0.00055032	0.0016811	0.00047395	0.0015708	4.0799e-05	0.00026099	5.8301e-05	0.00033446	6.2333e-05	0.00023306	1.1302e-05	4.493e-05	1.1165e-05	2.2102e-05	1.8594e-05	4.4228e-05	8.8754e-06	3.0444e-05	1.5462e-05	3.0431e-05	1.8448e-05	0.00017437	1.1087e-06	8.3582e-06	1.1922e-07	1.54e-07	1.1505e-08	2.4852e-08	1.5802e-09	9.3223e-09	1.7254e-09	4.8437e-09	1.5735e-09	5.181e-09	1.1556e-09	2.845e-09	5.1456e-10	1.4411e-09	1.6889e-10	5.5288e-10	2.8479e-10	8.2314e-10	2.6742e-10	7.1873e-10	1.5815e-10	8.4913e-10	1.7927e-10	1.0416e-09	1.9946e-10	4.918e-10	1.182e-10	1.224e-09	1.0936e-10	3.2731e-10	7.7879e-11	2.9056e-10	3.4342e-11	3.2765e-10	5.6347e-11	2.5596e-10	6.3869e-11	2.5611e-10	9.6952e-11	1.6094e-10	3.2864e-11	1.6299e-10	2.3788e-11	1.4847e-10	1.338e-11	1.486e-10	5.1354e-11	2.2075e-10	1.452e-10	2.7588e-10	5.1438e-11	9.02e-11	2.7678e-11	2.5847e-10	1.3458e-11	1.5081e-11	9.133e-12
472.417	0.45714	0.062741	0.00026036	0.00015156	0.0005472	0.0016719	0.00047163	0.0015623	4.0614e-05	0.00025955	5.7988e-05	0.00033259	6.1966e-05	0.00023189	1.1253e-05	4.4752e-05	1.1139e-05	2.2057e-05	1.8518e-05	4.4003e-05	8.8221e-06	3.0265e-05	1.5367e-05	3.024e-05	1.8341e-05	0.00017333	1.1055e-06	8.3287e-06	1.1865e-07	1.5326e-07	1.1449e-08	2.4735e-08	1.5728e-09	9.2721e-09	1.7184e-09	4.8188e-09	1.5669e-09	5.1613e-09	1.1508e-09	2.8332e-09	5.1206e-10	1.4354e-09	1.6817e-10	5.5081e-10	2.8367e-10	8.194e-10	2.6641e-10	7.1569e-10	1.5749e-10	8.4567e-10	1.7848e-10	1.0362e-09	1.9847e-10	4.8946e-10	1.1756e-10	1.2178e-09	1.0887e-10	3.2554e-10	7.7529e-11	2.8899e-10	3.4206e-11	3.2599e-10	5.6042e-11	2.546e-10	6.3563e-11	2.5481e-10	9.6456e-11	1.601e-10	3.2702e-11	1.6224e-10	2.3669e-11	1.4781e-10	1.3321e-11	1.4792e-10	5.1122e-11	2.1974e-10	1.4452e-10	2.7461e-10	5.1198e-11	8.9795e-11	2.7566e-11	2.5745e-10	1.3402e-11	1.5006e-11	9.0877e-12
478.983	0.45618	0.062369	0.00025907	0.00015122	0.00054427	0.0016626	0.00046928	0.0015537	4.0395e-05	0.00025803	5.768e-05	0.00033063	6.1639e-05	0.00023069	1.1208e-05	4.4568e-05	1.1114e-05	2.2001e-05	1.8444e-05	4.3772e-05	8.7662e-06	3.0085e-05	1.5261e-05	3.0047e-05	1.8235e-05	0.00017245	1.1027e-06	8.2996e-06	1.1815e-07	1.5255e-07	1.1393e-08	2.4636e-08	1.5666e-09	9.2318e-09	1.712e-09	4.7977e-09	1.5588e-09	5.1333e-09	1.1464e-09	2.8224e-09	5.0998e-10	1.43e-09	1.6753e-10	5.4811e-10	2.8256e-10	8.1536e-10	2.6515e-10	7.1241e-10	1.5677e-10	8.414e-10	1.7749e-10	1.0314e-09	1.9737e-10	4.8691e-10	1.1702e-10	1.212e-09	1.0828e-10	3.2402e-10	7.7101e-11	2.8748e-10	3.4025e-11	3.2438e-10	5.5771e-11	2.5345e-10	6.3242e-11	2.5363e-10	9.6011e-11	1.5937e-10	3.2542e-11	1.6147e-10	2.3559e-11	1.4711e-10	1.3258e-11	1.4724e-10	5.0884e-11	2.1883e-10	1.4389e-10	2.7345e-10	5.0969e-11	8.9436e-11	2.7451e-11	2.5635e-10	1.3348e-11	1.4922e-11	9.0337e-12
485.639	0.45514	0.061977	0.00025788	0.00015096	0.00054145	0.0016527	0.00046676	0.0015446	4.0122e-05	0.00025643	5.7339e-05	0.0003286	6.1316e-05	0.00022942	1.1166e-05	4.437e-05	1.1086e-05	2.1942e-05	1.8381e-05	4.3528e-05	8.7166e-06	2.9916e-05	1.5154e-05	2.987e-05	1.8118e-05	0.00017157	1.0996e-06	8.2626e-06	1.1754e-07	1.5185e-07	1.1346e-08	2.4534e-08	1.5599e-09	9.1884e-09	1.7026e-09	4.776e-09	1.5518e-09	5.1104e-09	1.1405e-09	2.8076e-09	5.0802e-10	1.4219e-09	1.6667e-10	5.4544e-10	2.81e-10	8.1163e-10	2.6383e-10	7.0945e-10	1.561e-10	8.3667e-10	1.7657e-10	1.0263e-09	1.9642e-10	4.8455e-10	1.1637e-10	1.2061e-09	1.0777e-10	3.2223e-10	7.6705e-11	2.8605e-10	3.3834e-11	3.2272e-10	5.5472e-11	2.5221e-10	6.294e-11	2.5242e-10	9.5552e-11	1.586e-10	3.2385e-11	1.6072e-10	2.3447e-11	1.4647e-10	1.32e-11	1.4662e-10	5.0668e-11	2.1789e-10	1.433e-10	2.723e-10	5.0766e-11	8.904e-11	2.7314e-11	2.5505e-10	1.3284e-11	1.4842e-11	8.9905e-12
492.388	0.45409	0.061565	0.00025672	0.00015062	0.00053862	0.0016423	0.00046408	0.001535	3.9874e-05	0.00025485	5.6927e-05	0.00032663	6.0946e-05	0.00022808	1.1122e-05	4.4155e-05	1.1045e-05	2.189e-05	1.8318e-05	4.3268e-05	8.6669e-06	2.9725e-05	1.505e-05	2.968e-05	1.8001e-05	0.00017078	1.0959e-06	8.2137e-06	1.1693e-07	1.5106e-07	1.1299e-08	2.4397e-08	1.5513e-09	9.1493e-09	1.6947e-09	4.7536e-09	1.5447e-09	5.0862e-09	1.1349e-09	2.7941e-09	5.0509e-10	1.4155e-09	1.6585e-10	5.4287e-10	2.7972e-10	8.0801e-10	2.6259e-10	7.0537e-10	1.5521e-10	8.3252e-10	1.7565e-10	1.0216e-09	1.9532e-10	4.8214e-10	1.1582e-10	1.2005e-09	1.0724e-10	3.207e-10	7.63e-11	2.8453e-10	3.3671e-11	3.2114e-10	5.52e-11	2.5108e-10	6.2636e-11	2.5132e-10	9.5135e-11	1.579e-10	3.223e-11	1.6006e-10	2.3347e-11	1.4584e-10	1.3143e-11	1.4597e-10	5.0444e-11	2.1678e-10	1.426e-10	2.7092e-10	5.0522e-11	8.8573e-11	2.7169e-11	2.5368e-10	1.3213e-11	1.4773e-11	8.9527e-12
499.231	0.45302	0.061161	0.00025536	0.00015014	0.00053546	0.0016321	0.00046143	0.0015255	3.9633e-05	0.00025341	5.652e-05	0.00032487	6.0496e-05	0.00022679	1.1068e-05	4.3948e-05	1.0995e-05	2.1849e-05	1.8241e-05	4.3017e-05	8.6201e-06	2.953e-05	1.4956e-05	2.948e-05	1.7887e-05	0.00016992	1.0921e-06	8.1738e-06	1.1631e-07	1.5025e-07	1.1234e-08	2.4283e-08	1.544e-09	9.0957e-09	1.6863e-09	4.7257e-09	1.5371e-09	5.0629e-09	1.1294e-09	2.7805e-09	5.0274e-10	1.4085e-09	1.6505e-10	5.4043e-10	2.7836e-10	8.038e-10	2.614e-10	7.0135e-10	1.5433e-10	8.2779e-10	1.7472e-10	1.0173e-09	1.9436e-10	4.7981e-10	1.1523e-10	1.1954e-09	1.0674e-10	3.1907e-10	7.5903e-11	2.8311e-10	3.3477e-11	3.1955e-10	5.4918e-11	2.4998e-10	6.2364e-11	2.5019e-10	9.4706e-11	1.572e-10	3.2094e-11	1.5928e-10	2.324e-11	1.4509e-10	1.3076e-11	1.452e-10	5.018e-11	2.1561e-10	1.4183e-10	2.6945e-10	5.0248e-11	8.8082e-11	2.6999e-11	2.5212e-10	1.3133e-11	1.4721e-11	8.9142e-12
506.169	0.45183	0.060789	0.00025382	0.00014974	0.00053225	0.0016228	0.00045902	0.0015168	3.9405e-05	0.00025201	5.6143e-05	0.00032314	6.008e-05	0.00022564	1.0999e-05	4.3765e-05	1.0956e-05	2.1787e-05	1.8139e-05	4.2789e-05	8.5667e-06	2.9339e-05	1.4858e-05	2.9278e-05	1.7786e-05	0.00016899	1.0887e-06	8.1331e-06	1.1578e-07	1.4948e-07	1.118e-08	2.4164e-08	1.5365e-09	9.0429e-09	1.6789e-09	4.6996e-09	1.5279e-09	5.0327e-09	1.1243e-09	2.768e-09	5.0023e-10	1.4022e-09	1.643e-10	5.3743e-10	2.7705e-10	7.99e-10	2.5999e-10	6.9772e-10	1.5352e-10	8.2363e-10	1.7382e-10	1.0121e-09	1.9335e-10	4.7774e-10	1.1469e-10	1.1894e-09	1.0626e-10	3.1755e-10	7.5511e-11	2.8168e-10	3.331e-11	3.1814e-10	5.465e-11	2.4868e-10	6.2068e-11	2.4885e-10	9.42e-11	1.5637e-10	3.1937e-11	1.584e-10	2.3114e-11	1.4429e-10	1.3004e-11	1.4439e-10	4.9903e-11	2.1423e-10	1.4096e-10	2.6775e-10	4.9948e-11	8.7538e-11	2.6861e-11	2.5084e-10	1.3061e-11	1.4637e-11	8.866e-12
513.204	0.4505	0.060428	0.00025243	0.00014934	0.00052919	0.0016137	0.00045667	0.0015084	3.9168e-05	0.00025053	5.5774e-05	0.00032114	5.9679e-05	0.00022451	1.0945e-05	4.3587e-05	1.0914e-05	2.1717e-05	1.8046e-05	4.2567e-05	8.5127e-06	2.9169e-05	1.4744e-05	2.9091e-05	1.7676e-05	0.00016805	1.0859e-06	8.0968e-06	1.1529e-07	1.4881e-07	1.1123e-08	2.4044e-08	1.5288e-09	8.995e-09	1.6687e-09	4.6734e-09	1.5194e-09	5.0036e-09	1.1177e-09	2.7517e-09	4.9788e-10	1.3936e-09	1.6335e-10	5.3417e-10	2.7537e-10	7.947e-10	2.5841e-10	6.937e-10	1.5265e-10	8.1923e-10	1.7294e-10	1.0064e-09	1.924e-10	4.7529e-10	1.1416e-10	1.1827e-09	1.057e-10	3.161e-10	7.5126e-11	2.8039e-10	3.3134e-11	3.1659e-10	5.4407e-11	2.4728e-10	6.1722e-11	2.4744e-10	9.3669e-11	1.5549e-10	3.1757e-11	1.5744e-10	2.2982e-11	1.4337e-10	1.2921e-11	1.4346e-10	4.958e-11	2.1312e-10	1.4016e-10	2.6632e-10	4.9656e-11	8.7089e-11	2.6739e-11	2.4977e-10	1.2997e-11	1.4559e-11	8.8176e-12
520.336	0.44906	0.060047	0.00025091	0.00014886	0.00052644	0.0016041	0.00045418	0.0014996	3.8912e-05	0.00024876	5.5412e-05	0.00031869	5.9299e-05	0.00022323	1.0886e-05	4.3384e-05	1.0878e-05	2.1653e-05	1.7956e-05	4.2322e-05	8.4595e-06	2.8995e-05	1.464e-05	2.8918e-05	1.7551e-05	0.0001672	1.082e-06	8.0563e-06	1.1457e-07	1.4806e-07	1.1068e-08	2.3896e-08	1.5193e-09	8.9421e-09	1.6585e-09	4.6473e-09	1.5106e-09	4.9758e-09	1.1108e-09	2.7347e-09	4.948e-10	1.3853e-09	1.6234e-10	5.313e-10	2.7375e-10	7.8999e-10	2.57e-10	6.9003e-10	1.5184e-10	8.1512e-10	1.7214e-10	1e-09	1.9151e-10	4.7255e-10	1.1354e-10	1.1753e-09	1.0509e-10	3.1439e-10	7.4785e-11	2.79e-10	3.297e-11	3.1478e-10	5.4119e-11	2.4568e-10	6.136e-11	2.4581e-10	9.3051e-11	1.5446e-10	3.1565e-11	1.565e-10	2.2833e-11	1.4258e-10	1.2849e-11	1.4271e-10	4.9316e-11	2.1213e-10	1.3945e-10	2.6507e-10	4.9401e-11	8.6715e-11	2.6614e-11	2.485e-10	1.2944e-11	1.4479e-11	8.77e-12
527.567	0.44745	0.059599	0.00024952	0.00014824	0.00052335	0.0015926	0.00045116	0.0014892	3.8653e-05	0.00024688	5.5015e-05	0.00031651	5.8908e-05	0.00022165	1.0836e-05	4.3127e-05	1.0832e-05	2.1592e-05	1.7872e-05	4.2025e-05	8.4126e-06	2.8781e-05	1.4536e-05	2.8712e-05	1.7438e-05	0.00016642	1.0778e-06	8.0132e-06	1.1399e-07	1.4719e-07	1.0998e-08	2.3754e-08	1.5104e-09	8.8939e-09	1.6494e-09	4.6218e-09	1.5021e-09	4.9468e-09	1.1048e-09	2.7199e-09	4.9179e-10	1.3776e-09	1.6146e-10	5.2802e-10	2.7219e-10	7.8568e-10	2.5543e-10	6.8628e-10	1.5102e-10	8.1124e-10	1.7125e-10	9.9409e-10	1.9046e-10	4.6957e-10	1.1287e-10	1.1682e-09	1.044e-10	3.1254e-10	7.439e-11	2.7738e-10	3.2811e-11	3.1289e-10	5.3801e-11	2.4428e-10	6.096e-11	2.4448e-10	9.2547e-11	1.5361e-10	3.1366e-11	1.5567e-10	2.271e-11	1.4188e-10	1.2786e-11	1.4206e-10	4.9087e-11	2.1111e-10	1.3888e-10	2.6384e-10	4.9206e-11	8.625e-11	2.6462e-11	2.4711e-10	1.2868e-11	1.4391e-11	8.7163e-12
534.899	0.44588	0.059125	0.00024808	0.00014767	0.0005199	0.0015805	0.00044791	0.0014778	3.841e-05	0.00024522	5.4614e-05	0.00031436	5.8489e-05	0.00022017	1.0775e-05	4.2872e-05	1.0785e-05	2.1511e-05	1.7784e-05	4.173e-05	8.3636e-06	2.8592e-05	1.4428e-05	2.8509e-05	1.7324e-05	0.00016546	1.0739e-06	7.9696e-06	1.1337e-07	1.4641e-07	1.0931e-08	2.3615e-08	1.5015e-09	8.8445e-09	1.6393e-09	4.5966e-09	1.4937e-09	4.9193e-09	1.0979e-09	2.7029e-09	4.8898e-10	1.3692e-09	1.6044e-10	5.2515e-10	2.7058e-10	7.8122e-10	2.5402e-10	6.8285e-10	1.5027e-10	8.0671e-10	1.7022e-10	9.8881e-10	1.8932e-10	4.6667e-10	1.1212e-10	1.162e-09	1.0379e-10	3.1046e-10	7.3945e-11	2.7569e-10	3.2624e-11	3.1083e-10	5.3452e-11	2.4303e-10	6.0627e-11	2.4332e-10	9.2104e-11	1.5286e-10	3.1197e-11	1.5504e-10	2.2606e-11	1.4122e-10	1.2727e-11	1.4131e-10	4.8838e-11	2.0988e-10	1.3804e-10	2.6228e-10	4.8903e-11	8.576e-11	2.6308e-11	2.4567e-10	1.2794e-11	1.4313e-11	8.6664e-12
542.333	0.4447	0.058702	0.00024671	0.00014706	0.00051671	0.0015697	0.00044505	0.0014679	3.8187e-05	0.00024355	5.4229e-05	0.00031236	5.8068e-05	0.00021876	1.0713e-05	4.2639e-05	1.0737e-05	2.1415e-05	1.7686e-05	4.1457e-05	8.3042e-06	2.8399e-05	1.4305e-05	2.831e-05	1.7203e-05	0.00016451	1.0701e-06	7.9305e-06	1.1278e-07	1.4563e-07	1.0867e-08	2.3474e-08	1.4926e-09	8.7994e-09	1.6301e-09	4.574e-09	1.4854e-09	4.8917e-09	1.0918e-09	2.6878e-09	4.8598e-10	1.3615e-09	1.5955e-10	5.2212e-10	2.6904e-10	7.7699e-10	2.5255e-10	6.7928e-10	1.4948e-10	8.0179e-10	1.6914e-10	9.8455e-10	1.8804e-10	4.6412e-10	1.1145e-10	1.1571e-09	1.0326e-10	3.0861e-10	7.3469e-11	2.7383e-10	3.2425e-11	3.0909e-10	5.312e-11	2.4191e-10	6.0347e-11	2.4205e-10	9.163e-11	1.5211e-10	3.1059e-11	1.5407e-10	2.2482e-11	1.4037e-10	1.265e-11	1.4048e-10	4.855e-11	2.0863e-10	1.3724e-10	2.6074e-10	4.8621e-11	8.5251e-11	2.6157e-11	2.4422e-10	1.272e-11	1.4221e-11	8.6144e-12
549.87	0.4435	0.058278	0.00024543	0.00014647	0.00051355	0.001559	0.00044216	0.0014578	3.7926e-05	0.00024197	5.3879e-05	0.00031025	5.7672e-05	0.00021742	1.065e-05	4.2412e-05	1.0697e-05	2.1332e-05	1.7587e-05	4.1192e-05	8.2514e-06	2.8203e-05	1.4189e-05	2.8119e-05	1.7067e-05	0.00016358	1.0654e-06	7.8949e-06	1.1203e-07	1.4478e-07	1.08e-08	2.3337e-08	1.4839e-09	8.7524e-09	1.6207e-09	4.5485e-09	1.478e-09	4.8667e-09	1.0854e-09	2.6722e-09	4.8318e-10	1.3536e-09	1.5862e-10	5.1929e-10	2.675e-10	7.7307e-10	2.5117e-10	6.7516e-10	1.4856e-10	7.963e-10	1.6801e-10	9.7835e-10	1.8689e-10	4.6211e-10	1.1087e-10	1.1497e-09	1.0276e-10	3.0696e-10	7.2987e-11	2.7227e-10	3.2199e-11	3.0765e-10	5.2825e-11	2.4041e-10	6e-11	2.406e-10	9.1077e-11	1.5118e-10	3.0869e-11	1.5316e-10	2.2349e-11	1.3953e-10	1.2574e-11	1.3963e-10	4.8256e-11	2.074e-10	1.3643e-10	2.5921e-10	4.8332e-11	8.473e-11	2.5989e-11	2.4271e-10	1.2636e-11	1.4144e-11	8.5704e-12
557.511	0.4424	0.057877	0.00024395	0.00014588	0.00051005	0.0015487	0.00043945	0.0014485	3.7659e-05	0.00024022	5.3497e-05	0.00030802	5.7308e-05	0.00021606	1.0595e-05	4.2189e-05	1.0657e-05	2.1234e-05	1.7494e-05	4.093e-05	8.1978e-06	2.7974e-05	1.4071e-05	2.7897e-05	1.694e-05	0.00016271	1.0599e-06	7.8484e-06	1.113e-07	1.438e-07	1.0736e-08	2.3202e-08	1.4753e-09	8.6982e-09	1.612e-09	4.5197e-09	1.4695e-09	4.8396e-09	1.0795e-09	2.6577e-09	4.8035e-10	1.3465e-09	1.5775e-10	5.1656e-10	2.6611e-10	7.6851e-10	2.4986e-10	6.7088e-10	1.4761e-10	7.9131e-10	1.6705e-10	9.7244e-10	1.8585e-10	4.5912e-10	1.1032e-10	1.1428e-09	1.0211e-10	3.0548e-10	7.2569e-11	2.7095e-10	3.2004e-11	3.0582e-10	5.2587e-11	2.3895e-10	5.964e-11	2.3911e-10	9.0515e-11	1.5025e-10	3.0686e-11	1.5223e-10	2.2211e-11	1.387e-10	1.2499e-11	1.3878e-10	4.7964e-11	2.0606e-10	1.3551e-10	2.575e-10	4.8014e-11	8.4207e-11	2.583e-11	2.4116e-10	1.2564e-11	1.4075e-11	8.526e-12
565.259	0.44123	0.057433	0.00024234	0.0001453	0.00050614	0.0015373	0.00043639	0.001438	3.7401e-05	0.00023845	5.3077e-05	0.00030578	5.6887e-05	0.00021458	1.0543e-05	4.1938e-05	1.0599e-05	2.1149e-05	1.7411e-05	4.0643e-05	8.1422e-06	2.7755e-05	1.3956e-05	2.7663e-05	1.6808e-05	0.00016164	1.0552e-06	7.805e-06	1.1061e-07	1.429e-07	1.0672e-08	2.3079e-08	1.4676e-09	8.6418e-09	1.603e-09	4.4892e-09	1.46e-09	4.8086e-09	1.0736e-09	2.6431e-09	4.7777e-10	1.3389e-09	1.5689e-10	5.134e-10	2.6459e-10	7.6356e-10	2.4835e-10	6.6603e-10	1.4656e-10	7.8684e-10	1.6626e-10	9.6648e-10	1.8495e-10	4.563e-10	1.0961e-10	1.1358e-09	1.0148e-10	3.0352e-10	7.2232e-11	2.6933e-10	3.183e-11	3.0395e-10	5.2243e-11	2.375e-10	5.9265e-11	2.3763e-10	8.9957e-11	1.4933e-10	3.0495e-11	1.5122e-10	2.2071e-11	1.3776e-10	1.2415e-11	1.3789e-10	4.7651e-11	2.0476e-10	1.3472e-10	2.5591e-10	4.7732e-11	8.3651e-11	2.5667e-11	2.3969e-10	1.2481e-11	1.3983e-11	8.4693e-12
573.115	0.43969	0.056987	0.00024056	0.00014479	0.00050254	0.0015259	0.0004333	0.0014275	3.7152e-05	0.00023671	5.2687e-05	0.00030371	5.6459e-05	0.0002131	1.0471e-05	4.1685e-05	1.0551e-05	2.1056e-05	1.7309e-05	4.0354e-05	8.0778e-06	2.7536e-05	1.3841e-05	2.7453e-05	1.6682e-05	0.00016051	1.0496e-06	7.7614e-06	1.0989e-07	1.4194e-07	1.0615e-08	2.2943e-08	1.4588e-09	8.5785e-09	1.5928e-09	4.458e-09	1.4498e-09	4.7761e-09	1.0668e-09	2.6263e-09	4.7502e-10	1.3303e-09	1.5591e-10	5.1003e-10	2.6286e-10	7.581e-10	2.4672e-10	6.6198e-10	1.4567e-10	7.8293e-10	1.6518e-10	9.5978e-10	1.8374e-10	4.5344e-10	1.0892e-10	1.128e-09	1.0085e-10	3.0159e-10	7.1756e-11	2.6765e-10	3.1661e-11	3.0201e-10	5.1915e-11	2.3586e-10	5.888e-11	2.3606e-10	8.9359e-11	1.4832e-10	3.0292e-11	1.5031e-10	2.1928e-11	1.369e-10	1.2338e-11	1.3698e-10	4.7341e-11	2.0345e-10	1.3381e-10	2.5426e-10	4.7405e-11	8.3144e-11	2.5528e-11	2.3844e-10	1.2411e-11	1.3897e-11	8.4196e-12
581.08	0.43808	0.056552	0.00023892	0.00014415	0.00049867	0.0015148	0.00043027	0.001417	3.6863e-05	0.00023516	5.2301e-05	0.00030179	5.6047e-05	0.00021171	1.041e-05	4.1445e-05	1.0501e-05	2.0971e-05	1.7204e-05	4.0078e-05	8.017e-06	2.7319e-05	1.3729e-05	2.7219e-05	1.6555e-05	0.00015952	1.0448e-06	7.721e-06	1.092e-07	1.4105e-07	1.0551e-08	2.279e-08	1.4491e-09	8.5255e-09	1.5821e-09	4.4309e-09	1.4398e-09	4.7416e-09	1.0597e-09	2.6088e-09	4.7187e-10	1.3213e-09	1.5486e-10	5.0624e-10	2.6105e-10	7.5304e-10	2.4491e-10	6.5848e-10	1.4491e-10	7.777e-10	1.6414e-10	9.5391e-10	1.8255e-10	4.5028e-10	1.0823e-10	1.1211e-09	1.0015e-10	2.9969e-10	7.1301e-11	2.6591e-10	3.1453e-11	3e-10	5.1585e-11	2.3437e-10	5.8499e-11	2.3449e-10	8.8769e-11	1.4736e-10	3.0103e-11	1.4926e-10	2.1779e-11	1.3599e-10	1.2256e-11	1.3611e-10	4.7037e-11	2.0234e-10	1.3305e-10	2.5284e-10	4.7128e-11	8.2703e-11	2.5384e-11	2.37e-10	1.2347e-11	1.3813e-11	8.3668e-12
589.155	0.43627	0.056159	0.00023743	0.00014342	0.00049507	0.0015048	0.00042756	0.0014078	3.6557e-05	0.00023353	5.1881e-05	0.00029949	5.5649e-05	0.00021044	1.0346e-05	4.123e-05	1.0449e-05	2.0889e-05	1.7103e-05	3.9827e-05	7.9548e-06	2.7104e-05	1.3624e-05	2.7007e-05	1.6432e-05	0.00015838	1.0397e-06	7.6694e-06	1.0851e-07	1.4013e-07	1.0479e-08	2.2628e-08	1.4386e-09	8.4795e-09	1.5701e-09	4.4087e-09	1.4309e-09	4.712e-09	1.0516e-09	2.5889e-09	4.6859e-10	1.3114e-09	1.5368e-10	5.0292e-10	2.5914e-10	7.4847e-10	2.4327e-10	6.5442e-10	1.44e-10	7.726e-10	1.6306e-10	9.4728e-10	1.8138e-10	4.4748e-10	1.0746e-10	1.1132e-09	9.9498e-11	2.9756e-10	7.0835e-11	2.6411e-10	3.1245e-11	2.9804e-10	5.1215e-11	2.3278e-10	5.8089e-11	2.3296e-10	8.8187e-11	1.4638e-10	2.9888e-11	1.4837e-10	2.1641e-11	1.3522e-10	1.2186e-11	1.3537e-10	4.6777e-11	2.0116e-10	1.3234e-10	2.5141e-10	4.6879e-11	8.2179e-11	2.5207e-11	2.3538e-10	1.2258e-11	1.3729e-11	8.3124e-12
597.343	0.4344	0.055745	0.00023614	0.0001426	0.00049136	0.0014941	0.00042469	0.0013982	3.6279e-05	0.00023166	5.1422e-05	0.00029728	5.5192e-05	0.00020895	1.0284e-05	4.0983e-05	1.0384e-05	2.0788e-05	1.7006e-05	3.9547e-05	7.8944e-06	2.6892e-05	1.3509e-05	2.6789e-05	1.6317e-05	0.00015737	1.0349e-06	7.6166e-06	1.0788e-07	1.3926e-07	1.0404e-08	2.2463e-08	1.4283e-09	8.4259e-09	1.56e-09	4.3782e-09	1.4237e-09	4.6872e-09	1.0447e-09	2.5721e-09	4.6507e-10	1.303e-09	1.5268e-10	4.9995e-10	2.575e-10	7.4455e-10	2.4179e-10	6.5008e-10	1.4305e-10	7.6754e-10	1.6191e-10	9.4162e-10	1.8006e-10	4.4427e-10	1.0675e-10	1.1065e-09	9.8814e-11	2.956e-10	7.0331e-11	2.6235e-10	3.104e-11	2.959e-10	5.089e-11	2.3142e-10	5.7721e-11	2.3166e-10	8.769e-11	1.4554e-10	2.9704e-11	1.4757e-10	2.1521e-11	1.3444e-10	1.2116e-11	1.3452e-10	4.6491e-11	1.9974e-10	1.3138e-10	2.4962e-10	4.6545e-11	8.1613e-11	2.5052e-11	2.3394e-10	1.2181e-11	1.3627e-11	8.2535e-12
605.645	0.43242	0.055278	0.00023442	0.00014181	0.00048782	0.0014821	0.00042138	0.0013869	3.5971e-05	0.00022995	5.0997e-05	0.00029508	5.4711e-05	0.00020746	1.0207e-05	4.0717e-05	1.0323e-05	2.0678e-05	1.6889e-05	3.9248e-05	7.8339e-06	2.6697e-05	1.3386e-05	2.6584e-05	1.6189e-05	0.00015632	1.0302e-06	7.5694e-06	1.0721e-07	1.3844e-07	1.0326e-08	2.2318e-08	1.4191e-09	8.3691e-09	1.5513e-09	4.3489e-09	1.4135e-09	4.6551e-09	1.0386e-09	2.5572e-09	4.6205e-10	1.2958e-09	1.5178e-10	4.9707e-10	2.5612e-10	7.3929e-10	2.4046e-10	6.4561e-10	1.4206e-10	7.6188e-10	1.6085e-10	9.3643e-10	1.7887e-10	4.4154e-10	1.0601e-10	1.1004e-09	9.8227e-11	2.9353e-10	6.9876e-11	2.6044e-10	3.0815e-11	2.9401e-10	5.0524e-11	2.3008e-10	5.7396e-11	2.302e-10	8.7143e-11	1.4466e-10	2.9539e-11	1.465e-10	2.1381e-11	1.3347e-10	1.2028e-11	1.3357e-10	4.616e-11	1.9849e-10	1.3053e-10	2.4804e-10	4.6239e-11	8.1103e-11	2.4886e-11	2.3241e-10	1.21e-11	1.3535e-11	8.1969e-12
614.061	0.4305	0.054849	0.00023275	0.00014112	0.00048441	0.001471	0.00041836	0.0013768	3.5691e-05	0.00022825	5.0544e-05	0.00029301	5.4276e-05	0.00020601	1.0133e-05	4.0467e-05	1.026e-05	2.0549e-05	1.6764e-05	3.8966e-05	7.7747e-06	2.648e-05	1.3256e-05	2.6378e-05	1.6053e-05	0.00015534	1.0247e-06	7.517e-06	1.0644e-07	1.3751e-07	1.0259e-08	2.2199e-08	1.4117e-09	8.3106e-09	1.541e-09	4.3189e-09	1.4038e-09	4.6235e-09	1.0322e-09	2.5412e-09	4.5949e-10	1.2871e-09	1.5085e-10	4.9356e-10	2.5432e-10	7.3419e-10	2.3874e-10	6.4106e-10	1.4105e-10	7.5672e-10	1.5965e-10	9.294e-10	1.7759e-10	4.3906e-10	1.0537e-10	1.0922e-09	9.7639e-11	2.9175e-10	6.9352e-11	2.5874e-10	3.06e-11	2.9233e-10	5.0211e-11	2.2838e-10	5.7005e-11	2.2854e-10	8.6512e-11	1.436e-10	2.9327e-11	1.4552e-10	2.1228e-11	1.3261e-10	1.195e-11	1.3272e-10	4.5866e-11	1.9715e-10	1.2965e-10	2.4637e-10	4.5933e-11	8.057e-11	2.4712e-11	2.3071e-10	1.2021e-11	1.3434e-11	8.1383e-12
622.595	0.4288	0.054422	0.00023109	0.00014057	0.00048059	0.0014601	0.00041534	0.0013666	3.5402e-05	0.00022644	5.0124e-05	0.00029052	5.3795e-05	0.00020462	1.006e-05	4.0225e-05	1.0199e-05	2.0437e-05	1.6653e-05	3.8692e-05	7.7198e-06	2.6247e-05	1.313e-05	2.6151e-05	1.5906e-05	0.00015436	1.0187e-06	7.4691e-06	1.0564e-07	1.3651e-07	1.0202e-08	2.2037e-08	1.4012e-09	8.2508e-09	1.5303e-09	4.2866e-09	1.394e-09	4.5908e-09	1.0249e-09	2.5232e-09	4.5626e-10	1.2781e-09	1.4978e-10	4.9006e-10	2.5256e-10	7.2911e-10	2.3706e-10	6.365e-10	1.4007e-10	7.5122e-10	1.5861e-10	9.2316e-10	1.7648e-10	4.3574e-10	1.0472e-10	1.0848e-09	9.6908e-11	2.8998e-10	6.8906e-11	2.5723e-10	3.0383e-11	2.9027e-10	4.9921e-11	2.2687e-10	5.6597e-11	2.2705e-10	8.5951e-11	1.4267e-10	2.9124e-11	1.4454e-10	2.109e-11	1.317e-10	1.1868e-11	1.3182e-10	4.5554e-11	1.9573e-10	1.2878e-10	2.4463e-10	4.5633e-11	7.9956e-11	2.453e-11	2.2906e-10	1.1929e-11	1.3346e-11	8.0847e-12
631.248	0.42698	0.053967	0.00022925	0.00013973	0.00047655	0.0014482	0.00041211	0.0013559	3.5129e-05	0.00022443	4.9692e-05	0.00028799	5.3358e-05	0.00020299	9.9858e-06	3.9944e-05	1.0137e-05	2.034e-05	1.6527e-05	3.8382e-05	7.6584e-06	2.6001e-05	1.3015e-05	2.5916e-05	1.5769e-05	0.00015326	1.0118e-06	7.4201e-06	1.0481e-07	1.3541e-07	1.0127e-08	2.1881e-08	1.3913e-09	8.1915e-09	1.5192e-09	4.2573e-09	1.3833e-09	4.5564e-09	1.0175e-09	2.505e-09	4.5305e-10	1.2689e-09	1.487e-10	4.866e-10	2.5075e-10	7.2347e-10	2.354e-10	6.3167e-10	1.3899e-10	7.4648e-10	1.5768e-10	9.1674e-10	1.754e-10	4.3274e-10	1.0393e-10	1.0773e-09	9.6261e-11	2.8777e-10	6.8501e-11	2.5539e-10	3.0195e-11	2.8818e-10	4.9534e-11	2.2529e-10	5.622e-11	2.2549e-10	8.5356e-11	1.4168e-10	2.8927e-11	1.4358e-10	2.0946e-11	1.3075e-10	1.1784e-11	1.3082e-10	4.5214e-11	1.9428e-10	1.2779e-10	2.4279e-10	4.5272e-11	7.9384e-11	2.4351e-11	2.2737e-10	1.1844e-11	1.3254e-11	8.0285e-12
640.02	0.42502	0.053468	0.00022756	0.00013892	0.00047213	0.0014353	0.00040851	0.001344	3.4856e-05	0.00022256	4.928e-05	0.00028568	5.2909e-05	0.00020129	9.9137e-06	3.9641e-05	1.0076e-05	2.0243e-05	1.6413e-05	3.8051e-05	7.5927e-06	2.5761e-05	1.2913e-05	2.5659e-05	1.5643e-05	0.0001521	1.0059e-06	7.375e-06	1.0408e-07	1.3441e-07	1.0054e-08	2.1723e-08	1.3812e-09	8.128e-09	1.5079e-09	4.2239e-09	1.3736e-09	4.5243e-09	1.0101e-09	2.4866e-09	4.4974e-10	1.2594e-09	1.4762e-10	4.8286e-10	2.4883e-10	7.1831e-10	2.3356e-10	6.2729e-10	1.3804e-10	7.4177e-10	1.5647e-10	9.1036e-10	1.7404e-10	4.297e-10	1.0322e-10	1.0699e-09	9.5578e-11	2.8581e-10	6.7973e-11	2.5352e-10	2.9996e-11	2.8621e-10	4.9191e-11	2.2366e-10	5.5834e-11	2.2376e-10	8.4706e-11	1.4062e-10	2.8732e-11	1.4243e-10	2.0782e-11	1.2975e-10	1.1693e-11	1.2985e-10	4.4877e-11	1.9283e-10	1.2686e-10	2.41e-10	4.4944e-11	7.878e-11	2.4171e-11	2.2572e-10	1.1753e-11	1.3163e-11	7.9757e-12
648.915	0.42285	0.053004	0.00022577	0.00013811	0.00046812	0.0014233	0.00040517	0.0013328	3.4554e-05	0.0002206	4.888e-05	0.0002832	5.2487e-05	0.00019976	9.8418e-06	3.9368e-05	1.002e-05	2.0121e-05	1.6295e-05	3.7749e-05	7.5222e-06	2.5541e-05	1.2786e-05	2.5434e-05	1.5528e-05	0.00015082	1.0007e-06	7.328e-06	1.0347e-07	1.335e-07	9.9801e-09	2.1551e-08	1.3702e-09	8.0711e-09	1.4968e-09	4.1953e-09	1.3629e-09	4.4882e-09	1.0024e-09	2.4678e-09	4.4626e-10	1.2502e-09	1.4648e-10	4.7923e-10	2.4706e-10	7.1283e-10	2.3184e-10	6.2339e-10	1.3719e-10	7.3594e-10	1.5535e-10	9.031e-10	1.7283e-10	4.2669e-10	1.0248e-10	1.0613e-09	9.4867e-11	2.8375e-10	6.7486e-11	2.5176e-10	2.9763e-11	2.8423e-10	4.8836e-11	2.2192e-10	5.5383e-11	2.2208e-10	8.4067e-11	1.3954e-10	2.8496e-11	1.4138e-10	2.0628e-11	1.2878e-10	1.1606e-11	1.2886e-10	4.4535e-11	1.9139e-10	1.2587e-10	2.3918e-10	4.4591e-11	7.8211e-11	2.4003e-11	2.2414e-10	1.1671e-11	1.3071e-11	7.9177e-12
657.933	0.42054	0.052514	0.0002242	0.00013718	0.00046445	0.0014105	0.00040163	0.0013211	3.4241e-05	0.00021875	4.8439e-05	0.00028088	5.2062e-05	0.00019807	9.7757e-06	3.9063e-05	9.956e-06	1.9998e-05	1.6184e-05	3.7418e-05	7.4555e-06	2.5348e-05	1.2663e-05	2.523e-05	1.5389e-05	0.00014972	9.9534e-07	7.2747e-06	1.0267e-07	1.3266e-07	9.9002e-09	2.1396e-08	1.3604e-09	8.02e-09	1.4847e-09	4.1692e-09	1.3536e-09	4.457e-09	9.9454e-10	2.4484e-09	4.43e-10	1.2401e-09	1.4535e-10	4.7562e-10	2.4506e-10	7.0808e-10	2.3006e-10	6.1874e-10	1.3614e-10	7.3075e-10	1.5423e-10	8.9634e-10	1.7156e-10	4.232e-10	1.017e-10	1.0534e-09	9.4122e-11	2.816e-10	6.6998e-11	2.4998e-10	2.9555e-11	2.8188e-10	4.8483e-11	2.2023e-10	5.4968e-11	2.2035e-10	8.3414e-11	1.3847e-10	2.8283e-11	1.4025e-10	2.0466e-11	1.2779e-10	1.1516e-11	1.279e-10	4.4201e-11	1.9003e-10	1.2498e-10	2.3749e-10	4.4276e-11	7.765e-11	2.3828e-11	2.2252e-10	1.1586e-11	1.2984e-11	7.8634e-12
667.077	0.41835	0.052058	0.00022263	0.00013634	0.00046085	0.0013987	0.00039832	0.0013101	3.3897e-05	0.00021687	4.798e-05	0.00027854	5.1594e-05	0.00019653	9.7025e-06	3.8789e-05	9.8853e-06	1.9874e-05	1.6072e-05	3.7118e-05	7.3942e-06	2.5105e-05	1.254e-05	2.5009e-05	1.5251e-05	0.00014874	9.8894e-07	7.2193e-06	1.019e-07	1.3162e-07	9.8276e-09	2.1222e-08	1.3494e-09	7.9586e-09	1.4741e-09	4.1353e-09	1.345e-09	4.4286e-09	9.871e-10	2.4303e-09	4.3937e-10	1.2312e-09	1.4425e-10	4.7248e-10	2.4333e-10	7.0333e-10	2.2852e-10	6.1396e-10	1.3511e-10	7.253e-10	1.5313e-10	8.8915e-10	1.7025e-10	4.1998e-10	1.0089e-10	1.0449e-09	9.3391e-11	2.7936e-10	6.6516e-11	2.4789e-10	2.9336e-11	2.7974e-10	4.8086e-11	2.185e-10	5.4526e-11	2.1868e-10	8.278e-11	1.374e-10	2.8053e-11	1.3924e-10	2.0314e-11	1.2687e-10	1.1434e-11	1.2697e-10	4.388e-11	1.8863e-10	1.2405e-10	2.3572e-10	4.3947e-11	7.7083e-11	2.3663e-11	2.2098e-10	1.1505e-11	1.2883e-11	7.8038e-12
676.347	0.41614	0.051591	0.00022074	0.00013542	0.00045668	0.0013866	0.00039493	0.0012989	3.3596e-05	0.00021508	4.748e-05	0.00027635	5.1114e-05	0.00019496	9.6224e-06	3.8506e-05	9.8079e-06	1.9739e-05	1.5945e-05	3.6809e-05	7.3386e-06	2.487e-05	1.2409e-05	2.4775e-05	1.5116e-05	0.00014765	9.8243e-07	7.1599e-06	1.0111e-07	1.3059e-07	9.7464e-09	2.1071e-08	1.3399e-09	7.8966e-09	1.4644e-09	4.1043e-09	1.3337e-09	4.3926e-09	9.8056e-10	2.4142e-09	4.3621e-10	1.2232e-09	1.4329e-10	4.6907e-10	2.4176e-10	6.9755e-10	2.2692e-10	6.0948e-10	1.3411e-10	7.1963e-10	1.5182e-10	8.8265e-10	1.6887e-10	4.1655e-10	1.0009e-10	1.0372e-09	9.2653e-11	2.7715e-10	6.5952e-11	2.4597e-10	2.9099e-11	2.7744e-10	4.7713e-11	2.169e-10	5.4119e-11	2.1707e-10	8.2169e-11	1.3639e-10	2.7848e-11	1.3819e-10	2.0163e-11	1.2591e-10	1.1347e-11	1.2603e-10	4.3552e-11	1.8731e-10	1.2317e-10	2.3407e-10	4.3631e-11	7.6532e-11	2.3484e-11	2.1934e-10	1.1417e-11	1.2789e-11	7.7466e-12
685.747	0.41372	0.051147	0.00021905	0.00013463	0.00045251	0.0013751	0.0003917	0.0012883	3.3324e-05	0.00021335	4.7034e-05	0.00027408	5.0591e-05	0.00019349	9.5375e-06	3.824e-05	9.7348e-06	1.9606e-05	1.5813e-05	3.6517e-05	7.2706e-06	2.4635e-05	1.2286e-05	2.4537e-05	1.497e-05	0.00014649	9.7588e-07	7.1084e-06	1.0026e-07	1.2958e-07	9.6761e-09	2.0933e-08	1.331e-09	7.8378e-09	1.4527e-09	4.073e-09	1.3237e-09	4.3588e-09	9.7308e-10	2.3955e-09	4.3332e-10	1.2132e-09	1.4221e-10	4.6522e-10	2.3974e-10	6.924e-10	2.2504e-10	6.0495e-10	1.3312e-10	7.1372e-10	1.5063e-10	8.7587e-10	1.6752e-10	4.1345e-10	9.9291e-11	1.0293e-09	9.1962e-11	2.7493e-10	6.5434e-11	2.4392e-10	2.8865e-11	2.7536e-10	4.732e-11	2.1524e-10	5.3708e-11	2.1542e-10	8.1545e-11	1.3535e-10	2.7635e-11	1.3718e-10	2.0011e-11	1.2501e-10	1.1266e-11	1.2511e-10	4.324e-11	1.8587e-10	1.2221e-10	2.3227e-10	4.3298e-11	7.597e-11	2.331e-11	2.1766e-10	1.1336e-11	1.2689e-11	7.6849e-12
695.277	0.4113	0.050715	0.00021726	0.00013385	0.00044836	0.0013638	0.00038856	0.001278	3.3023e-05	0.00021144	4.6625e-05	0.00027159	5.0133e-05	0.00019198	9.4539e-06	3.7973e-05	9.6685e-06	1.9474e-05	1.5669e-05	3.6225e-05	7.2037e-06	2.4382e-05	1.2158e-05	2.4296e-05	1.4831e-05	0.00014531	9.6903e-07	7.0643e-06	9.9487e-08	1.2848e-07	9.6114e-09	2.0753e-08	1.3196e-09	7.7788e-09	1.4411e-09	4.0418e-09	1.3133e-09	4.3252e-09	9.6509e-10	2.376e-09	4.2968e-10	1.2037e-09	1.4104e-10	4.6174e-10	2.3788e-10	6.8698e-10	2.2336e-10	5.9967e-10	1.3195e-10	7.079e-10	1.4935e-10	8.6944e-10	1.6615e-10	4.1023e-10	9.8537e-11	1.0217e-09	9.1247e-11	2.7284e-10	6.4882e-11	2.4206e-10	2.8626e-11	2.7323e-10	4.6963e-11	2.1367e-10	5.33e-11	2.1384e-10	8.0949e-11	1.3437e-10	2.7428e-11	1.3611e-10	1.9862e-11	1.2403e-10	1.1178e-11	1.2417e-10	4.2908e-11	1.8445e-10	1.2133e-10	2.3052e-10	4.2987e-11	7.5368e-11	2.3127e-11	2.1598e-10	1.1245e-11	1.2588e-11	7.6249e-12
704.94	0.40892	0.05024	0.0002154	0.00013285	0.00044401	0.0013514	0.00038508	0.0012666	3.2709e-05	0.00020944	4.6203e-05	0.00026901	4.9722e-05	0.00019032	9.3778e-06	3.7673e-05	9.6088e-06	1.9362e-05	1.5543e-05	3.5903e-05	7.1375e-06	2.4146e-05	1.2043e-05	2.4058e-05	1.469e-05	0.0001441	9.6197e-07	7.009e-06	9.863e-08	1.2742e-07	9.5275e-09	2.0591e-08	1.3093e-09	7.7097e-09	1.43e-09	4.0064e-09	1.3029e-09	4.292e-09	9.5775e-10	2.3579e-09	4.2628e-10	1.1943e-09	1.3997e-10	4.5812e-10	2.3601e-10	6.813e-10	2.2159e-10	5.9481e-10	1.3089e-10	7.0206e-10	1.4821e-10	8.6247e-10	1.6487e-10	4.0716e-10	9.776e-11	1.0135e-09	9.0574e-11	2.7069e-10	6.4384e-11	2.4016e-10	2.8395e-11	2.7113e-10	4.659e-11	2.1197e-10	5.2893e-11	2.1219e-10	8.0322e-11	1.3331e-10	2.7214e-11	1.3512e-10	1.9712e-11	1.2309e-10	1.1093e-11	1.2318e-10	4.2569e-11	1.8299e-10	1.2035e-10	2.2868e-10	4.2635e-11	7.4781e-11	2.2948e-11	2.1429e-10	1.1159e-11	1.2491e-11	7.5687e-12
714.736	0.40656	0.049748	0.00021349	0.00013197	0.00043968	0.0013386	0.00038145	0.0012548	3.2389e-05	0.00020727	4.5743e-05	0.00026635	4.9256e-05	0.0001886	9.3116e-06	3.7363e-05	9.5327e-06	1.9232e-05	1.5431e-05	3.5572e-05	7.0663e-06	2.39e-05	1.1928e-05	2.3807e-05	1.4565e-05	0.00014291	9.5535e-07	6.9547e-06	9.7884e-08	1.2636e-07	9.452e-09	2.0425e-08	1.2987e-09	7.6463e-09	1.4189e-09	3.9735e-09	1.2915e-09	4.2535e-09	9.5021e-10	2.3394e-09	4.2289e-10	1.1851e-09	1.3886e-10	4.5412e-10	2.3415e-10	6.7549e-10	2.1969e-10	5.8961e-10	1.2974e-10	6.9656e-10	1.4701e-10	8.5599e-10	1.6355e-10	4.0383e-10	9.7029e-11	1.006e-09	8.9845e-11	2.6866e-10	6.3865e-11	2.3828e-10	2.8171e-11	2.69e-10	4.6238e-11	2.1033e-10	5.2496e-11	2.1048e-10	7.9674e-11	1.3225e-10	2.7012e-11	1.34e-10	1.9551e-11	1.2209e-10	1.1003e-11	1.222e-10	4.223e-11	1.8155e-10	1.1941e-10	2.2688e-10	4.2302e-11	7.418e-11	2.2756e-11	2.125e-10	1.1066e-11	1.2395e-11	7.5116e-12
724.669	0.4042	0.049213	0.00021159	0.00013103	0.00043546	0.0013245	0.00037748	0.0012419	3.2062e-05	0.00020535	4.5279e-05	0.00026397	4.8782e-05	0.00018678	9.227e-06	3.7021e-05	9.4575e-06	1.9088e-05	1.53e-05	3.5211e-05	6.9981e-06	2.3679e-05	1.1797e-05	2.3579e-05	1.4434e-05	0.00014164	9.4953e-07	6.899e-06	9.719e-08	1.2544e-07	9.3745e-09	2.0259e-08	1.288e-09	7.5783e-09	1.4059e-09	3.9386e-09	1.2806e-09	4.218e-09	9.4161e-10	2.3182e-09	4.1952e-10	1.1742e-09	1.3761e-10	4.5028e-10	2.3204e-10	6.697e-10	2.1781e-10	5.8491e-10	1.2871e-10	6.9089e-10	1.4587e-10	8.4884e-10	1.623e-10	4.0078e-10	9.6237e-11	9.9752e-10	8.9128e-11	2.6647e-10	6.3371e-11	2.3638e-10	2.7943e-11	2.6697e-10	4.5857e-11	2.086e-10	5.2052e-11	2.0878e-10	7.9031e-11	1.3118e-10	2.6783e-11	1.3293e-10	1.9394e-11	1.2111e-10	1.0915e-11	1.2121e-10	4.1889e-11	1.8001e-10	1.184e-10	2.2496e-10	4.1947e-11	7.3556e-11	2.257e-11	2.1077e-10	1.0975e-11	1.2304e-11	7.4528e-12
734.74	0.40172	0.048741	0.0002097	0.00013003	0.00043168	0.0013122	0.00037399	0.0012304	3.1744e-05	0.00020358	4.4813e-05	0.0002619	4.8299e-05	0.00018517	9.1447e-06	3.6726e-05	9.3825e-06	1.8956e-05	1.5167e-05	3.4895e-05	6.9293e-06	2.3457e-05	1.1677e-05	2.3368e-05	1.4288e-05	0.0001405	9.4261e-07	6.8398e-06	9.6305e-08	1.2443e-07	9.2971e-09	2.0076e-08	1.2765e-09	7.5173e-09	1.394e-09	3.9069e-09	1.2694e-09	4.1803e-09	9.3363e-10	2.2985e-09	4.1566e-10	1.1643e-09	1.3644e-10	4.463e-10	2.3007e-10	6.6397e-10	2.159e-10	5.8009e-10	1.2765e-10	6.8555e-10	1.4466e-10	8.4199e-10	1.6095e-10	3.9737e-10	9.5451e-11	9.8947e-10	8.8388e-11	2.643e-10	6.2839e-11	2.3457e-10	2.7724e-11	2.6467e-10	4.5497e-11	2.069e-10	5.1631e-11	2.0706e-10	7.8381e-11	1.3011e-10	2.6567e-11	1.318e-10	1.9232e-11	1.2007e-10	1.0821e-11	1.2017e-10	4.153e-11	1.7852e-10	1.1741e-10	2.2309e-10	4.1595e-11	7.2954e-11	2.2396e-11	2.0914e-10	1.089e-11	1.2199e-11	7.3869e-12
744.951	0.39936	0.04831	0.0002079	0.000129	0.00042748	0.0013011	0.00037079	0.0012199	3.1404e-05	0.00020175	4.4345e-05	0.00025933	4.7802e-05	0.00018377	9.0627e-06	3.6466e-05	9.3011e-06	1.8819e-05	1.5031e-05	3.4613e-05	6.8679e-06	2.3203e-05	1.1552e-05	2.3121e-05	1.4154e-05	0.00013947	9.3538e-07	6.7853e-06	9.5509e-08	1.2332e-07	9.212e-09	1.9902e-08	1.2654e-09	7.4542e-09	1.3813e-09	3.8739e-09	1.259e-09	4.1461e-09	9.2515e-10	2.2776e-09	4.1208e-10	1.1537e-09	1.3521e-10	4.4253e-10	2.2799e-10	6.585e-10	2.1405e-10	5.7536e-10	1.2661e-10	6.7979e-10	1.4353e-10	8.3465e-10	1.5963e-10	3.9412e-10	9.4651e-11	9.8087e-10	8.7657e-11	2.6208e-10	6.2348e-11	2.3252e-10	2.7498e-11	2.625e-10	4.5108e-11	2.051e-10	5.119e-11	2.0526e-10	7.77e-11	1.2897e-10	2.6338e-11	1.3068e-10	1.9066e-11	1.1906e-10	1.073e-11	1.1917e-10	4.1181e-11	1.7711e-10	1.1649e-10	2.2134e-10	4.1263e-11	7.2373e-11	2.2223e-11	2.0755e-10	1.0803e-11	1.2084e-11	7.3178e-12
755.304	0.39719	0.04785	0.00020606	0.00012796	0.00042306	0.0012889	0.00036739	0.0012091	3.1097e-05	0.00019977	4.386e-05	0.00025685	4.7329e-05	0.00018206	8.9738e-06	3.616e-05	9.2222e-06	1.8661e-05	1.4888e-05	3.4289e-05	6.8027e-06	2.297e-05	1.1422e-05	2.2883e-05	1.4017e-05	0.00013821	9.286e-07	6.7249e-06	9.469e-08	1.2231e-07	9.1309e-09	1.9722e-08	1.254e-09	7.3929e-09	1.3698e-09	3.8427e-09	1.2483e-09	4.1107e-09	9.1737e-10	2.2585e-09	4.0831e-10	1.1441e-09	1.3406e-10	4.388e-10	2.261e-10	6.5292e-10	2.1226e-10	5.7053e-10	1.2554e-10	6.7406e-10	1.4227e-10	8.2752e-10	1.5826e-10	3.9064e-10	9.3853e-11	9.7246e-10	8.6882e-11	2.5987e-10	6.1802e-11	2.3058e-10	2.7261e-11	2.6021e-10	4.4731e-11	2.0335e-10	5.0744e-11	2.0352e-10	7.704e-11	1.2787e-10	2.611e-11	1.2962e-10	1.8906e-11	1.1811e-10	1.0644e-11	1.1821e-10	4.0851e-11	1.7574e-10	1.1555e-10	2.1961e-10	4.0927e-11	7.1815e-11	2.2034e-11	2.0575e-10	1.0716e-11	1.1976e-11	7.2547e-12
765.801	0.39455	0.047365	0.0002043	0.00012694	0.00041892	0.0012762	0.00036377	0.0011973	3.0811e-05	0.00019776	4.3413e-05	0.00025435	4.6818e-05	0.00018039	8.89e-06	3.585e-05	9.1431e-06	1.8514e-05	1.4754e-05	3.3962e-05	6.7312e-06	2.2729e-05	1.1293e-05	2.2648e-05	1.3868e-05	0.000137	9.2173e-07	6.6723e-06	9.3861e-08	1.2126e-07	9.0473e-09	1.9556e-08	1.2435e-09	7.3294e-09	1.3579e-09	3.8091e-09	1.2381e-09	4.0768e-09	9.0948e-10	2.2391e-09	4.0487e-10	1.1342e-09	1.3291e-10	4.3506e-10	2.2414e-10	6.4758e-10	2.1044e-10	5.6593e-10	1.2453e-10	6.6824e-10	1.4107e-10	8.208e-10	1.5691e-10	3.8724e-10	9.3012e-11	9.6455e-10	8.6129e-11	2.5755e-10	6.128e-11	2.2854e-10	2.7028e-11	2.5792e-10	4.433e-11	2.017e-10	5.0317e-11	2.0185e-10	7.6411e-11	1.2683e-10	2.5894e-11	1.2855e-10	1.875e-11	1.1717e-10	1.0559e-11	1.1728e-10	4.0531e-11	1.7421e-10	1.1459e-10	2.1771e-10	4.0596e-11	7.1179e-11	2.183e-11	2.0381e-10	1.0617e-11	1.1871e-11	7.1887e-12
776.444	0.39183	0.046874	0.00020246	0.00012595	0.00041471	0.0012633	0.00036009	0.0011854	3.0473e-05	0.00019574	4.2999e-05	0.00025168	4.6361e-05	0.0001787	8.8036e-06	3.5534e-05	9.0734e-06	1.8356e-05	1.4606e-05	3.363e-05	6.6653e-06	2.2476e-05	1.1163e-05	2.2416e-05	1.3725e-05	0.00013581	9.1364e-07	6.6233e-06	9.2974e-08	1.201e-07	8.97e-09	1.9384e-08	1.2325e-09	7.2694e-09	1.3465e-09	3.7773e-09	1.2272e-09	4.0406e-09	9.0171e-10	2.22e-09	4.013e-10	1.1247e-09	1.3177e-10	4.3138e-10	2.2227e-10	6.4199e-10	2.0867e-10	5.6078e-10	1.234e-10	6.6244e-10	1.3979e-10	8.1402e-10	1.5549e-10	3.8405e-10	9.2194e-11	9.5651e-10	8.5419e-11	2.5528e-10	6.0724e-11	2.265e-10	2.679e-11	2.5573e-10	4.394e-11	2.0007e-10	4.989e-11	2.0025e-10	7.5802e-11	1.2582e-10	2.5676e-11	1.2749e-10	1.8601e-11	1.1615e-10	1.0467e-11	1.1623e-10	4.0169e-11	1.7255e-10	1.1352e-10	2.1566e-10	4.0221e-11	7.0491e-11	2.1619e-11	2.0187e-10	1.0514e-11	1.1763e-11	7.1263e-12
787.234	0.3893	0.046375	0.00020057	0.00012494	0.00041002	0.0012502	0.00035635	0.0011734	3.0151e-05	0.00019374	4.2524e-05	0.00024923	4.5935e-05	0.0001769	8.7267e-06	3.5203e-05	8.9964e-06	1.821e-05	1.4476e-05	3.3284e-05	6.5976e-06	2.2225e-05	1.1036e-05	2.2156e-05	1.3577e-05	0.00013463	9.0619e-07	6.5612e-06	9.2115e-08	1.19e-07	8.89e-09	1.9221e-08	1.2222e-09	7.2025e-09	1.3345e-09	3.7431e-09	1.2165e-09	4.0068e-09	8.9382e-10	2.2005e-09	3.9791e-10	1.1146e-09	1.3062e-10	4.2774e-10	2.2027e-10	6.3625e-10	2.0688e-10	5.5591e-10	1.2233e-10	6.5634e-10	1.3853e-10	8.0698e-10	1.541e-10	3.8082e-10	9.1422e-11	9.4835e-10	8.4728e-11	2.5314e-10	6.0181e-11	2.2456e-10	2.6545e-11	2.5354e-10	4.3572e-11	1.9829e-10	4.9486e-11	1.9843e-10	7.5114e-11	1.2469e-10	2.5463e-11	1.2629e-10	1.8431e-11	1.1503e-10	1.0367e-11	1.1509e-10	3.9779e-11	1.7088e-10	1.124e-10	2.1355e-10	3.9821e-11	6.9821e-11	2.1425e-11	2.0006e-10	1.0419e-11	1.1659e-11	7.064e-12
798.175	0.38662	0.04589	0.00019869	0.00012396	0.00040561	0.0012375	0.00035269	0.0011615	2.983e-05	0.00019164	4.2059e-05	0.00024661	4.5423e-05	0.00017524	8.6462e-06	3.4893e-05	8.9124e-06	1.8061e-05	1.4353e-05	3.2959e-05	6.5234e-06	2.1971e-05	1.0913e-05	2.1913e-05	1.3438e-05	0.00013329	8.9819e-07	6.5053e-06	9.1246e-08	1.1785e-07	8.8143e-09	1.9047e-08	1.2112e-09	7.1389e-09	1.3232e-09	3.71e-09	1.2055e-09	3.9698e-09	8.8627e-10	2.1819e-09	3.9428e-10	1.1051e-09	1.2952e-10	4.2376e-10	2.1838e-10	6.3056e-10	2.0498e-10	5.5076e-10	1.2119e-10	6.504e-10	1.3735e-10	7.9921e-10	1.5279e-10	3.7749e-10	9.0671e-11	9.3925e-10	8.3952e-11	2.5106e-10	5.9669e-11	2.2261e-10	2.6308e-11	2.5143e-10	4.3206e-11	1.9637e-10	4.9024e-11	1.9647e-10	7.4373e-11	1.2346e-10	2.5222e-11	1.2503e-10	1.8247e-11	1.139e-10	1.0264e-11	1.1398e-10	3.9391e-11	1.6932e-10	1.1137e-10	2.1161e-10	3.9455e-11	6.9184e-11	2.1219e-11	1.9815e-10	1.032e-11	1.1561e-11	7.0034e-12
809.267	0.38389	0.045376	0.00019679	0.00012294	0.00040098	0.0012239	0.00034881	0.0011491	2.9511e-05	0.00018973	4.1605e-05	0.00024428	4.4948e-05	0.00017345	8.5564e-06	3.4553e-05	8.8348e-06	1.7914e-05	1.4203e-05	3.2606e-05	6.4533e-06	2.1726e-05	1.0789e-05	2.1659e-05	1.3299e-05	0.00013204	8.9098e-07	6.4478e-06	9.0428e-08	1.1678e-07	8.7334e-09	1.8876e-08	1.2002e-09	7.0717e-09	1.3107e-09	3.6748e-09	1.1946e-09	3.9342e-09	8.7786e-10	2.1612e-09	3.9084e-10	1.0948e-09	1.2829e-10	4.1995e-10	2.1635e-10	6.248e-10	2.0313e-10	5.4565e-10	1.2007e-10	6.4479e-10	1.3616e-10	7.9114e-10	1.5152e-10	3.7381e-10	8.9827e-11	9.2974e-10	8.3121e-11	2.4873e-10	5.9152e-11	2.2072e-10	2.6078e-11	2.4903e-10	4.2815e-11	1.944e-10	4.8526e-11	1.9454e-10	7.3641e-11	1.2224e-10	2.4965e-11	1.2386e-10	1.8071e-11	1.1284e-10	1.017e-11	1.1293e-10	3.9028e-11	1.6767e-10	1.103e-10	2.0955e-10	3.908e-11	6.8524e-11	2.1029e-11	1.9637e-10	1.0227e-11	1.1454e-11	6.9365e-12
820.514	0.38129	0.044911	0.00019483	0.00012187	0.00039671	0.0012117	0.0003453	0.0011378	2.916e-05	0.00018797	4.1154e-05	0.00024197	4.4466e-05	0.00017187	8.4738e-06	3.4254e-05	8.7551e-06	1.7764e-05	1.4064e-05	3.2293e-05	6.3801e-06	2.1485e-05	1.0668e-05	2.1425e-05	1.3161e-05	0.00013073	8.8347e-07	6.3891e-06	8.959e-08	1.157e-07	8.6538e-09	1.8701e-08	1.1891e-09	7.0054e-09	1.2988e-09	3.6406e-09	1.1832e-09	3.8965e-09	8.6989e-10	2.1416e-09	3.8716e-10	1.0848e-09	1.2713e-10	4.1599e-10	2.1438e-10	6.1883e-10	2.0123e-10	5.408e-10	1.1901e-10	6.3933e-10	1.3494e-10	7.8374e-10	1.5009e-10	3.6999e-10	8.8922e-11	9.2102e-10	8.2284e-11	2.4623e-10	5.862e-11	2.1858e-10	2.5857e-11	2.4646e-10	4.239e-11	1.9258e-10	4.8058e-11	1.9272e-10	7.2952e-11	1.211e-10	2.4728e-11	1.2267e-10	1.7901e-11	1.1173e-10	1.0069e-11	1.1183e-10	3.8647e-11	1.6615e-10	1.0929e-10	2.0764e-10	3.8719e-11	6.7891e-11	2.0841e-11	1.9464e-10	1.0133e-11	1.1344e-11	6.8722e-12
831.917	0.37854	0.044479	0.00019293	0.00012081	0.00039235	0.0012004	0.00034203	0.0011273	2.8828e-05	0.00018589	4.0651e-05	0.00023931	4.3986e-05	0.00017033	8.3887e-06	3.3974e-05	8.6652e-06	1.7619e-05	1.3922e-05	3.1999e-05	6.3116e-06	2.1243e-05	1.0547e-05	2.1185e-05	1.3024e-05	0.00012953	8.7622e-07	6.3272e-06	8.8793e-08	1.1464e-07	8.5723e-09	1.8527e-08	1.178e-09	6.9427e-09	1.2862e-09	3.6083e-09	1.172e-09	3.8597e-09	8.615e-10	2.1209e-09	3.8358e-10	1.0743e-09	1.259e-10	4.12e-10	2.1229e-10	6.1306e-10	1.9929e-10	5.3592e-10	1.1794e-10	6.332e-10	1.336e-10	7.7596e-10	1.4856e-10	3.6648e-10	8.802e-11	9.1192e-10	8.1503e-11	2.4372e-10	5.8033e-11	2.1629e-10	2.5608e-11	2.4408e-10	4.1953e-11	1.9066e-10	4.7596e-11	1.9082e-10	7.2234e-11	1.1989e-10	2.4488e-11	1.2152e-10	1.7726e-11	1.107e-10	9.9766e-12	1.1079e-10	3.8288e-11	1.6466e-10	1.0828e-10	2.0576e-10	3.8356e-11	6.7292e-11	2.0653e-11	1.9285e-10	1.0042e-11	1.124e-11	6.809e-12
843.478	0.37566	0.043968	0.00019108	0.00011973	0.00038809	0.0011868	0.00033816	0.001115	2.8485e-05	0.00018391	4.018e-05	0.00023688	4.3472e-05	0.00016851	8.2955e-06	3.3627e-05	8.5808e-06	1.7457e-05	1.3779e-05	3.1641e-05	6.2426e-06	2.1006e-05	1.042e-05	2.0954e-05	1.2891e-05	0.00012829	8.6855e-07	6.2666e-06	8.7953e-08	1.1356e-07	8.4914e-09	1.8344e-08	1.1664e-09	6.8794e-09	1.2739e-09	3.5764e-09	1.1614e-09	3.8249e-09	8.5318e-10	2.1005e-09	3.798e-10	1.064e-09	1.2468e-10	4.0818e-10	2.1026e-10	6.0747e-10	1.9743e-10	5.3111e-10	1.1687e-10	6.2664e-10	1.3219e-10	7.6866e-10	1.4703e-10	3.628e-10	8.7174e-11	9.0332e-10	8.0682e-11	2.4138e-10	5.7425e-11	2.1418e-10	2.5339e-11	2.4169e-10	4.155e-11	1.8888e-10	4.7133e-11	1.8901e-10	7.155e-11	1.1877e-10	2.4254e-11	1.2037e-10	1.7558e-11	1.0969e-10	9.8851e-12	1.098e-10	3.7943e-11	1.6314e-10	1.073e-10	2.0388e-10	3.801e-11	6.6652e-11	2.0445e-11	1.9092e-10	9.9427e-12	1.1138e-11	6.7491e-12
855.2	0.37262	0.043489	0.0001893	0.0001186	0.0003837	0.0011742	0.00033451	0.0011032	2.8165e-05	0.00018195	3.9692e-05	0.00023438	4.2977e-05	0.00016686	8.2071e-06	3.3313e-05	8.4912e-06	1.7302e-05	1.3627e-05	3.1315e-05	6.1746e-06	2.0772e-05	1.0296e-05	2.0713e-05	1.2746e-05	0.00012711	8.6134e-07	6.2061e-06	8.7103e-08	1.1253e-07	8.4067e-09	1.8167e-08	1.1552e-09	6.8161e-09	1.2623e-09	3.5419e-09	1.1512e-09	3.7903e-09	8.4528e-10	2.0811e-09	3.7612e-10	1.0543e-09	1.2353e-10	4.0437e-10	2.0834e-10	6.0209e-10	1.9558e-10	5.257e-10	1.1567e-10	6.2014e-10	1.309e-10	7.6143e-10	1.456e-10	3.5933e-10	8.629e-11	8.9476e-10	7.9916e-11	2.3893e-10	5.6865e-11	2.1205e-10	2.5081e-11	2.3933e-10	4.1125e-11	1.8713e-10	4.668e-11	1.873e-10	7.09e-11	1.1768e-10	2.4021e-11	1.1927e-10	1.7399e-11	1.0867e-10	9.7931e-12	1.0874e-10	3.7581e-11	1.6148e-10	1.0621e-10	2.018e-10	3.7629e-11	6.5983e-11	2.025e-11	1.8911e-10	9.8466e-12	1.1037e-11	6.6861e-12
867.086	0.36964	0.043006	0.00018732	0.00011752	0.00037952	0.0011614	0.00033084	0.0010916	2.7837e-05	0.00017999	3.9239e-05	0.00023174	4.2477e-05	0.00016516	8.1147e-06	3.299e-05	8.4091e-06	1.7138e-05	1.3478e-05	3.0983e-05	6.1058e-06	2.0521e-05	1.017e-05	2.0481e-05	1.2608e-05	0.00012586	8.5335e-07	6.1485e-06	8.6256e-08	1.1139e-07	8.3243e-09	1.7998e-08	1.1444e-09	6.7455e-09	1.2505e-09	3.5047e-09	1.1397e-09	3.7536e-09	8.3735e-10	2.0616e-09	3.7263e-10	1.0446e-09	1.2237e-10	4.0071e-10	2.0645e-10	5.9606e-10	1.9383e-10	5.2002e-10	1.1443e-10	6.1402e-10	1.2956e-10	7.5429e-10	1.441e-10	3.559e-10	8.5454e-11	8.8639e-10	7.9171e-11	2.3662e-10	5.6278e-11	2.0997e-10	2.4832e-11	2.37e-10	4.073e-11	1.8536e-10	4.625e-11	1.8547e-10	7.021e-11	1.1655e-10	2.3798e-11	1.1805e-10	1.7227e-11	1.0755e-10	9.6922e-12	1.0763e-10	3.7196e-11	1.5992e-10	1.0518e-10	1.9985e-10	3.7259e-11	6.5351e-11	2.0057e-11	1.8732e-10	9.7523e-12	1.0931e-11	6.6186e-12
879.136	0.36669	0.042525	0.00018519	0.00011645	0.000375	0.0011487	0.00032718	0.0010799	2.7524e-05	0.00017785	3.8775e-05	0.00022914	4.2003e-05	0.00016338	8.0283e-06	3.2658e-05	8.3246e-06	1.6975e-05	1.3329e-05	3.0643e-05	6.0396e-06	2.028e-05	1.0043e-05	2.0238e-05	1.2464e-05	0.00012465	8.4568e-07	6.0899e-06	8.5403e-08	1.1031e-07	8.246e-09	1.7834e-08	1.134e-09	6.6719e-09	1.2385e-09	3.467e-09	1.1275e-09	3.7139e-09	8.2948e-10	2.0421e-09	3.6921e-10	1.0344e-09	1.2122e-10	3.9657e-10	2.0439e-10	5.8957e-10	1.9184e-10	5.1479e-10	1.1328e-10	6.0767e-10	1.2829e-10	7.4645e-10	1.4269e-10	3.5252e-10	8.4652e-11	8.7721e-10	7.8402e-11	2.3439e-10	5.5728e-11	2.079e-10	2.4578e-11	2.3478e-10	4.034e-11	1.8342e-10	4.578e-11	1.8356e-10	6.9486e-11	1.1534e-10	2.3554e-11	1.1688e-10	1.7051e-11	1.0649e-10	9.5972e-12	1.0659e-10	3.6835e-11	1.5838e-10	1.0416e-10	1.9792e-10	3.6898e-11	6.4729e-11	1.9877e-11	1.8562e-10	9.6627e-12	1.0814e-11	6.5502e-12
891.353	0.36379	0.042011	0.00018314	0.00011542	0.00037066	0.0011351	0.00032324	0.0010673	2.7195e-05	0.00017582	3.8331e-05	0.00022651	4.1522e-05	0.0001616	7.9409e-06	3.2315e-05	8.2424e-06	1.682e-05	1.3187e-05	3.0292e-05	5.9679e-06	2.0031e-05	9.9211e-06	2.0001e-05	1.2322e-05	0.00012339	8.3752e-07	6.0334e-06	8.4521e-08	1.0917e-07	8.1698e-09	1.7652e-08	1.1224e-09	6.6041e-09	1.2252e-09	3.4318e-09	1.1153e-09	3.6733e-09	8.2069e-10	2.0204e-09	3.6548e-10	1.0233e-09	1.1994e-10	3.9216e-10	2.0219e-10	5.8335e-10	1.8972e-10	5.094e-10	1.1209e-10	6.016e-10	1.2703e-10	7.3901e-10	1.4133e-10	3.4882e-10	8.3811e-11	8.6844e-10	7.7577e-11	2.3207e-10	5.5184e-11	2.0592e-10	2.4333e-11	2.3234e-10	3.995e-11	1.8161e-10	4.5312e-11	1.8176e-10	6.8802e-11	1.142e-10	2.3316e-11	1.1573e-10	1.6883e-11	1.0545e-10	9.5035e-12	1.0556e-10	3.6478e-11	1.5694e-10	1.0319e-10	1.9612e-10	3.6552e-11	6.4126e-11	1.9682e-11	1.8381e-10	9.569e-12	1.0707e-11	6.484e-12
903.741	0.36095	0.041515	0.00018116	0.00011426	0.00036612	0.001122	0.00031944	0.0010552	2.6871e-05	0.00017375	3.7866e-05	0.00022399	4.106e-05	0.00015981	7.8552e-06	3.1974e-05	8.1565e-06	1.6664e-05	1.3042e-05	2.9946e-05	5.8991e-06	1.9782e-05	9.8e-06	1.9754e-05	1.2186e-05	0.00012215	8.2954e-07	5.9757e-06	8.367e-08	1.0805e-07	8.0851e-09	1.7457e-08	1.1099e-09	6.5337e-09	1.2116e-09	3.3949e-09	1.1039e-09	3.6355e-09	8.1151e-10	1.9979e-09	3.6149e-10	1.012e-09	1.186e-10	3.8809e-10	1.9997e-10	5.7733e-10	1.8772e-10	5.0425e-10	1.1096e-10	5.9583e-10	1.2579e-10	7.3166e-10	1.3991e-10	3.4529e-10	8.2922e-11	8.5979e-10	7.6803e-11	2.296e-10	5.4644e-11	2.0375e-10	2.41e-11	2.2996e-10	3.9522e-11	1.7981e-10	4.4861e-11	1.7998e-10	6.8129e-11	1.1308e-10	2.3084e-11	1.1464e-10	1.6719e-11	1.0448e-10	9.4158e-12	1.0456e-10	3.6137e-11	1.5538e-10	1.0218e-10	1.9417e-10	3.6193e-11	6.3486e-11	1.9468e-11	1.8178e-10	9.4684e-12	1.0594e-11	6.413e-12
916.301	0.35806	0.041017	0.00017916	0.000113	0.00036167	0.0011088	0.00031561	0.0010429	2.6542e-05	0.00017181	3.7415e-05	0.0002215	4.0584e-05	0.00015808	7.7675e-06	3.164e-05	8.0749e-06	1.6506e-05	1.2902e-05	2.9605e-05	5.8276e-06	1.9544e-05	9.6827e-06	1.9514e-05	1.205e-05	0.00012085	8.2197e-07	5.9152e-06	8.284e-08	1.0699e-07	7.9945e-09	1.7265e-08	1.0978e-09	6.4671e-09	1.199e-09	3.3606e-09	1.092e-09	3.5959e-09	8.0305e-10	1.9771e-09	3.5747e-10	1.0014e-09	1.1736e-10	3.8397e-10	1.9789e-10	5.7122e-10	1.8574e-10	4.9913e-10	1.0984e-10	5.897e-10	1.2443e-10	7.2478e-10	1.3841e-10	3.4181e-10	8.2085e-11	8.5166e-10	7.6038e-11	2.2729e-10	5.4054e-11	2.0164e-10	2.3847e-11	2.2764e-10	3.912e-11	1.7813e-10	4.4423e-11	1.7826e-10	6.7478e-11	1.1201e-10	2.2862e-11	1.135e-10	1.6558e-11	1.0343e-10	9.3208e-12	1.0351e-10	3.5774e-11	1.5366e-10	1.0108e-10	1.9203e-10	3.5812e-11	6.2781e-11	1.9264e-11	1.799e-10	9.3671e-12	1.0469e-11	6.3395e-12
929.035	0.355	0.040544	0.00017721	0.00011181	0.00035742	0.0010962	0.00031198	0.0010314	2.6215e-05	0.00016982	3.695e-05	0.00021903	4.0099e-05	0.00015639	7.6835e-06	3.1317e-05	7.9861e-06	1.6329e-05	1.2759e-05	2.9276e-05	5.7571e-06	1.9307e-05	9.5543e-06	1.9284e-05	1.1916e-05	0.00011959	8.1442e-07	5.8562e-06	8.2043e-08	1.0592e-07	7.9062e-09	1.7084e-08	1.0862e-09	6.4011e-09	1.1858e-09	3.3271e-09	1.0807e-09	3.5591e-09	7.943e-10	1.9554e-09	3.5371e-10	9.9041e-10	1.1608e-10	3.7996e-10	1.9572e-10	5.6529e-10	1.8378e-10	4.9415e-10	1.0874e-10	5.8334e-10	1.2314e-10	7.1741e-10	1.3699e-10	3.3855e-10	8.126e-11	8.4302e-10	7.5308e-11	2.25e-10	5.3495e-11	1.9958e-10	2.3593e-11	2.2541e-10	3.8723e-11	1.7631e-10	4.3981e-11	1.7643e-10	6.6788e-11	1.1087e-10	2.2632e-11	1.1227e-10	1.6386e-11	1.0227e-10	9.2168e-12	1.0234e-10	3.537e-11	1.5204e-10	9.9988e-11	1.9e-10	3.5423e-11	6.2131e-11	1.9059e-11	1.7797e-10	9.2685e-12	1.0355e-11	6.272e-12
941.946	0.35156	0.040064	0.00017535	0.00011063	0.00035319	0.0010835	0.00030828	0.0010196	2.5878e-05	0.00016793	3.6492e-05	0.00021657	3.9622e-05	0.0001547	7.5926e-06	3.0992e-05	7.9005e-06	1.6146e-05	1.261e-05	2.8944e-05	5.6901e-06	1.9074e-05	9.4201e-06	1.906e-05	1.1769e-05	0.00011839	8.0639e-07	5.7957e-06	8.1153e-08	1.0484e-07	7.8217e-09	1.6897e-08	1.0744e-09	6.3361e-09	1.1735e-09	3.2926e-09	1.0699e-09	3.5231e-09	7.8598e-10	1.935e-09	3.498e-10	9.8014e-10	1.1486e-10	3.7597e-10	1.9368e-10	5.5966e-10	1.8185e-10	4.8872e-10	1.0754e-10	5.773e-10	1.2187e-10	7.094e-10	1.356e-10	3.3507e-10	8.0464e-11	8.3369e-10	7.4534e-11	2.228e-10	5.2944e-11	1.9761e-10	2.3349e-11	2.2312e-10	3.8351e-11	1.7431e-10	4.3515e-11	1.7442e-10	6.6028e-11	1.096e-10	2.2387e-11	1.1104e-10	1.6202e-11	1.0118e-10	9.1181e-12	1.0127e-10	3.4997e-11	1.5039e-10	9.892e-11	1.8794e-10	3.5047e-11	6.1452e-11	1.8835e-11	1.7586e-10	9.163e-12	1.0244e-11	6.2054e-12
955.037	0.34879	0.039603	0.00017334	0.00010945	0.0003488	0.0010713	0.00030473	0.0010084	2.5551e-05	0.00016596	3.6019e-05	0.00021418	3.9138e-05	0.00015303	7.5052e-06	3.0673e-05	7.8104e-06	1.5976e-05	1.2464e-05	2.8621e-05	5.6228e-06	1.8819e-05	9.2949e-06	1.8817e-05	1.1617e-05	0.00011722	7.9769e-07	5.7344e-06	8.0203e-08	1.0365e-07	7.7355e-09	1.6717e-08	1.063e-09	6.2655e-09	1.1614e-09	3.2559e-09	1.0585e-09	3.4863e-09	7.7775e-10	1.9148e-09	3.461e-10	9.7007e-10	1.1366e-10	3.7214e-10	1.9171e-10	5.5355e-10	1.8001e-10	4.8351e-10	1.064e-10	5.7137e-10	1.2068e-10	7.0165e-10	1.3425e-10	3.3129e-10	7.962e-11	8.2453e-10	7.3671e-11	2.2047e-10	5.2428e-11	1.9557e-10	2.3111e-11	2.2069e-10	3.795e-11	1.7243e-10	4.3025e-11	1.7258e-10	6.5327e-11	1.0843e-10	2.2138e-11	1.0985e-10	1.603e-11	1.0007e-10	9.0183e-12	1.0015e-10	3.4611e-11	1.4859e-10	9.777e-11	1.8571e-10	3.4646e-11	6.0705e-11	1.8619e-11	1.7386e-10	9.0549e-12	1.0137e-11	6.1415e-12
968.309	0.34635	0.039132	0.00017134	0.00010829	0.00034413	0.0010588	0.00030108	0.00099676	2.5234e-05	0.00016398	3.5558e-05	0.0002116	3.8648e-05	0.0001514	7.4138e-06	3.0357e-05	7.7222e-06	1.5798e-05	1.2315e-05	2.83e-05	5.5544e-06	1.8556e-05	9.1685e-06	1.8562e-05	1.1475e-05	0.00011592	7.8879e-07	5.6757e-06	7.9304e-08	1.0243e-07	7.6522e-09	1.6546e-08	1.0521e-09	6.1981e-09	1.1492e-09	3.2213e-09	1.0467e-09	3.4469e-09	7.6966e-10	1.8949e-09	3.4254e-10	9.5983e-10	1.1248e-10	3.6797e-10	1.8966e-10	5.4746e-10	1.78e-10	4.7839e-10	1.0527e-10	5.6558e-10	1.1941e-10	6.9391e-10	1.3282e-10	3.2762e-10	7.8693e-11	8.1546e-10	7.2875e-11	2.179e-10	5.1873e-11	1.934e-10	2.2874e-11	2.182e-10	3.7509e-11	1.7051e-10	4.2559e-11	1.7064e-10	6.4596e-11	1.0722e-10	2.1897e-11	1.0857e-10	1.585e-11	9.8863e-11	8.9096e-12	9.8919e-11	3.4188e-11	1.4688e-10	9.6614e-11	1.8356e-10	3.423e-11	6.0017e-11	1.8416e-11	1.7197e-10	8.9551e-12	1.0026e-11	6.0719e-12
981.766	0.3438	0.038648	0.00016941	0.00010718	0.00033938	0.0010459	0.00029735	0.000985	2.4926e-05	0.00016202	3.5117e-05	0.00020914	3.8176e-05	0.00014963	7.3242e-06	3.0017e-05	7.6379e-06	1.563e-05	1.2165e-05	2.7958e-05	5.4809e-06	1.831e-05	9.046e-06	1.8311e-05	1.133e-05	0.00011455	7.8049e-07	5.6174e-06	7.8418e-08	1.013e-07	7.5731e-09	1.6363e-08	1.0404e-09	6.1318e-09	1.136e-09	3.1872e-09	1.0354e-09	3.4098e-09	7.6088e-10	1.8732e-09	3.3882e-10	9.4885e-10	1.112e-10	3.6394e-10	1.875e-10	5.4158e-10	1.7604e-10	4.7356e-10	1.0421e-10	5.5946e-10	1.1802e-10	6.8552e-10	1.3126e-10	3.2397e-10	7.7838e-11	8.0568e-10	7.2053e-11	2.1552e-10	5.1269e-11	1.912e-10	2.2623e-11	2.158e-10	3.7095e-11	1.6843e-10	4.2068e-11	1.6852e-10	6.3794e-11	1.059e-10	2.164e-11	1.0726e-10	1.5652e-11	9.7708e-11	8.8054e-12	9.7787e-11	3.3794e-11	1.4526e-10	9.5541e-11	1.8153e-10	3.3847e-11	5.9356e-11	1.8213e-11	1.7009e-10	8.8565e-12	9.9154e-12	6.0093e-12
995.41	0.34049	0.038176	0.00016753	0.00010596	0.00033492	0.0010334	0.00029369	0.00097336	2.4591e-05	0.00016004	3.4686e-05	0.00020658	3.7709e-05	0.00014795	7.2388e-06	2.9691e-05	7.5546e-06	1.5464e-05	1.202e-05	2.7629e-05	5.4059e-06	1.8058e-05	8.9246e-06	1.8071e-05	1.1192e-05	0.00011321	7.7181e-07	5.5608e-06	7.7538e-08	1.0012e-07	7.4879e-09	1.6178e-08	1.0287e-09	6.0696e-09	1.1236e-09	3.1544e-09	1.0244e-09	3.3732e-09	7.5251e-10	1.8526e-09	3.3493e-10	9.3851e-10	1.0997e-10	3.5999e-10	1.8547e-10	5.3588e-10	1.7413e-10	4.6845e-10	1.0309e-10	5.5285e-10	1.1669e-10	6.7736e-10	1.2982e-10	3.2e-10	7.6947e-11	7.9603e-10	7.1155e-11	2.1306e-10	5.0693e-11	1.8906e-10	2.2359e-11	2.1324e-10	3.6674e-11	1.6645e-10	4.1545e-11	1.6657e-10	6.3055e-11	1.0467e-10	2.1375e-11	1.0605e-10	1.5473e-11	9.6618e-11	8.7072e-12	9.6697e-11	3.3418e-11	1.4365e-10	9.4477e-11	1.7951e-10	3.347e-11	5.871e-11	1.8016e-11	1.6822e-10	8.7616e-12	9.8124e-12	5.9422e-12
1009.24	0.33727	0.037694	0.00016563	0.00010477	0.00033031	0.0010206	0.00028996	0.0009616	2.4239e-05	0.00015802	3.422e-05	0.00020407	3.726e-05	0.0001462	7.154e-06	2.9352e-05	7.4654e-06	1.5298e-05	1.1876e-05	2.729e-05	5.3357e-06	1.7818e-05	8.8068e-06	1.7828e-05	1.1055e-05	0.00011193	7.6364e-07	5.4977e-06	7.6674e-08	9.9017e-08	7.4023e-09	1.6e-08	1.0174e-09	6.0031e-09	1.1114e-09	3.1198e-09	1.0136e-09	3.3382e-09	7.4426e-10	1.8324e-09	3.3125e-10	9.2832e-10	1.0876e-10	3.5623e-10	1.8346e-10	5.3013e-10	1.723e-10	4.6295e-10	1.0187e-10	5.4669e-10	1.1536e-10	6.6971e-10	1.2831e-10	3.1615e-10	7.597e-11	7.8701e-10	7.0316e-11	2.1036e-10	5.0112e-11	1.8678e-10	2.2108e-11	2.106e-10	3.6215e-11	1.6457e-10	4.1068e-11	1.6469e-10	6.2344e-11	1.0348e-10	2.1131e-11	1.0485e-10	1.5298e-11	9.5532e-11	8.6092e-12	9.5632e-11	3.3047e-11	1.4206e-10	9.3449e-11	1.7754e-10	3.3108e-11	5.8044e-11	1.7805e-11	1.6627e-10	8.6589e-12	9.7001e-12	5.8758e-12
1023.27	0.33433	0.03721	0.00016364	0.00010361	0.00032595	0.0010077	0.0002862	0.00094967	2.3902e-05	0.00015608	3.373e-05	0.00020168	3.6766e-05	0.00014447	7.065e-06	2.9016e-05	7.3704e-06	1.5117e-05	1.1735e-05	2.6953e-05	5.2629e-06	1.758e-05	8.6815e-06	1.7592e-05	1.0921e-05	0.00011063	7.5571e-07	5.4312e-06	7.5846e-08	9.7931e-08	7.32e-09	1.5826e-08	1.0064e-09	5.9309e-09	1.0998e-09	3.0818e-09	1.0022e-09	3.3011e-09	7.3652e-10	1.8134e-09	3.2763e-10	9.1856e-10	1.0763e-10	3.5231e-10	1.8151e-10	5.2407e-10	1.7041e-10	4.5758e-10	1.0069e-10	5.4029e-10	1.1391e-10	6.6208e-10	1.2667e-10	3.1254e-10	7.5072e-11	7.7805e-10	6.9514e-11	2.0787e-10	4.9482e-11	1.8446e-10	2.1846e-11	2.0817e-10	3.578e-11	1.627e-10	4.0599e-11	1.6287e-10	6.1651e-11	1.0232e-10	2.089e-11	1.037e-10	1.513e-11	9.4467e-11	8.5134e-12	9.4533e-11	3.2671e-11	1.4039e-10	9.2341e-11	1.7544e-10	3.2715e-11	5.7383e-11	1.7622e-11	1.6457e-10	8.5673e-12	9.588e-12	5.8071e-12
1037.49	0.33122	0.036747	0.00016159	0.00010249	0.0003217	0.00099535	0.00028259	0.00093821	2.357e-05	0.00015417	3.3257e-05	0.0001993	3.6249e-05	0.00014284	6.9705e-06	2.8696e-05	7.2751e-06	1.4946e-05	1.1581e-05	2.6631e-05	5.1945e-06	1.7346e-05	8.5607e-06	1.7367e-05	1.0777e-05	0.00010936	7.4745e-07	5.3698e-06	7.495e-08	9.6839e-08	7.24e-09	1.5654e-08	9.9534e-10	5.862e-09	1.0875e-09	3.0466e-09	9.9e-10	3.2604e-09	7.2826e-10	1.793e-09	3.241e-10	9.0825e-10	1.0643e-10	3.4812e-10	1.7946e-10	5.1779e-10	1.684e-10	4.5224e-10	9.9514e-11	5.3324e-10	1.1252e-10	6.5465e-10	1.2516e-10	3.0894e-10	7.4206e-11	7.6934e-10	6.8726e-11	2.0547e-10	4.8878e-11	1.8231e-10	2.1564e-11	2.0577e-10	3.5367e-11	1.6086e-10	4.0152e-11	1.6097e-10	6.0933e-11	1.0115e-10	2.0658e-11	1.0246e-10	1.4951e-11	9.3338e-11	8.4114e-12	9.3448e-11	3.2291e-11	1.3894e-10	9.1364e-11	1.7363e-10	3.2362e-11	5.6763e-11	1.7414e-11	1.6261e-10	8.4677e-12	9.4789e-12	5.7414e-12
1051.91	0.32785	0.036287	0.00015961	0.00010133	0.00031734	0.00098313	0.00027901	0.00092689	2.3242e-05	0.00015233	3.2797e-05	0.00019685	3.5768e-05	0.0001412	6.8751e-06	2.8376e-05	7.1849e-06	1.4777e-05	1.142e-05	2.6311e-05	5.1275e-06	1.7097e-05	8.442e-06	1.7129e-05	1.064e-05	0.00010816	7.3877e-07	5.3068e-06	7.4078e-08	9.5667e-08	7.1596e-09	1.5472e-08	9.8372e-10	5.7925e-09	1.0739e-09	3.0102e-09	9.7856e-10	3.2228e-09	7.1931e-10	1.7708e-09	3.2038e-10	8.9693e-10	1.0512e-10	3.4397e-10	1.7724e-10	5.1176e-10	1.6638e-10	4.4647e-10	9.8239e-11	5.2686e-10	1.112e-10	6.4672e-10	1.237e-10	3.0543e-10	7.3363e-11	7.6003e-10	6.7925e-11	2.0313e-10	4.8307e-11	1.8019e-10	2.1308e-11	2.0346e-10	3.4959e-11	1.5893e-10	3.9665e-11	1.5911e-10	6.0227e-11	9.9958e-11	2.0408e-11	1.0135e-10	1.4781e-11	9.2367e-11	8.3242e-12	9.2422e-11	3.1942e-11	1.3727e-10	9.0282e-11	1.7154e-10	3.1984e-11	5.6092e-11	1.7212e-11	1.6072e-10	8.3698e-12	9.3642e-12	5.6703e-12
1066.53	0.32446	0.035838	0.00015753	0.00010009	0.00031282	0.00097112	0.00027551	0.00091593	2.292e-05	0.00015031	3.2338e-05	0.00019423	3.528e-05	0.00013953	6.7852e-06	2.8054e-05	7.0921e-06	1.4616e-05	1.127e-05	2.599e-05	5.0594e-06	1.6859e-05	8.3293e-06	1.6891e-05	1.0505e-05	0.00010687	7.3054e-07	5.2466e-06	7.3226e-08	9.4561e-08	7.0751e-09	1.5281e-08	9.7166e-10	5.7173e-09	1.0613e-09	2.9704e-09	9.6662e-10	3.1839e-09	7.1077e-10	1.7499e-09	3.1639e-10	8.8647e-10	1.0387e-10	3.3987e-10	1.7517e-10	5.054e-10	1.6441e-10	4.4087e-10	9.7012e-11	5.2065e-10	1.0989e-10	6.3988e-10	1.2228e-10	3.017e-10	7.2488e-11	7.519e-10	6.7119e-11	2.0072e-10	4.774e-11	1.7814e-10	2.1057e-11	2.0097e-10	3.4551e-11	1.5724e-10	3.9222e-11	1.5733e-10	5.9556e-11	9.8864e-11	2.0185e-11	1.0015e-10	1.4612e-11	9.1243e-11	8.2228e-12	9.1319e-11	3.1559e-11	1.3565e-10	8.9227e-11	1.6954e-10	3.161e-11	5.542e-11	1.7007e-11	1.5882e-10	8.2692e-12	9.2478e-12	5.6e-12
1081.35	0.32139	0.035348	0.00015537	9.8848e-05	0.0003085	0.00095801	0.0002717	0.00090389	2.2609e-05	0.00014819	3.189e-05	0.00019158	3.481e-05	0.00013773	6.6927e-06	2.7704e-05	7.0028e-06	1.4445e-05	1.1116e-05	2.5643e-05	4.988e-06	1.6625e-05	8.2121e-06	1.6662e-05	1.0378e-05	0.00010558	7.2244e-07	5.1871e-06	7.2413e-08	9.3474e-08	6.9875e-09	1.51e-08	9.601e-10	5.6454e-09	1.0484e-09	2.9338e-09	9.5372e-10	3.1414e-09	7.0216e-10	1.7287e-09	3.1266e-10	8.7564e-10	1.0261e-10	3.3548e-10	1.7303e-10	4.9878e-10	1.6231e-10	4.3561e-10	9.5855e-11	5.1466e-10	1.0861e-10	6.3203e-10	1.208e-10	2.9847e-10	7.1634e-11	7.4273e-10	6.6374e-11	1.9834e-10	4.7182e-11	1.7593e-10	2.0816e-11	1.9874e-10	3.4131e-11	1.5531e-10	3.8756e-11	1.5543e-10	5.8839e-11	9.7665e-11	1.9942e-11	9.8963e-11	1.4438e-11	9.0158e-11	8.1251e-12	9.0212e-11	3.1179e-11	1.3403e-10	8.8147e-11	1.675e-10	3.1225e-11	5.477e-11	1.6802e-11	1.5688e-10	8.1715e-12	9.1301e-12	5.5297e-12
1096.38	0.31798	0.034842	0.00015338	9.7629e-05	0.00030427	0.0009445	0.00026775	0.00089134	2.2278e-05	0.00014622	3.1459e-05	0.0001891	3.4346e-05	0.0001359	6.6042e-06	2.7344e-05	6.9173e-06	1.4257e-05	1.0968e-05	2.5288e-05	4.9203e-06	1.6403e-05	8.0879e-06	1.6438e-05	1.0243e-05	0.00010434	7.1451e-07	5.1287e-06	7.1571e-08	9.2431e-08	6.9034e-09	1.491e-08	9.479e-10	5.5774e-09	1.0343e-09	2.8984e-09	9.4199e-10	3.1022e-09	6.9284e-10	1.7056e-09	3.0877e-10	8.6385e-10	1.0125e-10	3.3117e-10	1.7069e-10	4.9268e-10	1.602e-10	4.3036e-10	9.4703e-11	5.0829e-10	1.0726e-10	6.2448e-10	1.1937e-10	2.9477e-10	7.0811e-11	7.3386e-10	6.5562e-11	1.9608e-10	4.6597e-11	1.7398e-10	2.0556e-11	1.9632e-10	3.3755e-11	1.5344e-10	3.8293e-11	1.5352e-10	5.8116e-11	9.6474e-11	1.9704e-11	9.7751e-11	1.4259e-11	8.9069e-11	8.0269e-12	8.9144e-11	3.0807e-11	1.3238e-10	8.7086e-11	1.6545e-10	3.0853e-11	5.4084e-11	1.6586e-11	1.5488e-10	8.0667e-12	9.0135e-12	5.4601e-12
1111.61	0.31468	0.034371	0.00015141	9.6323e-05	0.00030012	0.00093192	0.00026407	0.00087967	2.1957e-05	0.00014422	3.1e-05	0.00018654	3.3892e-05	0.00013419	6.5193e-06	2.7009e-05	6.8268e-06	1.4082e-05	1.0823e-05	2.4956e-05	4.8538e-06	1.617e-05	7.9678e-06	1.6214e-05	1.0098e-05	0.00010315	7.0612e-07	5.0656e-06	7.0674e-08	9.1331e-08	6.8147e-09	1.4709e-08	9.3525e-10	5.5099e-09	1.0212e-09	2.8641e-09	9.3052e-10	3.0644e-09	6.8397e-10	1.6839e-09	3.0456e-10	8.5297e-10	9.9956e-11	3.2712e-10	1.6856e-10	4.8669e-10	1.5823e-10	4.2525e-10	9.3572e-11	5.0231e-10	1.0609e-10	6.1681e-10	1.1797e-10	2.912e-10	6.9942e-11	7.2483e-10	6.4753e-11	1.9367e-10	4.6083e-11	1.7183e-10	2.0319e-11	1.9395e-10	3.3334e-11	1.5157e-10	3.7815e-11	1.5169e-10	5.7423e-11	9.5314e-11	1.9459e-11	9.6565e-11	1.409e-11	8.7959e-11	7.927e-12	8.8013e-11	3.0418e-11	1.3067e-10	8.5954e-11	1.633e-10	3.0454e-11	5.3391e-11	1.6373e-11	1.5288e-10	7.9635e-12	8.8977e-12	5.388e-12
1127.06	0.31148	0.033887	0.00014952	9.5024e-05	0.0002958	0.00091897	0.00026029	0.00086777	2.1642e-05	0.0001423	3.0554e-05	0.00018411	3.3409e-05	0.00013243	6.4302e-06	2.666e-05	6.7351e-06	1.3901e-05	1.0679e-05	2.4613e-05	4.789e-06	1.592e-05	7.8481e-06	1.5981e-05	9.9617e-06	0.00010193	6.9717e-07	5.0056e-06	6.9786e-08	9.0136e-08	6.723e-09	1.4525e-08	9.2359e-10	5.443e-09	1.0087e-09	2.8283e-09	9.1954e-10	3.0278e-09	6.7555e-10	1.6631e-09	3.0073e-10	8.4247e-10	9.8725e-11	3.231e-10	1.6648e-10	4.8091e-10	1.5629e-10	4.1982e-10	9.2387e-11	4.9624e-10	1.0474e-10	6.0909e-10	1.1651e-10	2.8759e-10	6.9062e-11	7.1582e-10	6.3967e-11	1.9123e-10	4.5501e-11	1.6973e-10	2.0069e-11	1.9152e-10	3.2921e-11	1.4966e-10	3.7358e-11	1.4974e-10	5.6685e-11	9.4097e-11	1.9221e-11	9.5299e-11	1.3908e-11	8.6813e-11	7.8236e-12	8.6875e-11	3.0024e-11	1.2897e-10	8.4844e-11	1.6118e-10	3.0061e-11	5.2691e-11	1.616e-11	1.5087e-10	7.8606e-12	8.7881e-12	5.3257e-12
1142.73	0.30835	0.033428	0.00014749	9.3804e-05	0.00029127	0.0009067	0.00025669	0.00085638	2.1341e-05	0.0001404	3.0118e-05	0.00018178	3.2947e-05	0.00013076	6.3397e-06	2.6333e-05	6.6467e-06	1.3705e-05	1.0526e-05	2.429e-05	4.7214e-06	1.5684e-05	7.7211e-06	1.5744e-05	9.8231e-06	0.00010064	6.8874e-07	4.9466e-06	6.891e-08	8.9029e-08	6.6383e-09	1.4345e-08	9.121e-10	5.374e-09	9.9642e-10	2.7938e-09	9.0768e-10	2.9895e-09	6.6724e-10	1.6428e-09	2.9699e-10	8.3229e-10	9.7508e-11	3.1918e-10	1.6449e-10	4.7471e-10	1.544e-10	4.1514e-10	9.1346e-11	4.901e-10	1.0344e-10	6.0105e-10	1.1503e-10	2.8395e-10	6.8224e-11	7.0634e-10	6.3141e-11	1.8891e-10	4.4933e-11	1.6759e-10	1.9822e-11	1.8916e-10	3.2515e-11	1.4769e-10	3.6866e-11	1.4779e-10	5.5945e-11	9.2867e-11	1.8967e-11	9.4055e-11	1.3726e-11	8.5669e-11	7.7205e-12	8.5726e-11	2.9627e-11	1.2726e-10	8.3732e-11	1.5905e-10	2.9669e-11	5.2e-11	1.5949e-11	1.4891e-10	7.7579e-12	8.682e-12	5.2564e-12
1158.61	0.30518	0.032977	0.00014567	9.2591e-05	0.00028697	0.00089468	0.00025316	0.00084518	2.103e-05	0.00013855	2.97e-05	0.00017935	3.2493e-05	0.00012915	6.2527e-06	2.6014e-05	6.5606e-06	1.3522e-05	1.038e-05	2.3975e-05	4.65e-06	1.5446e-05	7.5992e-06	1.5514e-05	9.6744e-06	9.9338e-05	6.7992e-07	4.8908e-06	6.7971e-08	8.7882e-08	6.5549e-09	1.4171e-08	9.0103e-10	5.3119e-09	9.8377e-10	2.7599e-09	8.9684e-10	2.9527e-09	6.5892e-10	1.6222e-09	2.9341e-10	8.2165e-10	9.6295e-11	3.1502e-10	1.6236e-10	4.6915e-10	1.5239e-10	4.0976e-10	9.0168e-11	4.8378e-10	1.0214e-10	5.9307e-10	1.1362e-10	2.8017e-10	6.7325e-11	6.97e-10	6.2308e-11	1.8643e-10	4.4371e-11	1.6548e-10	1.9567e-11	1.8663e-10	3.2093e-11	1.4572e-10	3.638e-11	1.4582e-10	5.5199e-11	9.1626e-11	1.8717e-11	9.2811e-11	1.3544e-11	8.4523e-11	7.6173e-12	8.4592e-11	2.9234e-11	1.2558e-10	8.2627e-11	1.5695e-10	2.9277e-11	5.1308e-11	1.5736e-11	1.4699e-10	7.6529e-12	8.5753e-12	5.1948e-12
1174.71	0.30185	0.03253	0.00014371	9.1407e-05	0.00028253	0.00088266	0.00024965	0.00083414	2.0703e-05	0.00013657	2.9271e-05	0.00017686	3.2063e-05	0.00012748	6.1678e-06	2.5688e-05	6.4739e-06	1.3346e-05	1.0236e-05	2.3654e-05	4.5827e-06	1.5192e-05	7.4831e-06	1.5274e-05	9.5351e-06	9.8072e-05	6.7047e-07	4.8319e-06	6.7055e-08	8.6636e-08	6.4744e-09	1.3984e-08	8.8918e-10	5.2431e-09	9.7145e-10	2.7248e-09	8.8549e-10	2.9164e-09	6.5046e-10	1.6015e-09	2.8955e-10	8.1146e-10	9.5055e-11	3.1142e-10	1.6038e-10	4.6314e-10	1.5062e-10	4.0457e-10	8.9019e-11	4.7778e-10	1.0081e-10	5.8508e-10	1.121e-10	2.7641e-10	6.6429e-11	6.8763e-10	6.1467e-11	1.8394e-10	4.3791e-11	1.6324e-10	1.9322e-11	1.8414e-10	3.1664e-11	1.4375e-10	3.5896e-11	1.4387e-10	5.4462e-11	9.0399e-11	1.8467e-11	9.1575e-11	1.3364e-11	8.34e-11	7.5161e-12	8.3452e-11	2.8842e-11	1.2395e-10	8.1503e-11	1.5488e-10	2.8877e-11	5.0667e-11	1.5553e-11	1.4522e-10	7.5634e-12	8.4654e-12	5.127e-12
1191.03	0.29858	0.032055	0.00014179	9.0151e-05	0.00027786	0.00086996	0.00024593	0.00082238	2.0384e-05	0.00013468	2.882e-05	0.00017449	3.1612e-05	0.00012576	6.0831e-06	2.5346e-05	6.3834e-06	1.3174e-05	1.0099e-05	2.332e-05	4.5133e-06	1.4952e-05	7.3686e-06	1.5031e-05	9.4012e-06	9.6723e-05	6.6184e-07	4.7672e-06	6.6194e-08	8.5496e-08	6.3884e-09	1.3817e-08	8.7859e-10	5.1753e-09	9.5948e-10	2.6889e-09	8.7422e-10	2.879e-09	6.4269e-10	1.5822e-09	2.8602e-10	8.0134e-10	9.3926e-11	3.0731e-10	1.5834e-10	4.5725e-10	1.4865e-10	3.9938e-10	8.7883e-11	4.7132e-10	9.9446e-11	5.7721e-10	1.106e-10	2.7264e-10	6.5528e-11	6.7838e-10	6.0637e-11	1.8145e-10	4.32e-11	1.6105e-10	1.906e-11	1.8166e-10	3.1233e-11	1.4182e-10	3.5414e-11	1.4191e-10	5.3719e-11	8.9174e-11	1.8218e-11	9.0316e-11	1.318e-11	8.2304e-11	7.4171e-12	8.2408e-11	2.8475e-11	1.2244e-10	8.0549e-11	1.5302e-10	2.8534e-11	5.0023e-11	1.5349e-11	1.4338e-10	7.4607e-12	8.3575e-12	5.0634e-12
1207.59	0.29524	0.031606	0.00013983	8.905e-05	0.00027354	0.00085793	0.00024239	0.00081122	2.0067e-05	0.00013283	2.8377e-05	0.00017218	3.1128e-05	0.00012412	5.9948e-06	2.5023e-05	6.2907e-06	1.2995e-05	9.9546e-06	2.3002e-05	4.4397e-06	1.4721e-05	7.2549e-06	1.4804e-05	9.2708e-06	9.5383e-05	6.5336e-07	4.7072e-06	6.5338e-08	8.4388e-08	6.3118e-09	1.3636e-08	8.6707e-10	5.1089e-09	9.4701e-10	2.655e-09	8.6267e-10	2.8407e-09	6.3424e-10	1.5615e-09	2.8232e-10	7.9097e-10	9.2688e-11	3.0334e-10	1.5631e-10	4.5125e-10	1.4674e-10	3.9408e-10	8.6711e-11	4.6492e-10	9.8082e-11	5.6945e-10	1.0909e-10	2.6895e-10	6.4639e-11	6.6911e-10	5.9805e-11	1.7898e-10	4.2606e-11	1.5885e-10	1.8801e-11	1.7919e-10	3.0806e-11	1.3997e-10	3.4919e-11	1.4013e-10	5.3045e-11	8.8036e-11	1.7965e-11	8.9247e-11	1.3018e-11	8.1291e-11	7.326e-12	8.1339e-11	2.8113e-11	1.2087e-10	7.9459e-11	1.5103e-10	2.8142e-11	4.9395e-11	1.5153e-11	1.4151e-10	7.3699e-12	8.2483e-12	4.9949e-12
1224.37	0.29217	0.031165	0.0001379	8.7806e-05	0.00026931	0.00084614	0.00023893	0.00080026	1.9731e-05	0.00013107	2.794e-05	0.00016988	3.0673e-05	0.00012253	5.9043e-06	2.4705e-05	6.2008e-06	1.2822e-05	9.7999e-06	2.2691e-05	4.3719e-06	1.4497e-05	7.14e-06	1.458e-05	9.1368e-06	9.413e-05	6.452e-07	4.6456e-06	6.4501e-08	8.3324e-08	6.2281e-09	1.346e-08	8.5583e-10	5.0398e-09	9.3431e-10	2.6185e-09	8.5153e-10	2.8045e-09	6.2583e-10	1.5407e-09	2.7866e-10	7.8035e-10	9.1461e-11	2.9936e-10	1.5422e-10	4.4534e-10	1.4481e-10	3.8864e-10	8.5518e-11	4.5854e-10	9.672e-11	5.6247e-10	1.0759e-10	2.6533e-10	6.3736e-11	6.6102e-10	5.904e-11	1.7649e-10	4.2017e-11	1.5667e-10	1.8544e-11	1.7668e-10	3.0382e-11	1.382e-10	3.4494e-11	1.3827e-10	5.2344e-11	8.6894e-11	1.7751e-11	8.8023e-11	1.2842e-11	8.0242e-11	7.2312e-12	8.0314e-11	2.7755e-11	1.1928e-10	7.8458e-11	1.4906e-10	2.7798e-11	4.8744e-11	1.4951e-11	1.3965e-10	7.2702e-12	8.1321e-12	4.9249e-12
1241.38	0.2891	0.030739	0.00013587	8.6599e-05	0.00026523	0.00083469	0.00023557	0.00078975	1.9408e-05	0.00012923	2.7477e-05	0.00016748	3.0211e-05	0.00012094	5.8169e-06	2.4393e-05	6.1062e-06	1.2651e-05	9.6555e-06	2.2386e-05	4.3056e-06	1.4267e-05	7.0332e-06	1.4362e-05	9.0072e-06	9.2888e-05	6.3644e-07	4.5789e-06	6.3625e-08	8.2191e-08	6.1465e-09	1.3279e-08	8.444e-10	4.97e-09	9.2228e-10	2.5823e-09	8.3962e-10	2.7656e-09	6.1769e-10	1.5207e-09	2.7491e-10	7.703e-10	9.0269e-11	2.9532e-10	1.5221e-10	4.3909e-10	1.4286e-10	3.8321e-10	8.432e-11	4.5223e-10	9.5383e-11	5.5505e-10	1.0607e-10	2.6201e-10	6.2928e-11	6.5218e-10	5.826e-11	1.7424e-10	4.1434e-11	1.5446e-10	1.8287e-11	1.7455e-10	2.9984e-11	1.3641e-10	3.4011e-11	1.3653e-10	5.1681e-11	8.5783e-11	1.7505e-11	8.6907e-11	1.2682e-11	7.9173e-11	7.135e-12	7.9244e-11	2.7385e-11	1.177e-10	7.7384e-11	1.4708e-10	2.7418e-11	4.8107e-11	1.476e-11	1.3782e-10	7.1787e-12	8.0195e-12	4.8543e-12
1258.64	0.28552	0.030295	0.00013388	8.5388e-05	0.00026092	0.00082275	0.00023208	0.00077877	1.91e-05	0.00012724	2.703e-05	0.00016502	2.9717e-05	0.00011928	5.7253e-06	2.4066e-05	6.0108e-06	1.2476e-05	9.507e-06	2.2067e-05	4.2417e-06	1.4044e-05	6.9196e-06	1.4135e-05	8.8797e-06	9.1677e-05	6.2849e-07	4.5172e-06	6.285e-08	8.1141e-08	6.0637e-09	1.3102e-08	8.3309e-10	4.8997e-09	9.0937e-10	2.5461e-09	8.279e-10	2.7269e-09	6.0912e-10	1.4996e-09	2.7128e-10	7.5949e-10	8.902e-11	2.9117e-10	1.5007e-10	4.3295e-10	1.4085e-10	3.778e-10	8.3135e-11	4.4573e-10	9.4103e-11	5.4763e-10	1.0472e-10	2.5855e-10	6.2069e-11	6.4354e-10	5.7511e-11	1.7187e-10	4.0883e-11	1.5258e-10	1.8025e-11	1.7211e-10	2.959e-11	1.3458e-10	3.3588e-11	1.3469e-10	5.0986e-11	8.4629e-11	1.7281e-11	8.5704e-11	1.2509e-11	7.8117e-11	7.0397e-12	7.8199e-11	2.7024e-11	1.1614e-10	7.6403e-11	1.4515e-10	2.707e-11	4.7451e-11	1.4552e-11	1.3586e-10	7.0779e-12	7.9047e-12	4.7875e-12
1276.13	0.28207	0.029826	0.00013188	8.4157e-05	0.00025697	0.00081018	0.00022839	0.00076703	1.8796e-05	0.0001254	2.6605e-05	0.00016265	2.9257e-05	0.00011757	5.6327e-06	2.3725e-05	5.9215e-06	1.2296e-05	9.3479e-06	2.1737e-05	4.1741e-06	1.3825e-05	6.8068e-06	1.3931e-05	8.7494e-06	9.0401e-05	6.2002e-07	4.4576e-06	6.1985e-08	8.0054e-08	5.9815e-09	1.2915e-08	8.2118e-10	4.8304e-09	8.9655e-10	2.5104e-09	8.1622e-10	2.6884e-09	6.0054e-10	1.4784e-09	2.6742e-10	7.4879e-10	8.7765e-11	2.8702e-10	1.4795e-10	4.2681e-10	1.3885e-10	3.7247e-10	8.1957e-11	4.401e-10	9.2874e-11	5.4022e-10	1.0327e-10	2.5504e-10	6.1276e-11	6.3478e-10	5.673e-11	1.6967e-10	4.0344e-11	1.5047e-10	1.7801e-11	1.6988e-10	2.9203e-11	1.3278e-10	3.3121e-11	1.329e-10	5.0307e-11	8.3502e-11	1.7039e-11	8.4609e-11	1.2345e-11	7.7068e-11	6.9454e-12	7.7118e-11	2.6653e-11	1.1447e-10	7.532e-11	1.4307e-10	2.6686e-11	4.6758e-11	1.4345e-11	1.3393e-10	6.9776e-12	7.7959e-12	4.7211e-12
1293.86	0.2796	0.029384	0.00012991	8.2895e-05	0.00025281	0.00079831	0.00022492	0.00075607	1.8494e-05	0.0001235	2.6186e-05	0.00016016	2.8812e-05	0.00011593	5.5462e-06	2.3399e-05	5.833e-06	1.2125e-05	9.2013e-06	2.1421e-05	4.1122e-06	1.3601e-05	6.6977e-06	1.3708e-05	8.6168e-06	8.9287e-05	6.1167e-07	4.4001e-06	6.1137e-08	7.8975e-08	5.8953e-09	1.2731e-08	8.0947e-10	4.761e-09	8.8375e-10	2.4737e-09	8.0459e-10	2.6504e-09	5.9191e-10	1.4572e-09	2.6362e-10	7.3812e-10	8.6503e-11	2.829e-10	1.4585e-10	4.2073e-10	1.3685e-10	3.674e-10	8.0855e-11	4.338e-10	9.1639e-11	5.3296e-10	1.0194e-10	2.5158e-10	6.0428e-11	6.2635e-10	5.5968e-11	1.6733e-10	3.981e-11	1.4846e-10	1.7547e-11	1.6749e-10	2.8803e-11	1.3095e-10	3.2691e-11	1.3103e-10	4.9603e-11	8.234e-11	1.6819e-11	8.3398e-11	1.2171e-11	7.5947e-11	6.8445e-12	7.5982e-11	2.626e-11	1.1284e-10	7.4239e-11	1.4102e-10	2.6304e-11	4.6092e-11	1.4132e-11	1.3197e-10	6.8733e-12	7.6889e-12	4.6588e-12
1311.84	0.27634	0.028928	0.00012794	8.1633e-05	0.00024873	0.00078602	0.00022133	0.00074478	1.8191e-05	0.00012147	2.5771e-05	0.00015765	2.8382e-05	0.0001142	5.4607e-06	2.3058e-05	5.7468e-06	1.1942e-05	9.0583e-06	2.1091e-05	4.0471e-06	1.3375e-05	6.5842e-06	1.3492e-05	8.4909e-06	8.803e-05	6.0317e-07	4.3394e-06	6.0305e-08	7.7871e-08	5.8104e-09	1.2547e-08	7.9774e-10	4.6974e-09	8.7115e-10	2.4417e-09	7.9279e-10	2.6113e-09	5.8342e-10	1.4364e-09	2.5983e-10	7.2757e-10	8.5261e-11	2.7883e-10	1.4375e-10	4.1463e-10	1.3489e-10	3.6248e-10	7.9758e-11	4.2823e-10	9.0371e-11	5.2518e-10	1.0051e-10	2.4814e-10	5.9617e-11	6.1724e-10	5.5179e-11	1.6507e-10	3.9259e-11	1.4639e-10	1.7317e-11	1.653e-10	2.8412e-11	1.2902e-10	3.2219e-11	1.291e-10	4.8869e-11	8.1114e-11	1.6577e-11	8.2192e-11	1.1992e-11	7.4855e-11	6.746e-12	7.4885e-11	2.5883e-11	1.1117e-10	7.3124e-11	1.3893e-10	2.5908e-11	4.5425e-11	1.3934e-11	1.3012e-10	6.7761e-12	7.5838e-12	4.5927e-12
1330.07	0.27285	0.028449	0.0001262	8.0377e-05	0.00024461	0.00077318	0.00021756	0.00073273	1.7905e-05	0.00011961	2.5352e-05	0.00015532	2.7934e-05	0.00011247	5.3774e-06	2.2708e-05	5.6563e-06	1.176e-05	8.9206e-06	2.0753e-05	3.9832e-06	1.3159e-05	6.4713e-06	1.3276e-05	8.357e-06	8.6807e-05	5.9481e-07	4.2827e-06	5.9442e-08	7.6805e-08	5.7253e-09	1.2365e-08	7.8617e-10	4.6318e-09	8.5818e-10	2.4063e-09	7.827e-10	2.5773e-09	5.7483e-10	1.4151e-09	2.5606e-10	7.1675e-10	8.4008e-11	2.7498e-10	1.4162e-10	4.0932e-10	1.3299e-10	3.5758e-10	7.8687e-11	4.2211e-10	8.9133e-11	5.1753e-10	9.9159e-11	2.4446e-10	5.876e-11	6.0824e-10	5.4353e-11	1.6271e-10	3.8721e-11	1.4442e-10	1.7069e-11	1.6289e-10	2.8009e-11	1.2715e-10	3.175e-11	1.272e-10	4.8151e-11	7.9937e-11	1.6334e-11	8.0946e-11	1.1813e-11	7.374e-11	6.6455e-12	7.3799e-11	2.5504e-11	1.096e-10	7.2085e-11	1.3696e-10	2.5538e-11	4.4778e-11	1.3734e-11	1.2828e-10	6.6795e-12	7.4755e-12	4.5281e-12
1348.56	0.26959	0.028008	0.00012433	7.9137e-05	0.00024056	0.00076132	0.00021408	0.00072169	1.7605e-05	0.00011779	2.496e-05	0.00015301	2.7512e-05	0.00011084	5.2903e-06	2.2383e-05	5.5761e-06	1.158e-05	8.7748e-06	2.044e-05	3.9186e-06	1.2932e-05	6.3587e-06	1.3059e-05	8.2248e-06	8.56e-05	5.8597e-07	4.2244e-06	5.8574e-08	7.5671e-08	5.6416e-09	1.2183e-08	7.7477e-10	4.5697e-09	8.4687e-10	2.3747e-09	7.713e-10	2.5394e-09	5.6711e-10	1.3962e-09	2.5224e-10	7.0737e-10	8.2876e-11	2.7121e-10	1.398e-10	4.0354e-10	1.312e-10	3.5255e-10	7.7579e-11	4.1647e-10	8.7866e-11	5.0974e-10	9.7715e-11	2.4088e-10	5.7883e-11	5.9903e-10	5.3552e-11	1.6027e-10	3.8169e-11	1.4229e-10	1.6842e-11	1.6049e-10	2.7585e-11	1.2526e-10	3.1263e-11	1.2535e-10	4.745e-11	7.8764e-11	1.6085e-11	7.9785e-11	1.1642e-11	7.2688e-11	6.5506e-12	7.2737e-11	2.5138e-11	1.0804e-10	7.1044e-11	1.35e-10	2.5171e-11	4.4162e-11	1.355e-11	1.2652e-10	6.5898e-12	7.3703e-12	4.4631e-12
1367.3	0.26637	0.027576	0.00012249	7.7962e-05	0.00023634	0.0007497	0.00021068	0.00071091	1.7305e-05	0.00011605	2.4547e-05	0.00015076	2.7082e-05	0.00010924	5.2129e-06	2.2063e-05	5.4868e-06	1.14e-05	8.6404e-06	2.0131e-05	3.8551e-06	1.2707e-05	6.2481e-06	1.2837e-05	8.0936e-06	8.4357e-05	5.7728e-07	4.1663e-06	5.7701e-08	7.4556e-08	5.5598e-09	1.2024e-08	7.6448e-10	4.5046e-09	8.3435e-10	2.3402e-09	7.6078e-10	2.5058e-09	5.5891e-10	1.3759e-09	2.4896e-10	6.9686e-10	8.1682e-11	2.6749e-10	1.3774e-10	3.9788e-10	1.2938e-10	3.4763e-10	7.6497e-11	4.103e-10	8.6529e-11	5.024e-10	9.6251e-11	2.3724e-10	5.7004e-11	5.904e-10	5.2763e-11	1.5785e-10	3.7586e-11	1.4017e-10	1.6592e-11	1.5802e-10	2.7178e-11	1.2345e-10	3.0809e-11	1.2353e-10	4.6761e-11	7.7622e-11	1.5852e-11	7.8623e-11	1.1473e-11	7.1652e-11	6.4571e-12	7.1734e-11	2.4789e-11	1.0653e-10	7.0081e-11	1.3314e-10	2.4829e-11	4.3527e-11	1.3351e-11	1.2467e-10	6.4929e-12	7.2659e-12	4.4013e-12
1386.3	0.26309	0.027159	0.00012064	7.6799e-05	0.00023219	0.00073847	0.00020739	0.00070052	1.7017e-05	0.0001142	2.4134e-05	0.00014841	2.6655e-05	0.00010768	5.1272e-06	2.1752e-05	5.4001e-06	1.1217e-05	8.5003e-06	1.9831e-05	3.7889e-06	1.2485e-05	6.1364e-06	1.2617e-05	7.9636e-06	8.3102e-05	5.6857e-07	4.1071e-06	5.6843e-08	7.3444e-08	5.4846e-09	1.1852e-08	7.5367e-10	4.4414e-09	8.232e-10	2.3083e-09	7.4966e-10	2.469e-09	5.5137e-10	1.3574e-09	2.4531e-10	6.8753e-10	8.0577e-11	2.6365e-10	1.3585e-10	3.9218e-10	1.2753e-10	3.4258e-10	7.5381e-11	4.0416e-10	8.524e-11	4.9514e-10	9.4766e-11	2.3379e-10	5.6166e-11	5.818e-10	5.1991e-11	1.5552e-10	3.7026e-11	1.3801e-10	1.6344e-11	1.5572e-10	2.6772e-11	1.217e-10	3.0358e-11	1.2181e-10	4.6112e-11	7.6542e-11	1.5619e-11	7.7547e-11	1.1315e-11	7.0638e-11	6.3659e-12	7.0686e-11	2.4429e-11	1.0497e-10	6.9042e-11	1.3118e-10	2.4461e-11	4.2893e-11	1.3161e-11	1.2289e-10	6.4e-12	7.1644e-12	4.3384e-12
1405.57	0.25972	0.02672	0.00011884	7.5658e-05	0.00022806	0.00072665	0.00020393	0.00068954	1.6715e-05	0.00011251	2.3738e-05	0.00014634	2.6221e-05	0.00010605	5.044e-06	2.1425e-05	5.3142e-06	1.1058e-05	8.3623e-06	1.9517e-05	3.7239e-06	1.2264e-05	6.0357e-06	1.2399e-05	7.8316e-06	8.1842e-05	5.5996e-07	4.0497e-06	5.5979e-08	7.2341e-08	5.4069e-09	1.1682e-08	7.4281e-10	4.3756e-09	8.1102e-10	2.2735e-09	7.3931e-10	2.4351e-09	5.4328e-10	1.3374e-09	2.4187e-10	6.7734e-10	7.9398e-11	2.5991e-10	1.3384e-10	3.8663e-10	1.2572e-10	3.3726e-10	7.4215e-11	3.9781e-10	8.395e-11	4.8812e-10	9.3366e-11	2.3041e-10	5.5337e-11	5.7364e-10	5.1262e-11	1.5323e-10	3.6469e-11	1.3599e-10	1.6088e-11	1.5341e-10	2.6377e-11	1.1994e-10	2.9939e-11	1.2001e-10	4.543e-11	7.5413e-11	1.5404e-11	7.6388e-11	1.1147e-11	6.9593e-11	6.2717e-12	6.965e-11	2.407e-11	1.0346e-10	6.8051e-11	1.293e-10	2.4108e-11	4.2264e-11	1.297e-11	1.2112e-10	6.3067e-12	7.0567e-12	4.2732e-12
1425.1	0.25647	0.026324	0.00011692	7.4483e-05	0.00022399	0.00071602	0.00020079	0.00067958	1.6416e-05	0.00011074	2.3323e-05	0.00014403	2.5802e-05	0.00010461	4.9618e-06	2.1136e-05	5.2263e-06	1.088e-05	8.2228e-06	1.9238e-05	3.6591e-06	1.2041e-05	5.9287e-06	1.2185e-05	7.7165e-06	8.0603e-05	5.5147e-07	3.9888e-06	5.5197e-08	7.1227e-08	5.3281e-09	1.1512e-08	7.3208e-10	4.3078e-09	7.9976e-10	2.2389e-09	7.2807e-10	2.3981e-09	5.3563e-10	1.3187e-09	2.383e-10	6.6796e-10	7.8276e-11	2.5606e-10	1.3198e-10	3.8069e-10	1.2387e-10	3.3215e-10	7.3081e-11	3.9188e-10	8.2703e-11	4.8082e-10	9.1976e-11	2.2708e-10	5.4559e-11	5.6505e-10	5.0498e-11	1.5107e-10	3.5926e-11	1.3397e-10	1.5849e-11	1.5127e-10	2.6004e-11	1.1815e-10	2.9487e-11	1.1824e-10	4.4761e-11	7.4298e-11	1.5171e-11	7.5282e-11	1.0984e-11	6.8578e-11	6.1803e-12	6.8615e-11	2.3715e-11	1.0195e-10	6.7053e-11	1.2741e-10	2.3754e-11	4.1659e-11	1.2788e-11	1.194e-10	6.2175e-12	6.9548e-12	4.2129e-12
1444.91	0.25343	0.025899	0.00011504	7.3334e-05	0.00022003	0.00070455	0.00019744	0.00066899	1.612e-05	0.000109	2.2912e-05	0.00014179	2.5361e-05	0.00010301	4.8778e-06	2.0815e-05	5.1378e-06	1.0718e-05	8.0857e-06	1.8931e-05	3.5953e-06	1.1845e-05	5.8308e-06	1.1982e-05	7.5894e-06	7.936e-05	5.4378e-07	3.929e-06	5.4372e-08	7.0266e-08	5.2507e-09	1.1346e-08	7.2138e-10	4.2405e-09	7.8751e-10	2.2032e-09	7.1685e-10	2.3613e-09	5.2748e-10	1.2986e-09	2.3492e-10	6.5772e-10	7.7088e-11	2.5203e-10	1.2996e-10	3.7486e-10	1.2192e-10	3.2707e-10	7.1969e-11	3.86e-10	8.1516e-11	4.7376e-10	9.0676e-11	2.2367e-10	5.3735e-11	5.5679e-10	4.9747e-11	1.4879e-10	3.5412e-11	1.3206e-10	1.561e-11	1.4897e-10	2.5613e-11	1.164e-10	2.9055e-11	1.1647e-10	4.4089e-11	7.3186e-11	1.495e-11	7.4169e-11	1.082e-11	6.7574e-11	6.0897e-12	6.763e-11	2.3372e-11	1.0049e-10	6.6106e-11	1.2559e-10	2.3415e-11	4.1053e-11	1.2592e-11	1.1757e-10	6.1241e-12	6.8501e-12	4.1484e-12
1464.99	0.25038	0.025486	0.00011314	7.215e-05	0.00021633	0.00069342	0.00019418	0.00065864	1.5828e-05	0.00010724	2.2504e-05	0.00013959	2.4929e-05	0.00010144	4.7933e-06	2.0503e-05	5.0492e-06	1.0545e-05	7.9429e-06	1.8632e-05	3.5331e-06	1.1631e-05	5.7265e-06	1.1781e-05	7.4731e-06	7.8229e-05	5.3574e-07	3.8692e-06	5.3611e-08	6.9213e-08	5.1727e-09	1.1168e-08	7.1001e-10	4.176e-09	7.7535e-10	2.1698e-09	7.054e-10	2.3233e-09	5.1926e-10	1.2784e-09	2.3127e-10	6.4754e-10	7.5884e-11	2.4812e-10	1.2794e-10	3.6893e-10	1.2004e-10	3.2212e-10	7.0879e-11	3.8052e-10	8.0287e-11	4.6675e-10	8.929e-11	2.2034e-10	5.2934e-11	5.4851e-10	4.8994e-11	1.4657e-10	3.4877e-11	1.3005e-10	1.5388e-11	1.4678e-10	2.5229e-11	1.147e-10	2.8621e-11	1.1479e-10	4.3452e-11	7.2125e-11	1.4727e-11	7.3112e-11	1.0663e-11	6.6593e-11	6.0014e-12	6.6634e-11	2.3029e-11	9.8939e-11	6.5087e-11	1.2365e-10	2.306e-11	4.0419e-11	1.2404e-11	1.1584e-10	6.0307e-12	6.7437e-12	4.0845e-12
1485.35	0.24699	0.025071	0.00011133	7.0925e-05	0.00021257	0.00068222	0.0001909	0.00064823	1.5532e-05	0.00010551	2.2103e-05	0.00013732	2.4498e-05	9.9911e-05	4.7088e-06	2.0193e-05	4.962e-06	1.0384e-05	7.8025e-06	1.8336e-05	3.4752e-06	1.1433e-05	5.6287e-06	1.1586e-05	7.3495e-06	7.7043e-05	5.2762e-07	3.81e-06	5.2797e-08	6.8195e-08	5.0903e-09	1.0994e-08	6.9897e-10	4.1122e-09	7.6277e-10	2.1367e-09	6.9471e-10	2.2879e-09	5.1091e-10	1.2578e-09	2.2766e-10	6.3706e-10	7.4666e-11	2.4428e-10	1.2588e-10	3.6335e-10	1.1817e-10	3.1744e-10	6.9852e-11	3.7464e-10	7.9069e-11	4.5994e-10	8.7953e-11	2.1707e-10	5.2131e-11	5.4054e-10	4.828e-11	1.4435e-10	3.4349e-11	1.2812e-10	1.5151e-11	1.4458e-10	2.4844e-11	1.13e-10	2.8207e-11	1.1308e-10	4.2805e-11	7.1055e-11	1.4516e-11	7.1976e-11	1.0503e-11	6.5558e-11	5.9082e-12	6.5596e-11	2.2671e-11	9.7472e-11	6.4098e-11	1.2181e-10	2.2706e-11	3.983e-11	1.2218e-11	1.1407e-10	5.9423e-12	6.6382e-12	4.0198e-12
1505.99	0.24353	0.024655	0.00010957	6.972e-05	0.00020877	0.00067098	0.00018762	0.00063784	1.5269e-05	0.00010371	2.1696e-05	0.00013505	2.4073e-05	9.8326e-05	4.6259e-06	1.9877e-05	4.8745e-06	1.021e-05	7.6625e-06	1.8035e-05	3.4162e-06	1.1225e-05	5.5249e-06	1.1385e-05	7.2351e-06	7.5945e-05	5.1964e-07	3.7508e-06	5.2028e-08	6.7168e-08	5.0105e-09	1.0818e-08	6.8788e-10	4.0523e-09	7.5104e-10	2.1058e-09	6.8403e-10	2.2526e-09	5.0304e-10	1.2384e-09	2.2398e-10	6.2729e-10	7.3515e-11	2.4052e-10	1.2396e-10	3.5786e-10	1.1635e-10	3.1255e-10	6.8774e-11	3.6901e-10	7.7856e-11	4.5273e-10	8.6612e-11	2.1385e-10	5.1364e-11	5.3207e-10	4.7556e-11	1.4222e-10	3.382e-11	1.2618e-10	1.4924e-11	1.4248e-10	2.4478e-11	1.1123e-10	2.777e-11	1.1131e-10	4.2135e-11	6.9938e-11	1.4288e-11	7.0875e-11	1.0339e-11	6.4583e-11	5.8201e-12	6.4637e-11	2.2338e-11	9.5967e-11	6.3138e-11	1.1994e-10	2.237e-11	3.9209e-11	1.2022e-11	1.1227e-10	5.8477e-12	6.535e-12	3.9588e-12
1526.92	0.24028	0.024231	0.00010782	6.855e-05	0.00020506	0.00065956	0.00018428	0.00062717	1.4984e-05	0.00010195	2.1335e-05	0.00013279	2.365e-05	9.6742e-05	4.5427e-06	1.9558e-05	4.7946e-06	1.0037e-05	7.5249e-06	1.7731e-05	3.3567e-06	1.1031e-05	5.4221e-06	1.119e-05	7.1119e-06	7.4772e-05	5.1161e-07	3.6988e-06	5.121e-08	6.6168e-08	4.9308e-09	1.0651e-08	6.7724e-10	3.9891e-09	7.3937e-10	2.0727e-09	6.7397e-10	2.2198e-09	4.9523e-10	1.2192e-09	2.2054e-10	6.1752e-10	7.2374e-11	2.3697e-10	1.2204e-10	3.5247e-10	1.1463e-10	3.0775e-10	6.7719e-11	3.6337e-10	7.6698e-11	4.4592e-10	8.5332e-11	2.1048e-10	5.0579e-11	5.2402e-10	4.6805e-11	1.4005e-10	3.3319e-11	1.2431e-10	1.4696e-11	1.4022e-10	2.4109e-11	1.0958e-10	2.7338e-11	1.0966e-10	4.1513e-11	6.8907e-11	1.4068e-11	6.9801e-11	1.0186e-11	6.3573e-11	5.7293e-12	6.3618e-11	2.1987e-11	9.4443e-11	6.2115e-11	1.1802e-10	2.201e-11	3.859e-11	1.1835e-11	1.1049e-10	5.7564e-12	6.4386e-12	3.8991e-12
1548.14	0.23719	0.02381	0.00010605	6.7398e-05	0.0002013	0.00064818	0.00018096	0.0006166	1.4723e-05	0.00010018	2.0944e-05	0.00013056	2.3273e-05	9.516e-05	4.4668e-06	1.9238e-05	4.7107e-06	9.8603e-06	7.3913e-06	1.7428e-05	3.2985e-06	1.0823e-05	5.317e-06	1.099e-05	6.9892e-06	7.3665e-05	5.0312e-07	3.6432e-06	5.0388e-08	6.5099e-08	4.8538e-09	1.049e-08	6.6705e-10	3.9277e-09	7.285e-10	2.0411e-09	6.6336e-10	2.1847e-09	4.8794e-10	1.2013e-09	2.1712e-10	6.0844e-10	7.1308e-11	2.3326e-10	1.2023e-10	3.4695e-10	1.1284e-10	3.0294e-10	6.6664e-11	3.58e-10	7.5532e-11	4.3891e-10	8.4003e-11	2.0731e-10	4.9779e-11	5.1583e-10	4.6109e-11	1.3783e-10	3.2811e-11	1.2233e-10	1.4479e-11	1.3806e-10	2.3725e-11	1.0785e-10	2.6925e-11	1.0792e-10	4.0852e-11	6.7813e-11	1.3852e-11	6.8663e-11	1.0023e-11	6.256e-11	5.6379e-12	6.2606e-11	2.1637e-11	9.2925e-11	6.1144e-11	1.1614e-10	2.1664e-11	3.7961e-11	1.1645e-11	1.0874e-10	5.6639e-12	6.3354e-12	3.8373e-12
1569.65	0.23397	0.023395	0.00010431	6.631e-05	0.0001974	0.00063699	0.00017768	0.00060611	1.4446e-05	9.8454e-05	2.0586e-05	0.00012832	2.2876e-05	9.361e-05	4.387e-06	1.8925e-05	4.633e-06	9.6948e-06	7.2653e-06	1.7131e-05	3.2396e-06	1.0618e-05	5.2183e-06	1.0786e-05	6.8647e-06	7.2487e-05	4.9489e-07	3.5882e-06	4.955e-08	6.4053e-08	4.7808e-09	1.0327e-08	6.5663e-10	3.8663e-09	7.1688e-10	2.0094e-09	6.5317e-10	2.1512e-09	4.8016e-10	1.1821e-09	2.1383e-10	5.9875e-10	7.0172e-11	2.2963e-10	1.1832e-10	3.4156e-10	1.1107e-10	2.9837e-10	6.5656e-11	3.5228e-10	7.4317e-11	4.3185e-10	8.2669e-11	2.0401e-10	4.9028e-11	5.0748e-10	4.5369e-11	1.3576e-10	3.2284e-11	1.2046e-10	1.4247e-11	1.3591e-10	2.3369e-11	1.0612e-10	2.6484e-11	1.0619e-10	4.0197e-11	6.6726e-11	1.3625e-11	6.758e-11	9.8632e-12	6.154e-11	5.5461e-12	6.1582e-11	2.1282e-11	9.1452e-11	6.0154e-11	1.1429e-10	2.1313e-11	3.7371e-11	1.1471e-11	1.0711e-10	5.5769e-12	6.2419e-12	3.7799e-12
1591.47	0.23073	0.022984	0.00010262	6.5169e-05	0.00019364	0.00062587	0.00017445	0.00059581	1.419e-05	9.6793e-05	2.0206e-05	0.0001263	2.2482e-05	9.2034e-05	4.3134e-06	1.8609e-05	4.5504e-06	9.5297e-06	7.1382e-06	1.6832e-05	3.1783e-06	1.0411e-05	5.1207e-06	1.0583e-05	6.7482e-06	7.1308e-05	4.8669e-07	3.5336e-06	4.8762e-08	6.2996e-08	4.7049e-09	1.0164e-08	6.4625e-10	3.8076e-09	7.058e-10	1.9793e-09	6.4298e-10	2.1175e-09	4.727e-10	1.1638e-09	2.1043e-10	5.895e-10	6.9081e-11	2.2599e-10	1.1649e-10	3.363e-10	1.0931e-10	2.9374e-10	6.4636e-11	3.4671e-10	7.3194e-11	4.2477e-10	8.1407e-11	2.0071e-10	4.8229e-11	4.9923e-10	4.4636e-11	1.3355e-10	3.1797e-11	1.1854e-10	1.4023e-11	1.3368e-10	2.2991e-11	1.0436e-10	2.6062e-11	1.0444e-10	3.9537e-11	6.5626e-11	1.3408e-11	6.6477e-11	9.7018e-12	6.0564e-11	5.458e-12	6.0616e-11	2.0948e-11	9.0065e-11	5.924e-11	1.1256e-10	2.0984e-11	3.6795e-11	1.1286e-11	1.0537e-10	5.49e-12	6.1415e-12	3.7198e-12
1613.59	0.22759	0.022603	0.00010094	6.4059e-05	0.00018992	0.00061561	0.00017143	0.00058611	1.3916e-05	9.5201e-05	1.9854e-05	0.00012414	2.2094e-05	9.0637e-05	4.2351e-06	1.8325e-05	4.4727e-06	9.3729e-06	7.0096e-06	1.6561e-05	3.1191e-06	1.0216e-05	5.0291e-06	1.0389e-05	6.6326e-06	7.0103e-05	4.7874e-07	3.4792e-06	4.7981e-08	6.1994e-08	4.6302e-09	1.0002e-08	6.3594e-10	3.7472e-09	6.9467e-10	1.9471e-09	6.3313e-10	2.0855e-09	4.6524e-10	1.1454e-09	2.0712e-10	5.8021e-10	6.7989e-11	2.2252e-10	1.1466e-10	3.3108e-10	1.0764e-10	2.8897e-10	6.3587e-11	3.413e-10	7.2004e-11	4.1797e-10	8.0061e-11	1.9737e-10	4.7449e-11	4.9117e-10	4.3897e-11	1.3139e-10	3.1279e-11	1.166e-10	1.3801e-11	1.3151e-10	2.2617e-11	1.0271e-10	2.5633e-11	1.0279e-10	3.8912e-11	6.4589e-11	1.3188e-11	6.5463e-11	9.5486e-12	5.9633e-11	5.3742e-12	5.9674e-11	2.0622e-11	8.8587e-11	5.8286e-11	1.1072e-10	2.0653e-11	3.6191e-11	1.1114e-11	1.0379e-10	5.4042e-12	6.0451e-12	3.6617e-12
1636.01	0.22468	0.022213	9.9202e-05	6.295e-05	0.0001863	0.00060501	0.00016835	0.00057641	1.3644e-05	9.3617e-05	1.9478e-05	0.00012218	2.1707e-05	8.9112e-05	4.1618e-06	1.8021e-05	4.3901e-06	9.2093e-06	6.884e-06	1.6274e-05	3.0608e-06	1.0023e-05	4.9328e-06	1.0198e-05	6.5223e-06	6.8971e-05	4.7119e-07	3.4215e-06	4.7252e-08	6.1023e-08	4.5556e-09	9.8466e-09	6.261e-10	3.6862e-09	6.8408e-10	1.9159e-09	6.2274e-10	2.0512e-09	4.5812e-10	1.1279e-09	2.0386e-10	5.7133e-10	6.6947e-11	2.19e-10	1.1289e-10	3.2565e-10	1.0594e-10	2.8452e-10	6.2607e-11	3.3556e-10	7.0823e-11	4.115e-10	7.8761e-11	1.9421e-10	4.6662e-11	4.8361e-10	4.3198e-11	1.2921e-10	3.0766e-11	1.1467e-10	1.3572e-11	1.2935e-10	2.224e-11	1.011e-10	2.5235e-11	1.0118e-10	3.8303e-11	6.3577e-11	1.2986e-11	6.4395e-11	9.399e-12	5.8648e-11	5.2854e-12	5.8696e-11	2.0282e-11	8.7249e-11	5.7386e-11	1.0904e-10	2.0329e-11	3.5649e-11	1.0933e-11	1.0209e-10	5.3163e-12	5.952e-12	3.607e-12
1658.75	0.22149	0.021845	9.7573e-05	6.1888e-05	0.00018286	0.00059511	0.00016544	0.00056709	1.337e-05	9.2006e-05	1.9104e-05	0.00012008	2.1301e-05	8.7745e-05	4.0837e-06	1.7744e-05	4.3084e-06	9.051e-06	6.7561e-06	1.6012e-05	3.0039e-06	9.8376e-06	4.8408e-06	1.0018e-05	6.408e-06	6.785e-05	4.6335e-07	3.3656e-06	4.6475e-08	6.0046e-08	4.4847e-09	9.691e-09	6.1618e-10	3.6287e-09	6.7275e-10	1.8854e-09	6.1291e-10	2.0183e-09	4.506e-10	1.1093e-09	2.0066e-10	5.6187e-10	6.5852e-11	2.154e-10	1.1102e-10	3.2057e-10	1.0419e-10	2.7981e-10	6.1566e-11	3.301e-10	6.9631e-11	4.0465e-10	7.7446e-11	1.9116e-10	4.5916e-11	4.7555e-10	4.2516e-11	1.2714e-10	3.0249e-11	1.1279e-10	1.3348e-11	1.2736e-10	2.1883e-11	9.9421e-11	2.4826e-11	9.9537e-11	3.7677e-11	6.2529e-11	1.2771e-11	6.3398e-11	9.2477e-12	5.7757e-11	5.2051e-12	5.7793e-11	1.9975e-11	8.5811e-11	5.6446e-11	1.0725e-10	1.9996e-11	3.5058e-11	1.076e-11	1.0046e-10	5.2334e-12	5.8633e-12	3.5502e-12
1681.8	0.21844	0.02146	9.5873e-05	6.0799e-05	0.00017931	0.00058466	0.00016241	0.00055744	1.3112e-05	9.0436e-05	1.8728e-05	0.00011812	2.0909e-05	8.6267e-05	4.0065e-06	1.7446e-05	4.2246e-06	8.894e-06	6.6246e-06	1.5731e-05	2.95e-06	9.6476e-06	4.7489e-06	9.83e-06	6.2974e-06	6.6802e-05	4.5565e-07	3.3099e-06	4.5733e-08	5.9067e-08	4.4129e-09	9.5292e-09	6.0591e-10	3.5674e-09	6.6189e-10	1.8534e-09	6.0281e-10	1.9856e-09	4.4324e-10	1.0913e-09	1.9732e-10	5.5285e-10	6.4774e-11	2.1202e-10	1.0925e-10	3.1526e-10	1.0256e-10	2.7516e-10	6.0546e-11	3.2455e-10	6.8506e-11	3.9845e-10	7.6214e-11	1.8796e-10	4.5185e-11	4.6825e-10	4.1818e-11	1.2512e-10	2.976e-11	1.1102e-10	1.3126e-11	1.2522e-10	2.1535e-11	9.7908e-11	2.4434e-11	9.795e-11	3.708e-11	6.1556e-11	1.2573e-11	6.2351e-11	9.097e-12	5.6796e-11	5.1184e-12	5.6845e-11	1.9643e-11	8.4432e-11	5.5547e-11	1.0552e-10	1.9681e-11	3.4498e-11	1.059e-11	9.8893e-11	5.1498e-12	5.7648e-12	3.4907e-12
1705.17	0.21541	0.021094	9.4183e-05	5.9703e-05	0.00017585	0.0005748	0.00015952	0.00054815	1.2858e-05	8.8826e-05	1.8374e-05	0.00011603	2.052e-05	8.4903e-05	3.9277e-06	1.7169e-05	4.146e-06	8.7408e-06	6.4955e-06	1.547e-05	2.8942e-06	9.4628e-06	4.6612e-06	9.6486e-06	6.1883e-06	6.5687e-05	4.4796e-07	3.2561e-06	4.4989e-08	5.8097e-08	4.3391e-09	9.3794e-09	5.9639e-10	3.5081e-09	6.5107e-10	1.8226e-09	5.9269e-10	1.9518e-09	4.3612e-10	1.0736e-09	1.9419e-10	5.4376e-10	6.3737e-11	2.0844e-10	1.0744e-10	3.0998e-10	1.0084e-10	2.7049e-10	5.952e-11	3.1945e-10	6.7408e-11	3.9177e-10	7.4971e-11	1.8507e-10	4.4453e-11	4.6042e-10	4.1148e-11	1.2308e-10	2.9283e-11	1.0915e-10	1.292e-11	1.2327e-10	2.1178e-11	9.6261e-11	2.4028e-11	9.6368e-11	3.6479e-11	6.0542e-11	1.2364e-11	6.1347e-11	8.9528e-12	5.5876e-11	5.0356e-12	5.593e-11	1.9327e-11	8.3109e-11	5.4659e-11	1.0386e-10	1.9365e-11	3.3968e-11	1.043e-11	9.7395e-11	5.0717e-12	5.6705e-12	3.4362e-12
1728.87	0.21234	0.020709	9.2478e-05	5.8663e-05	0.00017241	0.00056437	0.00015649	0.00053848	1.2613e-05	8.7186e-05	1.8026e-05	0.00011395	2.0143e-05	8.3434e-05	3.8537e-06	1.6872e-05	4.0678e-06	8.5809e-06	6.3706e-06	1.519e-05	2.8398e-06	9.2819e-06	4.5689e-06	9.4684e-06	6.0816e-06	6.4624e-05	4.4062e-07	3.205e-06	4.4284e-08	5.7168e-08	4.2701e-09	9.2212e-09	5.8631e-10	3.4483e-09	6.3993e-10	1.7916e-09	5.825e-10	1.9189e-09	4.2858e-10	1.0551e-09	1.9093e-10	5.3449e-10	6.2633e-11	2.0494e-10	1.0562e-10	3.0463e-10	9.914e-11	2.6605e-10	5.8545e-11	3.1407e-10	6.6282e-11	3.8538e-10	7.3762e-11	1.8193e-10	4.3708e-11	4.5291e-10	4.0478e-11	1.2102e-10	2.8797e-11	1.0745e-10	1.27e-11	1.212e-10	2.0837e-11	9.47e-11	2.3641e-11	9.4807e-11	3.5887e-11	5.9561e-11	1.2162e-11	6.0361e-11	8.8074e-12	5.4999e-11	4.9565e-12	5.5069e-11	1.9028e-11	8.1837e-11	5.383e-11	1.0227e-10	1.9069e-11	3.3432e-11	1.0253e-11	9.5733e-11	4.9866e-12	5.5802e-12	3.3804e-12
1752.9	0.20906	0.020327	9.087e-05	5.7562e-05	0.00016911	0.00055404	0.00015348	0.00052877	1.2362e-05	8.5551e-05	1.7688e-05	0.00011184	1.9785e-05	8.1971e-05	3.7801e-06	1.6577e-05	3.9945e-06	8.43e-06	6.2479e-06	1.4913e-05	2.7858e-06	9.1039e-06	4.4806e-06	9.296e-06	5.9707e-06	6.3558e-05	4.3319e-07	3.152e-06	4.3528e-08	5.6236e-08	4.1972e-09	9.0644e-09	5.7634e-10	3.3922e-09	6.2903e-10	1.7632e-09	5.728e-10	1.8863e-09	4.2139e-10	1.0374e-09	1.8768e-10	5.2533e-10	6.1584e-11	2.0142e-10	1.0379e-10	2.996e-10	9.7433e-11	2.6172e-10	5.7593e-11	3.0907e-10	6.5209e-11	3.7929e-10	7.2519e-11	1.7895e-10	4.3007e-11	4.4571e-10	3.9817e-11	1.1909e-10	2.8326e-11	1.0562e-10	1.25e-11	1.1921e-10	2.0495e-11	9.3226e-11	2.3256e-11	9.3344e-11	3.5333e-11	5.8638e-11	1.1966e-11	5.9438e-11	8.6712e-12	5.4146e-11	4.8797e-12	5.4171e-11	1.8723e-11	8.0428e-11	5.2912e-11	1.0052e-10	1.8746e-11	3.2858e-11	1.0081e-11	9.415e-11	4.9019e-12	5.4909e-12	3.3271e-12
1777.26	0.206	0.019937	8.9301e-05	5.65e-05	0.00016578	0.00054347	0.00015042	0.00051893	1.2118e-05	8.3995e-05	1.7344e-05	0.00010986	1.9416e-05	8.0492e-05	3.7112e-06	1.6276e-05	3.9176e-06	8.2744e-06	6.132e-06	1.4631e-05	2.7341e-06	8.9207e-06	4.3925e-06	9.1163e-06	5.8665e-06	6.2542e-05	4.2559e-07	3.1e-06	4.2803e-08	5.5272e-08	4.1256e-09	8.9066e-09	5.6633e-10	3.3356e-09	6.183e-10	1.7327e-09	5.6347e-10	1.856e-09	4.141e-10	1.0195e-09	1.844e-10	5.1643e-10	6.0519e-11	1.9809e-10	1.0205e-10	2.9469e-10	9.5813e-11	2.5736e-10	5.6638e-11	3.0383e-10	6.4128e-11	3.7336e-10	7.1336e-11	1.7614e-10	4.2299e-11	4.3878e-10	3.9198e-11	1.1712e-10	2.786e-11	1.0387e-10	1.2287e-11	1.1729e-10	2.0158e-11	9.1726e-11	2.2898e-11	9.1771e-11	3.4739e-11	5.7669e-11	1.1782e-11	5.8415e-11	8.5242e-12	5.3206e-11	4.795e-12	5.3238e-11	1.84e-11	7.9098e-11	5.2015e-11	9.8842e-11	1.8426e-11	3.2328e-11	9.9191e-12	9.2627e-11	4.8251e-12	5.4048e-12	3.2723e-12
1801.96	0.20287	0.019571	8.7689e-05	5.5429e-05	0.00016242	0.00053357	0.00014753	0.00050965	1.188e-05	8.2459e-05	1.7009e-05	0.0001079	1.9055e-05	7.9105e-05	3.6391e-06	1.5995e-05	3.8439e-06	8.1194e-06	6.0113e-06	1.4367e-05	2.6815e-06	8.7487e-06	4.3033e-06	8.9411e-06	5.7588e-06	6.1461e-05	4.1844e-07	3.0483e-06	4.2084e-08	5.4376e-08	4.0537e-09	8.7574e-09	5.5684e-10	3.2807e-09	6.0827e-10	1.705e-09	5.5368e-10	1.8237e-09	4.0742e-10	1.0031e-09	1.8131e-10	5.0801e-10	5.954e-11	1.9479e-10	1.0038e-10	2.8963e-10	9.4232e-11	2.53e-10	5.567e-11	2.9877e-10	6.3067e-11	3.6683e-10	7.0158e-11	1.733e-10	4.1637e-11	4.3111e-10	3.8533e-11	1.1529e-10	2.7399e-11	1.0221e-10	1.2082e-11	1.1546e-10	1.9842e-11	9.0131e-11	2.2502e-11	9.019e-11	3.4141e-11	5.6672e-11	1.1577e-11	5.7423e-11	8.3774e-12	5.2329e-11	4.7158e-12	5.2385e-11	1.8102e-11	7.7807e-11	5.1177e-11	9.7232e-11	1.8134e-11	3.1795e-11	9.7574e-12	9.1123e-11	4.7443e-12	5.311e-12	3.2161e-12
1827	0.19986	0.019209	8.6177e-05	5.4426e-05	0.00015924	0.00052374	0.00014468	0.00050049	1.1645e-05	8.1018e-05	1.6682e-05	0.00010603	1.8698e-05	7.7741e-05	3.5698e-06	1.5715e-05	3.7702e-06	7.963e-06	5.8947e-06	1.4106e-05	2.6288e-06	8.571e-06	4.2155e-06	8.7707e-06	5.6519e-06	6.0429e-05	4.1088e-07	2.9989e-06	4.1344e-08	5.3431e-08	3.9853e-09	8.6118e-09	5.4759e-10	3.2242e-09	5.9762e-10	1.6755e-09	5.4484e-10	1.7944e-09	4.0032e-10	9.855e-10	1.7829e-10	4.9912e-10	5.8505e-11	1.9154e-10	9.8621e-11	2.849e-10	9.2645e-11	2.4885e-10	5.4756e-11	2.9385e-10	6.2072e-11	3.6075e-10	6.9057e-11	1.7027e-10	4.0918e-11	4.239e-10	3.7865e-11	1.133e-10	2.6967e-11	1.0058e-10	1.1885e-11	1.1343e-10	1.9503e-11	8.866e-11	2.2115e-11	8.875e-11	3.3595e-11	5.5759e-11	1.138e-11	5.6484e-11	8.2447e-12	5.1466e-11	4.6381e-12	5.1507e-11	1.7801e-11	7.6534e-11	5.0332e-11	9.5642e-11	1.783e-11	3.128e-11	9.6013e-12	8.9671e-11	4.6679e-12	5.2191e-12	3.1617e-12
1852.39	0.19694	0.018869	8.4629e-05	5.3403e-05	0.00015591	0.00051454	0.000142	0.00049189	1.1403e-05	7.9501e-05	1.6359e-05	0.00010411	1.8356e-05	7.6415e-05	3.5008e-06	1.545e-05	3.6991e-06	7.8154e-06	5.7789e-06	1.3857e-05	2.5786e-06	8.3953e-06	4.1303e-06	8.5938e-06	5.5442e-06	5.9391e-05	4.0352e-07	2.9486e-06	4.0619e-08	5.2497e-08	3.9185e-09	8.464e-09	5.3825e-10	3.1703e-09	5.8795e-10	1.6472e-09	5.3527e-10	1.7631e-09	3.938e-10	9.6948e-10	1.7518e-10	4.9106e-10	5.7549e-11	1.8822e-10	9.7036e-11	2.8003e-10	9.1042e-11	2.4465e-10	5.3835e-11	2.892e-10	6.1004e-11	3.5475e-10	6.7851e-11	1.6746e-10	4.0204e-11	4.1688e-10	3.7256e-11	1.1132e-10	2.6501e-11	9.8802e-11	1.1696e-11	1.115e-10	1.9162e-11	8.7174e-11	2.1754e-11	8.7237e-11	3.3023e-11	5.4816e-11	1.1192e-11	5.5551e-11	8.1036e-12	5.062e-11	4.5618e-12	5.0675e-11	1.7511e-11	7.5294e-11	4.9519e-11	9.4105e-11	1.754e-11	3.0758e-11	9.4343e-12	8.8089e-11	4.5886e-12	5.1281e-12	3.1056e-12
1878.13	0.19412	0.018513	8.3123e-05	5.2426e-05	0.00015269	0.0005049	0.0001392	0.00048284	1.1177e-05	7.8049e-05	1.6028e-05	0.00010223	1.8007e-05	7.5063e-05	3.434e-06	1.5175e-05	3.625e-06	7.6713e-06	5.6682e-06	1.36e-05	2.526e-06	8.2194e-06	4.0494e-06	8.4235e-06	5.4427e-06	5.8338e-05	3.9611e-07	2.8976e-06	3.9908e-08	5.1562e-08	3.8518e-09	8.3197e-09	5.2896e-10	3.1169e-09	5.7761e-10	1.6199e-09	5.2622e-10	1.7331e-09	3.869e-10	9.5249e-10	1.7229e-10	4.8241e-10	5.6544e-11	1.8507e-10	9.5326e-11	2.753e-10	8.9528e-11	2.4074e-10	5.2974e-11	2.8407e-10	5.9932e-11	3.4888e-10	6.6665e-11	1.6464e-10	3.9554e-11	4.0996e-10	3.6616e-11	1.0953e-10	2.6035e-11	9.7143e-11	1.1487e-11	1.0965e-10	1.8852e-11	8.5746e-11	2.1389e-11	8.5821e-11	3.2487e-11	5.3926e-11	1.1006e-11	5.465e-11	7.9716e-12	4.9783e-11	4.4865e-12	4.9813e-11	1.7215e-11	7.3961e-11	4.8656e-11	9.2435e-11	1.7239e-11	3.0217e-11	9.2689e-12	8.6545e-11	4.5078e-12	5.042e-12	3.0538e-12
1904.23	0.19112	0.018173	8.1706e-05	5.1418e-05	0.00014947	0.00049565	0.00013652	0.00047421	1.0943e-05	7.6603e-05	1.5718e-05	0.0001004	1.7658e-05	7.3736e-05	3.3646e-06	1.4907e-05	3.5548e-06	7.5233e-06	5.553e-06	1.3351e-05	2.4754e-06	8.0527e-06	3.9652e-06	8.2537e-06	5.3438e-06	5.7293e-05	3.8914e-07	2.8495e-06	3.924e-08	5.0674e-08	3.7842e-09	8.1792e-09	5.201e-10	3.067e-09	5.677e-10	1.5938e-09	5.1768e-10	1.7043e-09	3.8027e-10	9.3615e-10	1.693e-10	4.7413e-10	5.5574e-11	1.8192e-10	9.3704e-11	2.7086e-10	8.8e-11	2.365e-10	5.2041e-11	2.7914e-10	5.8955e-11	3.4306e-10	6.5564e-11	1.6192e-10	3.8875e-11	4.0319e-10	3.6018e-11	1.0764e-10	2.5612e-11	9.5505e-11	1.1291e-11	1.0782e-10	1.8526e-11	8.4285e-11	2.1039e-11	8.4347e-11	3.1929e-11	5.3e-11	1.0827e-11	5.3685e-11	7.8347e-12	4.8899e-11	4.4068e-12	4.893e-11	1.6911e-11	7.266e-11	4.7797e-11	9.0803e-11	1.6934e-11	2.9694e-11	9.1052e-12	8.5011e-11	4.4278e-12	4.9542e-12	3.001e-12
1930.7	0.18802	0.017833	8.0202e-05	5.0449e-05	0.00014645	0.00048645	0.00013385	0.00046558	1.0713e-05	7.5227e-05	1.5396e-05	9.8592e-05	1.7327e-05	7.2454e-05	3.2992e-06	1.4645e-05	3.4831e-06	7.3851e-06	5.4409e-06	1.3106e-05	2.4246e-06	7.8904e-06	3.8882e-06	8.0961e-06	5.2428e-06	5.6286e-05	3.8214e-07	2.7983e-06	3.8535e-08	4.9809e-08	3.7201e-09	8.0389e-09	5.1114e-10	3.0122e-09	5.5826e-10	1.565e-09	5.0894e-10	1.6766e-09	3.7387e-10	9.2044e-10	1.664e-10	4.6632e-10	5.4636e-11	1.7898e-10	9.2174e-11	2.6613e-10	8.6573e-11	2.3229e-10	5.1115e-11	2.7444e-10	5.7929e-11	3.3693e-10	6.4447e-11	1.5915e-10	3.823e-11	3.9597e-10	3.5395e-11	1.0586e-10	2.5165e-11	9.3905e-11	1.11e-11	1.0604e-10	1.8221e-11	8.2786e-11	2.0667e-11	8.2838e-11	3.1358e-11	5.2053e-11	1.0633e-11	5.2731e-11	7.6945e-12	4.804e-11	4.3293e-12	4.8077e-11	1.6617e-11	7.1356e-11	4.6947e-11	8.9183e-11	1.6632e-11	2.9156e-11	8.9484e-12	8.3579e-11	4.3509e-12	4.8754e-12	2.953e-12
1957.53	0.18497	0.017504	7.8691e-05	4.9498e-05	0.00014338	0.00047753	0.00013126	0.00045728	1.0482e-05	7.3772e-05	1.5079e-05	9.6725e-05	1.6977e-05	7.1178e-05	3.2321e-06	1.4387e-05	3.4119e-06	7.2429e-06	5.3314e-06	1.2866e-05	2.3773e-06	7.7266e-06	3.8067e-06	7.9304e-06	5.1471e-06	5.5325e-05	3.7535e-07	2.7491e-06	3.7894e-08	4.8942e-08	3.6559e-09	7.9071e-09	5.0278e-10	2.9587e-09	5.4904e-10	1.5379e-09	4.9973e-10	1.646e-09	3.6776e-10	9.0538e-10	1.6368e-10	4.5853e-10	5.3745e-11	1.7577e-10	9.0595e-11	2.6136e-10	8.5027e-11	2.2846e-10	5.0267e-11	2.6979e-10	5.6968e-11	3.3098e-10	6.3376e-11	1.563e-10	3.7561e-11	3.8894e-10	3.4757e-11	1.0401e-10	2.4747e-11	9.2308e-11	1.0912e-11	1.0412e-10	1.7904e-11	8.1339e-11	2.0298e-11	8.1365e-11	3.0802e-11	5.1137e-11	1.0443e-11	5.1788e-11	7.5563e-12	4.7162e-11	4.2503e-12	4.7214e-11	1.6315e-11	7.0152e-11	4.6131e-11	8.7673e-11	1.634e-11	2.8661e-11	8.7919e-12	8.2092e-11	4.2747e-12	4.7977e-12	2.9076e-12
1984.73	0.18221	0.017163	7.7268e-05	4.8601e-05	0.00014046	0.00046826	0.00012858	0.00044859	1.0263e-05	7.2381e-05	1.4763e-05	9.4987e-05	1.6643e-05	6.9863e-05	3.1656e-06	1.4119e-05	3.3403e-06	7.105e-06	5.2186e-06	1.2617e-05	2.3285e-06	7.5677e-06	3.7289e-06	7.7782e-06	5.0508e-06	5.4317e-05	3.6839e-07	2.6994e-06	3.7208e-08	4.8066e-08	3.5959e-09	7.7655e-09	4.9376e-10	2.9084e-09	5.39e-10	1.5115e-09	4.9129e-10	1.6176e-09	3.6104e-10	8.8882e-10	1.6078e-10	4.5016e-10	5.2764e-11	1.7262e-10	8.8948e-11	2.57e-10	8.3495e-11	2.2445e-10	4.9391e-11	2.6531e-10	5.597e-11	3.249e-10	6.2244e-11	1.5355e-10	3.6884e-11	3.8182e-10	3.4134e-11	1.0213e-10	2.4314e-11	9.0639e-11	1.0728e-11	1.0225e-10	1.758e-11	7.9852e-11	1.9932e-11	7.9925e-11	3.0256e-11	5.022e-11	1.0254e-11	5.0887e-11	7.4236e-12	4.6364e-11	4.1784e-12	4.6391e-11	1.6034e-11	6.8893e-11	4.532e-11	8.61e-11	1.6054e-11	2.8155e-11	8.6488e-12	8.0774e-11	4.2043e-12	4.7191e-12	2.8596e-12
2012.32	0.17945	0.016841	7.5825e-05	4.7625e-05	0.00013747	0.00045954	0.00012605	0.00044037	1.005e-05	7.0991e-05	1.4462e-05	9.3172e-05	1.6306e-05	6.8639e-05	3.0989e-06	1.387e-05	3.2727e-06	6.975e-06	5.1091e-06	1.2385e-05	2.2827e-06	7.4127e-06	3.6555e-06	7.6184e-06	4.9565e-06	5.3405e-05	3.6172e-07	2.6533e-06	3.6553e-08	4.7236e-08	3.5307e-09	7.6245e-09	4.848e-10	2.8583e-09	5.2968e-10	1.4856e-09	4.8267e-10	1.5896e-09	3.5469e-10	8.7327e-10	1.5786e-10	4.4244e-10	5.1833e-11	1.6968e-10	8.7442e-11	2.5244e-10	8.2089e-11	2.2065e-10	4.8557e-11	2.6044e-10	5.4949e-11	3.1935e-10	6.1115e-11	1.5072e-10	3.6212e-11	3.7531e-10	3.3527e-11	1.0027e-10	2.387e-11	8.9023e-11	1.0532e-11	1.0038e-10	1.7261e-11	7.8466e-11	1.9581e-11	7.8501e-11	2.9717e-11	4.9333e-11	1.0077e-11	4.9982e-11	7.2913e-12	4.5531e-11	4.1032e-12	4.5582e-11	1.5751e-11	6.7779e-11	4.4576e-11	8.4708e-11	1.5789e-11	2.7696e-11	8.509e-12	7.9476e-11	4.1368e-12	4.6371e-12	2.8102e-12
2040.28	0.17657	0.016511	7.447e-05	4.6661e-05	0.00013458	0.00045057	0.00012346	0.00043198	9.8376e-06	6.9588e-05	1.417e-05	9.138e-05	1.5995e-05	6.7353e-05	3.0358e-06	1.361e-05	3.2067e-06	6.8372e-06	5.0013e-06	1.2144e-05	2.2354e-06	7.2588e-06	3.5816e-06	7.4649e-06	4.8679e-06	5.2427e-05	3.5513e-07	2.6056e-06	3.5936e-08	4.6404e-08	3.4665e-09	7.4963e-09	4.7661e-10	2.81e-09	5.2042e-10	1.4602e-09	4.7449e-10	1.5623e-09	3.4853e-10	8.5808e-10	1.552e-10	4.3467e-10	5.0934e-11	1.6672e-10	8.5893e-11	2.4817e-10	8.0642e-11	2.1671e-10	4.7685e-11	2.5569e-10	5.3947e-11	3.136e-10	6e-11	1.4809e-10	3.5565e-11	3.6849e-10	3.2925e-11	9.848e-11	2.3433e-11	8.7369e-11	1.0342e-11	9.8654e-11	1.6953e-11	7.7075e-11	1.9233e-11	7.7164e-11	2.9209e-11	4.8475e-11	9.8949e-12	4.9162e-11	7.169e-12	4.4785e-11	4.0361e-12	4.4846e-11	1.5495e-11	6.6695e-11	4.385e-11	8.3341e-11	1.5532e-11	2.726e-11	8.3673e-12	7.8161e-11	4.0681e-12	4.5605e-12	2.7619e-12
2068.64	0.17371	0.016183	7.3069e-05	4.5763e-05	0.00013177	0.00044168	0.0001209	0.00042363	9.6258e-06	6.8195e-05	1.3878e-05	8.959e-05	1.567e-05	6.6089e-05	2.9744e-06	1.3353e-05	3.1397e-06	6.6993e-06	4.8998e-06	1.1906e-05	2.1897e-06	7.1137e-06	3.5044e-06	7.3184e-06	4.7733e-06	5.15e-05	3.4896e-07	2.5609e-06	3.5316e-08	4.5627e-08	3.4067e-09	7.3619e-09	4.6812e-10	2.7583e-09	5.1145e-10	1.4332e-09	4.6602e-10	1.5349e-09	3.4248e-10	8.432e-10	1.5241e-10	4.2721e-10	5.0048e-11	1.6388e-10	8.4429e-11	2.4373e-10	7.9263e-11	2.1273e-10	4.6809e-11	2.5097e-10	5.2978e-11	3.084e-10	5.8932e-11	1.4545e-10	3.493e-11	3.6244e-10	3.2363e-11	9.6718e-11	2.3013e-11	8.585e-11	1.0148e-11	9.6849e-11	1.6646e-11	7.5812e-11	1.8913e-11	7.5923e-11	2.874e-11	4.7692e-11	9.7326e-12	4.8356e-11	7.0527e-12	4.4074e-11	3.9719e-12	4.4119e-11	1.5247e-11	6.5589e-11	4.3115e-11	8.1954e-11	1.5273e-11	2.68e-11	8.221e-12	7.6775e-11	3.9977e-12	4.4789e-12	2.7128e-12
2097.39	0.17079	0.015855	7.1642e-05	4.4877e-05	0.0001291	0.00043278	0.00011833	0.00041524	9.4243e-06	6.6863e-05	1.3586e-05	8.7891e-05	1.5369e-05	6.4826e-05	2.9123e-06	1.3095e-05	3.0759e-06	6.5695e-06	4.7941e-06	1.1668e-05	2.1456e-06	6.9604e-06	3.4313e-06	7.1756e-06	4.6793e-06	5.0626e-05	3.4221e-07	2.5142e-06	3.4656e-08	4.4783e-08	3.3465e-09	7.2348e-09	4.6005e-10	2.7074e-09	5.0235e-10	1.407e-09	4.5737e-10	1.5065e-09	3.3652e-10	8.2844e-10	1.4979e-10	4.1958e-10	4.9182e-11	1.6086e-10	8.2911e-11	2.392e-10	7.7817e-11	2.0878e-10	4.5942e-11	2.4659e-10	5.2013e-11	3.0349e-10	5.7868e-11	1.4305e-10	3.4342e-11	3.5662e-10	3.1838e-11	9.5088e-11	2.2596e-11	8.4293e-11	9.9719e-12	9.5249e-11	1.6362e-11	7.459e-11	1.8601e-11	7.4647e-11	2.8257e-11	4.6904e-11	9.5728e-12	4.7542e-11	6.934e-12	4.3333e-11	3.9052e-12	4.3361e-11	1.4986e-11	6.441e-11	4.2358e-11	8.0489e-11	1.5006e-11	2.633e-11	8.0834e-12	7.5484e-11	3.9309e-12	4.3986e-12	2.6647e-12
2126.53	0.16795	0.015545	7.0239e-05	4.4018e-05	0.00012624	0.00042436	0.0001159	0.00040734	9.2226e-06	6.5579e-05	1.3308e-05	8.6237e-05	1.5055e-05	6.3631e-05	2.8522e-06	1.2851e-05	3.0122e-06	6.4376e-06	4.697e-06	1.1442e-05	2.1035e-06	6.8052e-06	3.3592e-06	7.0229e-06	4.5913e-06	4.9717e-05	3.3552e-07	2.4692e-06	3.4049e-08	4.3955e-08	3.2887e-09	7.1032e-09	4.5164e-10	2.657e-09	4.9301e-10	1.3803e-09	4.4899e-10	1.479e-09	3.3023e-10	8.1297e-10	1.4708e-10	4.1176e-10	4.8261e-11	1.5787e-10	8.1361e-11	2.3475e-10	7.6371e-11	2.0499e-10	4.5111e-11	2.4202e-10	5.1123e-11	2.9833e-10	5.6895e-11	1.4072e-10	3.3773e-11	3.5061e-10	3.1299e-11	9.3512e-11	2.221e-11	8.288e-11	9.7884e-12	9.3697e-11	1.6094e-11	7.3303e-11	1.8285e-11	7.3349e-11	2.7766e-11	4.6091e-11	9.4113e-12	4.6695e-11	6.8128e-12	4.2553e-11	3.8347e-12	4.2623e-11	1.4726e-11	6.3311e-11	4.1644e-11	7.9123e-11	1.4753e-11	2.5868e-11	7.9367e-12	7.4124e-11	3.8593e-12	4.3204e-12	2.6168e-12
2156.09	0.16522	0.015243	6.8889e-05	4.3102e-05	0.00012345	0.00041616	0.00011354	0.00039964	9.0332e-06	6.4251e-05	1.3031e-05	8.4587e-05	1.4753e-05	6.2448e-05	2.7936e-06	1.2613e-05	2.9498e-06	6.3134e-06	4.5948e-06	1.1222e-05	2.058e-06	6.6654e-06	3.2907e-06	6.8773e-06	4.5015e-06	4.8783e-05	3.2932e-07	2.4258e-06	3.3433e-08	4.318e-08	3.2274e-09	6.9703e-09	4.4319e-10	2.6095e-09	4.84e-10	1.356e-09	4.4068e-10	1.4509e-09	3.2413e-10	7.9801e-10	1.4432e-10	4.042e-10	4.7368e-11	1.5492e-10	7.9854e-11	2.3046e-10	7.4941e-11	2.0126e-10	4.4289e-11	2.3797e-10	5.0278e-11	2.9298e-10	5.5944e-11	1.3828e-10	3.3197e-11	3.4423e-10	3.075e-11	9.1918e-11	2.1842e-11	8.1541e-11	9.6234e-12	9.2114e-11	1.582e-11	7.203e-11	1.7959e-11	7.2107e-11	2.7296e-11	4.5311e-11	9.2413e-12	4.5903e-11	6.6975e-12	4.1814e-11	3.7683e-12	4.1847e-11	1.4462e-11	6.2163e-11	4.0883e-11	7.7689e-11	1.4482e-11	2.5398e-11	7.7927e-12	7.2779e-11	3.789e-12	4.241e-12	2.5702e-12
2186.05	0.1627	0.01494	6.755e-05	4.221e-05	0.00012081	0.00040793	0.00011116	0.00039184	8.8322e-06	6.3037e-05	1.2771e-05	8.2925e-05	1.4463e-05	6.1293e-05	2.7352e-06	1.2376e-05	2.8907e-06	6.1856e-06	4.4974e-06	1.1003e-05	2.0141e-06	6.5223e-06	3.2205e-06	6.7361e-06	4.417e-06	4.7904e-05	3.2319e-07	2.3843e-06	3.2831e-08	4.2383e-08	3.1651e-09	6.8352e-09	4.3461e-10	2.5595e-09	4.7455e-10	1.3301e-09	4.3232e-10	1.4241e-09	3.1776e-10	7.8235e-10	1.4152e-10	3.9639e-10	4.6437e-11	1.5204e-10	7.8334e-11	2.2608e-10	7.3535e-11	1.9771e-10	4.351e-11	2.3391e-10	4.939e-11	2.8766e-10	5.4955e-11	1.358e-10	3.2588e-11	3.3806e-10	3.0211e-11	9.0234e-11	2.1456e-11	8.0084e-11	9.462e-12	9.0379e-11	1.5532e-11	7.0689e-11	1.7643e-11	7.074e-11	2.6779e-11	4.4451e-11	9.0779e-12	4.5039e-11	6.5705e-12	4.103e-11	3.6977e-12	4.1058e-11	1.419e-11	6.1003e-11	4.0117e-11	7.6235e-11	1.4211e-11	2.4928e-11	7.6488e-12	7.142e-11	3.7193e-12	4.1653e-12	2.5236e-12
2216.43	0.15987	0.014641	6.631e-05	4.1319e-05	0.00011823	0.00039978	0.00010883	0.00038431	8.6305e-06	6.1771e-05	1.2493e-05	8.1343e-05	1.4183e-05	6.0117e-05	2.6803e-06	1.2136e-05	2.8282e-06	6.0561e-06	4.4054e-06	1.0782e-05	1.9724e-06	6.386e-06	3.1494e-06	6.6002e-06	4.33e-06	4.7018e-05	3.1725e-07	2.3389e-06	3.2226e-08	4.1639e-08	3.1052e-09	6.7089e-09	4.2662e-10	2.5161e-09	4.6589e-10	1.3073e-09	4.2461e-10	1.3979e-09	3.1208e-10	7.6828e-10	1.389e-10	3.8909e-10	4.5608e-11	1.492e-10	7.6876e-11	2.2215e-10	7.2175e-11	1.9437e-10	4.2773e-11	2.2991e-10	4.8509e-11	2.8239e-10	5.3959e-11	1.3332e-10	3.2028e-11	3.3186e-10	2.965e-11	8.8684e-11	2.1073e-11	7.8656e-11	9.298e-12	8.8802e-11	1.5266e-11	6.9385e-11	1.7318e-11	6.9431e-11	2.6283e-11	4.3628e-11	8.9113e-12	4.4212e-11	6.4494e-12	4.0284e-11	3.6304e-12	4.0314e-11	1.3933e-11	5.9886e-11	3.9392e-11	7.4839e-11	1.3956e-11	2.4471e-11	7.5068e-12	7.0087e-11	3.6508e-12	4.0964e-12	2.4822e-12
2247.23	0.15723	0.014355	6.5123e-05	4.0493e-05	0.0001157	0.00039199	0.00010659	0.00037695	8.4456e-06	6.0555e-05	1.2216e-05	7.9772e-05	1.3882e-05	5.8988e-05	2.6221e-06	1.1908e-05	2.7649e-06	5.9285e-06	4.3117e-06	1.0572e-05	1.9317e-06	6.2454e-06	3.0805e-06	6.4624e-06	4.2423e-06	4.6186e-05	3.109e-07	2.2952e-06	3.161e-08	4.0845e-08	3.0485e-09	6.5846e-09	4.187e-10	2.4735e-09	4.5735e-10	1.2859e-09	4.1752e-10	1.3741e-09	3.0624e-10	7.5398e-10	1.3632e-10	3.8203e-10	4.4752e-11	1.4665e-10	7.5511e-11	2.184e-10	7.0931e-11	1.9098e-10	4.2029e-11	2.2565e-10	4.7672e-11	2.7723e-10	5.3027e-11	1.3084e-10	3.1431e-11	3.2579e-10	2.9099e-11	8.7028e-11	2.0709e-11	7.723e-11	9.1286e-12	8.7163e-11	1.4981e-11	6.812e-11	1.6998e-11	6.8168e-11	2.5804e-11	4.2833e-11	8.7471e-12	4.3404e-11	6.3324e-12	3.9542e-11	3.5635e-12	3.9571e-11	1.3676e-11	5.8775e-11	3.8657e-11	7.3436e-11	1.3696e-11	2.4031e-11	7.3745e-12	6.8867e-11	3.5859e-12	4.0261e-12	2.4406e-12
2278.46	0.15461	0.014068	6.392e-05	3.9639e-05	0.00011306	0.0003842	0.00010435	0.00036961	8.2613e-06	5.941e-05	1.196e-05	7.8301e-05	1.3595e-05	5.7881e-05	2.5635e-06	1.1682e-05	2.7079e-06	5.8056e-06	4.2152e-06	1.0363e-05	1.8912e-06	6.1055e-06	3.0129e-06	6.3224e-06	4.1556e-06	4.5325e-05	3.0473e-07	2.2536e-06	3.1011e-08	4.0063e-08	2.9907e-09	6.4699e-09	4.1142e-10	2.4305e-09	4.4959e-10	1.2632e-09	4.1024e-10	1.351e-09	3.0095e-10	7.4103e-10	1.3393e-10	3.7559e-10	4.3977e-11	1.4414e-10	7.4236e-11	2.1458e-10	6.9716e-11	1.8751e-10	4.1261e-11	2.2166e-10	4.6777e-11	2.7209e-10	5.2038e-11	1.2844e-10	3.0847e-11	3.1975e-10	2.8567e-11	8.5411e-11	2.032e-11	7.5791e-11	8.9641e-12	8.5555e-11	1.4701e-11	6.6858e-11	1.6686e-11	6.6903e-11	2.5326e-11	4.2039e-11	8.585e-12	4.2585e-11	6.2146e-12	3.8819e-11	3.4982e-12	3.886e-11	1.3429e-11	5.7738e-11	3.7971e-11	7.2151e-11	1.3451e-11	2.3598e-11	7.2509e-12	6.7721e-11	3.5248e-12	3.9587e-12	2.3992e-12
2310.13	0.15183	0.013799	6.2693e-05	3.887e-05	0.00011052	0.0003769	0.00010224	0.00036273	8.0845e-06	5.8196e-05	1.1708e-05	7.6708e-05	1.3317e-05	5.6839e-05	2.5102e-06	1.147e-05	2.6494e-06	5.6849e-06	4.1242e-06	1.0168e-05	1.8495e-06	5.9679e-06	2.9466e-06	6.1868e-06	4.0725e-06	4.4448e-05	2.9853e-07	2.213e-06	3.0422e-08	3.9289e-08	2.939e-09	6.3584e-09	4.0433e-10	2.3852e-09	4.4186e-10	1.2402e-09	4.0282e-10	1.3268e-09	2.9592e-10	7.2857e-10	1.3162e-10	3.6906e-10	4.3245e-11	1.4162e-10	7.293e-11	2.1067e-10	6.8491e-11	1.8423e-10	4.0538e-11	2.1752e-10	4.59e-11	2.6713e-10	5.1066e-11	1.2605e-10	3.0282e-11	3.1385e-10	2.8033e-11	8.3851e-11	1.994e-11	7.4392e-11	8.7965e-12	8.396e-11	1.4431e-11	6.5646e-11	1.637e-11	6.5699e-11	2.487e-11	4.1281e-11	8.4224e-12	4.1831e-11	6.1027e-12	3.812e-11	3.4353e-12	3.817e-11	1.3189e-11	5.6771e-11	3.733e-11	7.0943e-11	1.3223e-11	2.3205e-11	7.1251e-12	6.6546e-11	3.4655e-12	3.8901e-12	2.356e-12
2342.23	0.14918	0.013512	6.1526e-05	3.8133e-05	0.00010796	0.00036908	0.00010001	0.0003554	7.8988e-06	5.6957e-05	1.1465e-05	7.513e-05	1.305e-05	5.5704e-05	2.4563e-06	1.1239e-05	2.5937e-06	5.5727e-06	4.0334e-06	9.9566e-06	1.8094e-06	5.8362e-06	2.8844e-06	6.0526e-06	3.9908e-06	4.3584e-05	2.9281e-07	2.1722e-06	2.9842e-08	3.8566e-08	2.8883e-09	6.2457e-09	3.9718e-10	2.3427e-09	4.3386e-10	1.2173e-09	3.9574e-10	1.3032e-09	2.9061e-10	7.1543e-10	1.2929e-10	3.6236e-10	4.247e-11	1.3897e-10	7.1601e-11	2.0696e-10	6.7217e-11	1.8074e-10	3.9774e-11	2.1346e-10	4.5054e-11	2.6226e-10	5.0114e-11	1.2375e-10	2.9708e-11	3.0817e-10	2.7526e-11	8.2262e-11	1.9573e-11	7.2998e-11	8.6332e-12	8.2393e-11	1.416e-11	6.4468e-11	1.6077e-11	6.4551e-11	2.4434e-11	4.055e-11	8.273e-12	4.1124e-11	5.9974e-12	3.7478e-11	3.3774e-12	3.7529e-11	1.2967e-11	5.5795e-11	3.6678e-11	6.9712e-11	1.2996e-11	2.2805e-11	7.004e-12	6.5416e-11	3.4046e-12	3.8151e-12	2.3119e-12
2374.79	0.14654	0.013224	6.0288e-05	3.7372e-05	0.00010557	0.00036125	9.7767e-05	0.00034798	7.7167e-06	5.5852e-05	1.1207e-05	7.3668e-05	1.2779e-05	5.4595e-05	2.4049e-06	1.1011e-05	2.5362e-06	5.4639e-06	3.9475e-06	9.7476e-06	1.7688e-06	5.7054e-06	2.8258e-06	5.9217e-06	3.9152e-06	4.2754e-05	2.8691e-07	2.1302e-06	2.9301e-08	3.7817e-08	2.8372e-09	6.1295e-09	3.8976e-10	2.2984e-09	4.2618e-10	1.1943e-09	3.8817e-10	1.2784e-09	2.8532e-10	7.0254e-10	1.269e-10	3.5595e-10	4.1693e-11	1.3648e-10	7.0334e-11	2.03e-10	6.6023e-11	1.7733e-10	3.9022e-11	2.0944e-10	4.42e-11	2.5783e-10	4.9151e-11	1.2153e-10	2.9169e-11	3.0295e-10	2.7045e-11	8.0767e-11	1.9201e-11	7.1656e-11	8.4704e-12	8.09e-11	1.3902e-11	6.3379e-11	1.5804e-11	6.3455e-11	2.402e-11	3.9864e-11	8.1327e-12	4.0397e-11	5.8951e-12	3.6834e-11	3.3194e-12	3.6867e-11	1.274e-11	5.4828e-11	3.6052e-11	6.8513e-11	1.2769e-11	2.2414e-11	6.8813e-12	6.4262e-11	3.3456e-12	3.7481e-12	2.2713e-12
2407.79	0.14402	0.012959	5.9082e-05	3.6591e-05	0.00010318	0.00035403	9.5709e-05	0.00034125	7.5373e-06	5.4703e-05	1.0956e-05	7.2228e-05	1.2503e-05	5.3555e-05	2.3511e-06	1.08e-05	2.4789e-06	5.3545e-06	3.8597e-06	9.5536e-06	1.7306e-06	5.5856e-06	2.7664e-06	5.7977e-06	3.8417e-06	4.1936e-05	2.8156e-07	2.0897e-06	2.8793e-08	3.7151e-08	2.7833e-09	6.0203e-09	3.828e-10	2.255e-09	4.1799e-10	1.1718e-09	3.8075e-10	1.254e-09	2.7994e-10	6.8921e-10	1.2464e-10	3.491e-10	4.0911e-11	1.3389e-10	6.8982e-11	1.9914e-10	6.4768e-11	1.74e-10	3.8287e-11	2.055e-10	4.339e-11	2.5334e-10	4.8267e-11	1.1946e-10	2.8667e-11	2.9771e-10	2.6582e-11	7.9375e-11	1.8849e-11	7.035e-11	8.3135e-12	7.952e-11	1.3659e-11	6.2257e-11	1.5522e-11	6.2327e-11	2.3593e-11	3.9156e-11	7.9904e-12	3.9707e-11	5.7904e-12	3.6194e-11	3.2617e-12	3.6236e-11	1.2523e-11	5.3844e-11	3.5416e-11	6.7295e-11	1.2546e-11	2.1997e-11	6.7472e-12	6.3008e-11	3.2816e-12	3.6842e-12	2.2328e-12
2441.25	0.14154	0.012697	5.7918e-05	3.5832e-05	0.00010099	0.00034692	9.3665e-05	0.00033448	7.369e-06	5.3617e-05	1.0707e-05	7.0828e-05	1.2236e-05	5.2535e-05	2.2981e-06	1.0591e-05	2.4227e-06	5.2428e-06	3.771e-06	9.3627e-06	1.693e-06	5.4683e-06	2.7064e-06	5.6824e-06	3.7679e-06	4.1179e-05	2.765e-07	2.0486e-06	2.8274e-08	3.6506e-08	2.7328e-09	5.9048e-09	3.7547e-10	2.212e-09	4.0992e-10	1.1495e-09	3.7359e-10	1.2303e-09	2.7457e-10	6.7594e-10	1.2224e-10	3.4238e-10	4.0126e-11	1.3134e-10	6.7659e-11	1.9542e-10	6.3531e-11	1.7063e-10	3.7543e-11	2.0172e-10	4.2633e-11	2.4895e-10	4.7438e-11	1.1733e-10	2.8158e-11	2.9251e-10	2.6107e-11	7.7972e-11	1.8521e-11	6.9148e-11	8.1601e-12	7.8139e-11	1.3423e-11	6.1187e-11	1.5256e-11	6.1238e-11	2.3181e-11	3.8477e-11	7.8509e-12	3.8999e-11	5.6888e-12	3.5523e-11	3.2013e-12	3.5551e-11	1.2286e-11	5.2804e-11	3.4721e-11	6.5981e-11	1.2301e-11	2.1581e-11	6.6271e-12	6.1902e-11	3.2219e-12	3.6191e-12	2.1921e-12
2475.18	0.13905	0.012445	5.6736e-05	3.5063e-05	9.8856e-05	0.00034008	9.1703e-05	0.00032801	7.1968e-06	5.2499e-05	1.0476e-05	6.9345e-05	1.1972e-05	5.1526e-05	2.2459e-06	1.0388e-05	2.369e-06	5.1369e-06	3.6839e-06	9.1769e-06	1.6586e-06	5.3514e-06	2.6492e-06	5.5652e-06	3.6919e-06	4.0448e-05	2.7119e-07	2.0095e-06	2.7745e-08	3.5848e-08	2.6802e-09	5.7914e-09	3.6826e-10	2.1696e-09	4.0214e-10	1.128e-09	3.664e-10	1.2067e-09	2.6935e-10	6.631e-10	1.1989e-10	3.359e-10	3.9363e-11	1.2882e-10	6.6384e-11	1.9164e-10	6.2312e-11	1.6751e-10	3.686e-11	1.9824e-10	4.1886e-11	2.4426e-10	4.6591e-11	1.153e-10	2.7667e-11	2.8706e-10	2.5647e-11	7.6604e-11	1.8195e-11	6.7912e-11	8.0198e-12	7.6759e-11	1.3182e-11	6.0024e-11	1.4983e-11	6.0064e-11	2.2737e-11	3.7745e-11	7.709e-12	3.8228e-11	5.5785e-12	3.4845e-11	3.1402e-12	3.4877e-11	1.2053e-11	5.187e-11	3.4101e-11	6.4816e-11	1.2079e-11	2.1193e-11	6.5129e-12	6.0835e-11	3.1657e-12	3.5529e-12	2.1527e-12
2509.58	0.13663	0.012177	5.5623e-05	3.4315e-05	9.6656e-05	0.00033276	8.9628e-05	0.00032117	7.0413e-06	5.1379e-05	1.0239e-05	6.7911e-05	1.1714e-05	5.0475e-05	2.1968e-06	1.0174e-05	2.3152e-06	5.0259e-06	3.6001e-06	8.9807e-06	1.6242e-06	5.2304e-06	2.5892e-06	5.4467e-06	3.6204e-06	3.9711e-05	2.6586e-07	1.9716e-06	2.7242e-08	3.5155e-08	2.6288e-09	5.6802e-09	3.6116e-10	2.1295e-09	3.9439e-10	1.1072e-09	3.5957e-10	1.1841e-09	2.6415e-10	6.5031e-10	1.1761e-10	3.2941e-10	3.8604e-11	1.2634e-10	6.5096e-11	1.8807e-10	6.1095e-11	1.6458e-10	3.6219e-11	1.9475e-10	4.1133e-11	2.3959e-10	4.5774e-11	1.1309e-10	2.7171e-11	2.8155e-10	2.5149e-11	7.5234e-11	1.787e-11	6.6731e-11	7.8765e-12	7.5329e-11	1.2948e-11	5.8878e-11	1.4685e-11	5.8945e-11	2.2313e-11	3.7031e-11	7.5578e-12	3.755e-11	5.4761e-12	3.4217e-11	3.0836e-12	3.4258e-11	1.1836e-11	5.0968e-11	3.3509e-11	6.369e-11	1.1868e-11	2.0831e-11	6.3964e-12	5.973e-11	3.1091e-12	3.4888e-12	2.1129e-12
2544.45	0.1342	0.011916	5.4585e-05	3.3573e-05	9.4538e-05	0.00032567	8.7603e-05	0.00031444	6.8917e-06	5.0278e-05	1.0023e-05	6.6466e-05	1.1472e-05	4.9464e-05	2.1465e-06	9.9661e-06	2.2662e-06	4.9172e-06	3.5181e-06	8.7913e-06	1.5891e-06	5.1163e-06	2.5307e-06	5.3335e-06	3.5456e-06	3.8955e-05	2.605e-07	1.9372e-06	2.6706e-08	3.4499e-08	2.5778e-09	5.5679e-09	3.5407e-10	2.0923e-09	3.87e-10	1.0879e-09	3.5315e-10	1.1625e-09	2.5918e-10	6.3809e-10	1.153e-10	3.2323e-10	3.7876e-11	1.2399e-10	6.3876e-11	1.8475e-10	5.9972e-11	1.6159e-10	3.5565e-11	1.9129e-10	4.0397e-11	2.3523e-10	4.4942e-11	1.1093e-10	2.663e-11	2.7645e-10	2.4682e-11	7.3737e-11	1.755e-11	6.5448e-11	7.7387e-12	7.3873e-11	1.2693e-11	5.7824e-11	1.4422e-11	5.7905e-11	2.1919e-11	3.6376e-11	7.4228e-12	3.6895e-11	5.3797e-12	3.3625e-11	3.0303e-12	3.3661e-11	1.1632e-11	5.0026e-11	3.2907e-11	6.2519e-11	1.1655e-11	2.0443e-11	6.278e-12	5.863e-11	3.0516e-12	3.4237e-12	2.0762e-12
2579.81	0.13176	0.011657	5.3538e-05	3.2858e-05	9.2323e-05	0.00031858	8.5598e-05	0.00030779	6.7392e-06	4.9227e-05	9.8189e-06	6.5131e-05	1.1245e-05	4.8439e-05	2.1012e-06	9.7566e-06	2.2184e-06	4.8111e-06	3.4417e-06	8.6004e-06	1.5555e-06	4.9989e-06	2.4744e-06	5.2146e-06	3.4721e-06	3.824e-05	2.5514e-07	1.9019e-06	2.6184e-08	3.3825e-08	2.5281e-09	5.4652e-09	3.4752e-10	2.0551e-09	3.7997e-10	1.0681e-09	3.469e-10	1.1421e-09	2.5439e-10	6.2635e-10	1.1315e-10	3.1741e-10	3.7174e-11	1.2181e-10	6.2738e-11	1.814e-10	5.8917e-11	1.5875e-10	3.4934e-11	1.8765e-10	3.9595e-11	2.3117e-10	4.4045e-11	1.0894e-10	2.6145e-11	2.7164e-10	2.4245e-11	7.2392e-11	1.72e-11	6.4185e-11	7.5891e-12	7.2527e-11	1.2458e-11	5.6814e-11	1.4169e-11	5.6863e-11	2.1525e-11	3.5728e-11	7.2921e-12	3.6218e-11	5.2824e-12	3.2997e-11	2.9737e-12	3.3023e-11	1.1413e-11	4.911e-11	3.2293e-11	6.1368e-11	1.144e-11	2.0067e-11	6.1633e-12	5.7551e-11	2.9955e-12	3.3629e-12	2.0394e-12
2615.67	0.12935	0.011416	5.2526e-05	3.2166e-05	9.015e-05	0.00031203	8.373e-05	0.00030158	6.5836e-06	4.8176e-05	9.6063e-06	6.3779e-05	1.1014e-05	4.7472e-05	2.0575e-06	9.5621e-06	2.1707e-06	4.7042e-06	3.3677e-06	8.4233e-06	1.5202e-06	4.8842e-06	2.4177e-06	5.0987e-06	3.3999e-06	3.7485e-05	2.4993e-07	1.8659e-06	2.5682e-08	3.3167e-08	2.4802e-09	5.3685e-09	3.4138e-10	2.018e-09	3.7324e-10	1.0491e-09	3.4053e-10	1.1211e-09	2.4991e-10	6.153e-10	1.1114e-10	3.1177e-10	3.652e-11	1.1963e-10	6.1604e-11	1.7816e-10	5.7857e-11	1.5583e-10	3.4291e-11	1.84e-10	3.8862e-11	2.2681e-10	4.325e-11	1.0701e-10	2.5684e-11	2.6654e-10	2.3804e-11	7.1114e-11	1.6883e-11	6.3023e-11	7.4418e-12	7.1256e-11	1.2237e-11	5.5733e-11	1.3908e-11	5.579e-11	2.1118e-11	3.5045e-11	7.156e-12	3.5543e-11	5.1839e-12	3.2389e-11	2.9189e-12	3.2411e-11	1.12e-11	4.8191e-11	3.17e-11	6.0226e-11	1.1228e-11	1.9691e-11	6.0476e-12	5.6502e-11	2.9391e-12	3.3073e-12	2.0039e-12
2652.02	0.12706	0.01117	5.1507e-05	3.1522e-05	8.8058e-05	0.00030534	8.1823e-05	0.00029519	6.4325e-06	4.7222e-05	9.3952e-06	6.2554e-05	1.078e-05	4.6527e-05	2.0131e-06	9.3666e-06	2.1208e-06	4.6054e-06	3.2936e-06	8.2451e-06	1.4857e-06	4.7713e-06	2.3641e-06	4.987e-06	3.3281e-06	3.6746e-05	2.4476e-07	1.8315e-06	2.517e-08	3.2514e-08	2.4363e-09	5.2708e-09	3.3521e-10	1.9794e-09	3.6634e-10	1.0286e-09	3.3434e-10	1.1009e-09	2.4529e-10	6.0392e-10	1.0908e-10	3.0601e-10	3.5845e-11	1.1746e-10	6.0483e-11	1.7489e-10	5.6806e-11	1.5268e-10	3.3601e-11	1.806e-10	3.8169e-11	2.2258e-10	4.248e-11	1.0496e-10	2.5213e-11	2.6159e-10	2.3357e-11	6.9814e-11	1.6583e-11	6.191e-11	7.3056e-12	6.9912e-11	1.2013e-11	5.4691e-11	1.3647e-11	5.4756e-11	2.0727e-11	3.4399e-11	7.0233e-12	3.4882e-11	5.0875e-12	3.1777e-11	2.8637e-12	3.181e-11	1.0992e-11	4.7333e-11	3.1103e-11	5.9138e-11	1.1015e-11	1.9346e-11	5.9387e-12	5.5475e-11	2.8874e-12	3.248e-12	1.9699e-12
2688.87	0.12483	0.010946	5.0405e-05	3.0863e-05	8.5985e-05	0.00029926	8.0084e-05	0.00028945	6.2804e-06	4.629e-05	9.1828e-06	6.1359e-05	1.0558e-05	4.5669e-05	1.9675e-06	9.1896e-06	2.0738e-06	4.5124e-06	3.2181e-06	8.0835e-06	1.4524e-06	4.6614e-06	2.3139e-06	4.8747e-06	3.2614e-06	3.6023e-05	2.398e-07	1.795e-06	2.4689e-08	3.1885e-08	2.3919e-09	5.1749e-09	3.2909e-10	1.9404e-09	3.5966e-10	1.0085e-09	3.276e-10	1.0791e-09	2.4086e-10	5.9297e-10	1.0713e-10	3.0042e-10	3.5199e-11	1.152e-10	5.9373e-11	1.7133e-10	5.5732e-11	1.4989e-10	3.2988e-11	1.7742e-10	3.7468e-11	2.1838e-10	4.1681e-11	1.03e-10	2.4736e-11	2.5662e-10	2.2921e-11	6.8492e-11	1.6278e-11	6.0718e-11	7.1763e-12	6.8608e-11	1.1788e-11	5.3673e-11	1.3392e-11	5.3721e-11	2.0336e-11	3.3754e-11	6.8906e-12	3.4239e-11	4.9904e-12	3.1215e-11	2.8131e-12	3.1249e-11	1.0799e-11	4.6474e-11	3.0539e-11	5.8062e-11	1.0817e-11	1.9003e-11	5.8389e-12	5.4522e-11	2.8386e-12	3.1933e-12	1.9349e-12
2726.24	0.12247	0.010734	4.9419e-05	3.0233e-05	8.4006e-05	0.00029346	7.844e-05	0.00028398	6.1329e-06	4.536e-05	8.9714e-06	6.0117e-05	1.0324e-05	4.4795e-05	1.9234e-06	9.0146e-06	2.0256e-06	4.4186e-06	3.1468e-06	7.9244e-06	1.4193e-06	4.5557e-06	2.2635e-06	4.7683e-06	3.1988e-06	3.5292e-05	2.3504e-07	1.7594e-06	2.4241e-08	3.1274e-08	2.3486e-09	5.0772e-09	3.2281e-10	1.9042e-09	3.5244e-10	9.9013e-10	3.2144e-10	1.0583e-09	2.3609e-10	5.8119e-10	1.0513e-10	2.9434e-10	3.4503e-11	1.1292e-10	5.8162e-11	1.6816e-10	5.462e-11	1.472e-10	3.2393e-11	1.7402e-10	3.676e-11	2.1451e-10	4.0898e-11	1.0107e-10	2.4273e-11	2.5207e-10	2.2481e-11	6.7211e-11	1.5969e-11	5.9573e-11	7.0379e-12	6.7297e-11	1.1566e-11	5.2722e-11	1.3144e-11	5.2767e-11	1.9975e-11	3.3157e-11	6.7665e-12	3.361e-11	4.9013e-12	3.0656e-11	2.7626e-12	3.0701e-11	1.0608e-11	4.5657e-11	3.0022e-11	5.7049e-11	1.0636e-11	1.8659e-11	5.7341e-12	5.3576e-11	2.7861e-12	3.1346e-12	1.8993e-12
2764.13	0.12005	0.010511	4.8475e-05	2.9561e-05	8.2129e-05	0.00028738	7.672e-05	0.00027829	5.9869e-06	4.4383e-05	8.7669e-06	5.8923e-05	1.0097e-05	4.3905e-05	1.8789e-06	8.8338e-06	1.9788e-06	4.3272e-06	3.0728e-06	7.7602e-06	1.3877e-06	4.4578e-06	2.2151e-06	4.6689e-06	3.1364e-06	3.4622e-05	2.3056e-07	1.725e-06	2.3787e-08	3.0712e-08	2.3022e-09	4.9747e-09	3.1635e-10	1.8702e-09	3.4571e-10	9.7213e-10	3.1561e-10	1.039e-09	2.3148e-10	5.6994e-10	1.0297e-10	2.8877e-10	3.3827e-11	1.108e-10	5.7071e-11	1.6512e-10	5.36e-11	1.4441e-10	3.1776e-11	1.7072e-10	3.6068e-11	2.1068e-10	4.0119e-11	9.9268e-11	2.3813e-11	2.4753e-10	2.2079e-11	6.593e-11	1.5669e-11	5.8451e-11	6.9039e-12	6.6095e-11	1.1343e-11	5.179e-11	1.2901e-11	5.1859e-11	1.963e-11	3.2578e-11	6.6425e-12	3.3026e-11	4.818e-12	3.0103e-11	2.7129e-12	3.0129e-11	1.0411e-11	4.4866e-11	2.9484e-11	5.6058e-11	1.044e-11	1.8341e-11	5.636e-12	5.2646e-11	2.7398e-12	3.078e-12	1.8646e-12
2802.54	0.11778	0.010294	4.751e-05	2.8905e-05	8.0319e-05	0.0002815	7.5036e-05	0.0002726	5.847e-06	4.3462e-05	8.5646e-06	5.7664e-05	9.8766e-06	4.3054e-05	1.8357e-06	8.6602e-06	1.9325e-06	4.2344e-06	3.0004e-06	7.6024e-06	1.3581e-06	4.3597e-06	2.1664e-06	4.5691e-06	3.0744e-06	3.3993e-05	2.2596e-07	1.6903e-06	2.3353e-08	3.0134e-08	2.2564e-09	4.8818e-09	3.104e-10	1.8341e-09	3.3939e-10	9.5305e-10	3.0972e-10	1.0197e-09	2.2724e-10	5.5949e-10	1.0106e-10	2.835e-10	3.3207e-11	1.0882e-10	5.6035e-11	1.6201e-10	5.2631e-11	1.4166e-10	3.1174e-11	1.6745e-10	3.537e-11	2.068e-10	3.9385e-11	9.7513e-11	2.3372e-11	2.4303e-10	2.1701e-11	6.4712e-11	1.5367e-11	5.7404e-11	6.7734e-12	6.4899e-11	1.1137e-11	5.0821e-11	1.2676e-11	5.0886e-11	1.9261e-11	3.1965e-11	6.5243e-12	3.2447e-11	4.7284e-12	2.9585e-11	2.6662e-12	2.9621e-11	1.0235e-11	4.4061e-11	2.8975e-11	5.5068e-11	1.0262e-11	1.8005e-11	5.5309e-12	5.1653e-11	2.6877e-12	3.0236e-12	1.8346e-12
2841.49	0.1155	0.010069	4.6543e-05	2.83e-05	7.8489e-05	0.00027535	7.3312e-05	0.00026687	5.7124e-06	4.2518e-05	8.3713e-06	5.643e-05	9.6543e-06	4.2154e-05	1.7929e-06	8.4768e-06	1.8879e-06	4.1378e-06	2.9293e-06	7.4363e-06	1.3288e-06	4.2643e-06	2.1145e-06	4.4731e-06	3.0105e-06	3.3359e-05	2.2153e-07	1.6575e-06	2.2911e-08	2.9581e-08	2.2138e-09	4.7928e-09	3.0477e-10	1.7989e-09	3.3302e-10	9.3498e-10	3.0377e-10	9.9995e-10	2.23e-10	5.4901e-10	9.9215e-11	2.7818e-10	3.2588e-11	1.067e-10	5.4982e-11	1.5889e-10	5.1612e-11	1.3894e-10	3.0572e-11	1.6444e-10	3.4718e-11	2.0325e-10	3.8655e-11	9.5675e-11	2.2967e-11	2.3883e-10	2.1294e-11	6.3594e-11	1.5083e-11	5.6381e-11	6.6513e-12	6.3712e-11	1.0947e-11	4.9959e-11	1.2453e-11	5.0034e-11	1.894e-11	3.1429e-11	6.4101e-12	3.1877e-11	4.6481e-12	2.9039e-11	2.6169e-12	2.9074e-11	1.0047e-11	4.3235e-11	2.843e-11	5.4027e-11	1.007e-11	1.767e-11	5.4299e-12	5.0709e-11	2.6394e-12	2.9774e-12	1.8061e-12
2880.98	0.11332	0.0098474	4.5601e-05	2.7703e-05	7.6715e-05	0.00026929	7.1607e-05	0.00026115	5.586e-06	4.1599e-05	8.1869e-06	5.5244e-05	9.4467e-06	4.1277e-05	1.7519e-06	8.2974e-06	1.8447e-06	4.0497e-06	2.8595e-06	7.2739e-06	1.2999e-06	4.1638e-06	2.068e-06	4.3765e-06	2.946e-06	3.2735e-05	2.1679e-07	1.627e-06	2.2433e-08	2.8986e-08	2.1736e-09	4.6997e-09	2.9883e-10	1.7641e-09	3.2662e-10	9.1699e-10	2.9798e-10	9.8082e-10	2.1864e-10	5.3835e-10	9.7299e-11	2.7281e-10	3.1949e-11	1.0464e-10	5.3913e-11	1.5584e-10	5.0624e-11	1.3636e-10	3.0011e-11	1.6145e-10	3.4119e-11	1.995e-10	3.7961e-11	9.4051e-11	2.2554e-11	2.344e-10	2.0932e-11	6.2444e-11	1.4821e-11	5.5314e-11	6.532e-12	6.2606e-11	1.0742e-11	4.9032e-11	1.2233e-11	4.9072e-11	1.8574e-11	3.0831e-11	6.2935e-12	3.1269e-11	4.5598e-12	2.8498e-11	2.5682e-12	2.853e-11	9.8574e-12	4.2432e-11	2.7908e-11	5.3029e-11	9.8857e-12	1.7342e-11	5.3342e-12	4.9846e-11	2.592e-12	2.9259e-12	1.7742e-12
2921.02	0.11123	0.0096336	4.4684e-05	2.7085e-05	7.4826e-05	0.00026347	6.9961e-05	0.00025561	5.4574e-06	4.0688e-05	8.0111e-06	5.4058e-05	9.2524e-06	4.0434e-05	1.7125e-06	8.1249e-06	1.8046e-06	3.9652e-06	2.7936e-06	7.1176e-06	1.2714e-06	4.065e-06	2.0232e-06	4.2732e-06	2.886e-06	3.2097e-05	2.1229e-07	1.5961e-06	2.201e-08	2.8404e-08	2.1306e-09	4.6094e-09	2.9307e-10	1.732e-09	3.2032e-10	9.0032e-10	2.9213e-10	9.6156e-10	2.1444e-10	5.28e-10	9.5424e-11	2.6758e-10	3.1336e-11	1.0261e-10	5.2877e-11	1.5287e-10	4.9631e-11	1.3381e-10	2.9453e-11	1.5842e-10	3.3488e-11	1.9573e-10	3.7289e-11	9.2275e-11	2.2156e-11	2.3e-10	2.0531e-11	6.1345e-11	1.455e-11	5.4368e-11	6.4079e-12	6.144e-11	1.0556e-11	4.8109e-11	1.1998e-11	4.8182e-11	1.8238e-11	3.0265e-11	6.1746e-12	3.0691e-11	4.4764e-12	2.7965e-11	2.5201e-12	2.801e-11	9.6761e-12	4.1737e-11	2.7418e-11	5.2143e-11	9.7074e-12	1.707e-11	5.2523e-12	4.908e-11	2.551e-12	2.8774e-12	1.7449e-12
2961.61	0.10904	0.0094216	4.3792e-05	2.6496e-05	7.3088e-05	0.00025769	6.8335e-05	0.00025012	5.3335e-06	3.9813e-05	7.8327e-06	5.2931e-05	9.0562e-06	3.9579e-05	1.6754e-06	7.9518e-06	1.7638e-06	3.8775e-06	2.7318e-06	6.9613e-06	1.241e-06	3.9732e-06	1.9775e-06	4.181e-06	2.8296e-06	3.1438e-05	2.0809e-07	1.5665e-06	2.1602e-08	2.7873e-08	2.0891e-09	4.5185e-09	2.8731e-10	1.7003e-09	3.14e-10	8.8421e-10	2.8665e-10	9.4386e-10	2.1022e-10	5.1758e-10	9.3555e-11	2.623e-10	3.0722e-11	1.0073e-10	5.1853e-11	1.4998e-10	4.8722e-11	1.3139e-10	2.8915e-11	1.5566e-10	3.2899e-11	1.9208e-10	3.6604e-11	9.0553e-11	2.1731e-11	2.2569e-10	2.0154e-11	6.017e-11	1.4293e-11	5.334e-11	6.2975e-12	6.028e-11	1.0355e-11	4.7228e-11	1.1775e-11	4.7308e-11	1.7907e-11	2.9717e-11	6.0584e-12	3.0167e-11	4.3952e-12	2.7522e-11	2.4801e-12	2.7568e-11	9.5252e-12	4.1076e-11	2.6997e-11	5.1326e-11	9.5562e-12	1.6795e-11	5.159e-12	4.8197e-11	2.5075e-12	2.8294e-12	1.7157e-12
3002.77	0.10694	0.0092194	4.2957e-05	2.5909e-05	7.1439e-05	0.00025217	6.6782e-05	0.00024489	5.2029e-06	3.8969e-05	7.6602e-06	5.1877e-05	8.8675e-06	3.8775e-05	1.6377e-06	7.7874e-06	1.7246e-06	3.7926e-06	2.6704e-06	6.8127e-06	1.2134e-06	3.8855e-06	1.9324e-06	4.0921e-06	2.7701e-06	3.0831e-05	2.0387e-07	1.5364e-06	2.118e-08	2.7343e-08	2.0485e-09	4.4351e-09	2.8202e-10	1.6679e-09	3.0811e-10	8.6716e-10	2.816e-10	9.2727e-10	2.0634e-10	5.0798e-10	9.1807e-11	2.5736e-10	3.0154e-11	9.8884e-11	5.0866e-11	1.4729e-10	4.782e-11	1.2904e-10	2.8399e-11	1.5275e-10	3.227e-11	1.8907e-10	3.5906e-11	8.8896e-11	2.1325e-11	2.2211e-10	1.9787e-11	5.9047e-11	1.4019e-11	5.2337e-11	6.1782e-12	5.9145e-11	1.0163e-11	4.6479e-11	1.1573e-11	4.655e-11	1.762e-11	2.9238e-11	5.959e-12	2.9695e-11	4.3255e-12	2.7076e-11	2.44e-12	2.7109e-11	9.3676e-12	4.0341e-11	2.6511e-11	5.0402e-11	9.3889e-12	1.6496e-11	5.0729e-12	4.7393e-11	2.4651e-12	2.7842e-12	1.6899e-12
3044.5	0.10491	0.0090288	4.2135e-05	2.5362e-05	6.9786e-05	0.00024699	6.5313e-05	0.00023992	5.0789e-06	3.8186e-05	7.4764e-06	5.0828e-05	8.676e-06	3.8027e-05	1.6013e-06	7.6341e-06	1.6832e-06	3.7075e-06	2.6101e-06	6.674e-06	1.1871e-06	3.7934e-06	1.8881e-06	4.001e-06	2.7121e-06	3.0257e-05	1.9963e-07	1.504e-06	2.0765e-08	2.6796e-08	2.0107e-09	4.3523e-09	2.7679e-10	1.6386e-09	3.0268e-10	8.5226e-10	2.7637e-10	9.0952e-10	2.0268e-10	4.9903e-10	9.0073e-11	2.528e-10	2.9618e-11	9.6987e-11	4.9954e-11	1.4463e-10	4.6916e-11	1.2664e-10	2.7864e-11	1.4981e-10	3.1665e-11	1.8594e-10	3.5223e-11	8.7464e-11	2.0953e-11	2.1848e-10	1.9471e-11	5.8009e-11	1.3756e-11	5.1373e-11	6.0611e-12	5.8202e-11	9.9776e-12	4.57e-11	1.1391e-11	4.5749e-11	1.7317e-11	2.8742e-11	5.8632e-12	2.9157e-11	4.2503e-12	2.6592e-11	2.3964e-12	2.663e-11	9.2007e-12	3.9663e-11	2.6066e-11	4.9556e-11	9.2306e-12	1.622e-11	4.9867e-12	4.6586e-11	2.4238e-12	2.742e-12	1.6648e-12
3086.81	0.10292	0.0088431	4.1317e-05	2.4842e-05	6.8124e-05	0.0002419	6.389e-05	0.00023515	4.9625e-06	3.7383e-05	7.306e-06	4.9803e-05	8.4754e-06	3.7266e-05	1.5628e-06	7.48e-06	1.6431e-06	3.629e-06	2.5473e-06	6.535e-06	1.1604e-06	3.7052e-06	1.8461e-06	3.9116e-06	2.6553e-06	2.9653e-05	1.9548e-07	1.4753e-06	2.0352e-08	2.6272e-08	1.9738e-09	4.27e-09	2.715e-10	1.6077e-09	2.9696e-10	8.3547e-10	2.7141e-10	8.9353e-10	1.9877e-10	4.8944e-10	8.8403e-11	2.4808e-10	2.9046e-11	9.5278e-11	4.9045e-11	1.4198e-10	4.6082e-11	1.242e-10	2.7332e-11	1.4699e-10	3.1096e-11	1.826e-10	3.464e-11	8.598e-11	2.0624e-11	2.1455e-10	1.9131e-11	5.7102e-11	1.3511e-11	5.0543e-11	5.9489e-12	5.7245e-11	9.8203e-12	4.489e-11	1.1184e-11	4.4966e-11	1.7021e-11	2.8243e-11	5.7575e-12	2.8665e-11	4.178e-12	2.6145e-11	2.356e-12	2.6189e-11	9.0486e-12	3.8989e-11	2.5619e-11	4.8712e-11	9.0742e-12	1.5944e-11	4.908e-12	4.5876e-11	2.3836e-12	2.7059e-12	1.6424e-12
3129.71	0.10086	0.0086571	4.0464e-05	2.4294e-05	6.6514e-05	0.00023685	6.2461e-05	0.00023031	4.8465e-06	3.6611e-05	7.145e-06	4.8781e-05	8.2934e-06	3.6544e-05	1.5264e-06	7.3317e-06	1.606e-06	3.5516e-06	2.4854e-06	6.4009e-06	1.1337e-06	3.6188e-06	1.8047e-06	3.8232e-06	2.6025e-06	2.9064e-05	1.9132e-07	1.4475e-06	1.9966e-08	2.5747e-08	1.9353e-09	4.1936e-09	2.6667e-10	1.5764e-09	2.9163e-10	8.1995e-10	2.6612e-10	8.7614e-10	1.9527e-10	4.8077e-10	8.6804e-11	2.4361e-10	2.8536e-11	9.3471e-11	4.8152e-11	1.392e-10	4.5205e-11	1.2181e-10	2.6806e-11	1.4465e-10	3.0608e-11	1.7956e-10	3.4076e-11	8.4468e-11	2.0245e-11	2.1094e-10	1.8804e-11	5.6053e-11	1.33e-11	4.9681e-11	5.8523e-12	5.621e-11	9.6439e-12	4.4142e-11	1.0994e-11	4.4205e-11	1.6732e-11	2.7767e-11	5.6594e-12	2.8173e-11	4.1072e-12	2.5697e-11	2.3157e-12	2.5746e-11	8.8946e-12	3.8394e-11	2.5219e-11	4.7968e-11	8.9269e-12	1.5701e-11	4.8335e-12	4.5178e-11	2.347e-12	2.6698e-12	1.6232e-12
3173.21	0.098837	0.0084752	3.9643e-05	2.3803e-05	6.4929e-05	0.00023187	6.1068e-05	0.00022561	4.731e-06	3.579e-05	6.9837e-06	4.7681e-05	8.1188e-06	3.5806e-05	1.4923e-06	7.1819e-06	1.5691e-06	3.4742e-06	2.4277e-06	6.2659e-06	1.1078e-06	3.5379e-06	1.7652e-06	3.7401e-06	2.5507e-06	2.8483e-05	1.8744e-07	1.4187e-06	1.9584e-08	2.5261e-08	1.9013e-09	4.1133e-09	2.6158e-10	1.5467e-09	2.8594e-10	8.047e-10	2.6105e-10	8.5958e-10	1.9144e-10	4.714e-10	8.514e-11	2.3883e-10	2.7975e-11	9.1649e-11	4.72e-11	1.3654e-10	4.4325e-11	1.1979e-10	2.6366e-11	1.422e-10	3.0045e-11	1.7647e-10	3.3456e-11	8.3043e-11	1.99e-11	2.0731e-10	1.8483e-11	5.5098e-11	1.3054e-11	4.8802e-11	5.7521e-12	5.526e-11	9.4791e-12	4.3392e-11	1.0804e-11	4.3464e-11	1.6451e-11	2.7298e-11	5.5625e-12	2.774e-11	4.0394e-12	2.5303e-11	2.2802e-12	2.5346e-11	8.7571e-12	3.7819e-11	2.4835e-11	4.7239e-11	8.7898e-12	1.5478e-11	4.7676e-12	4.455e-11	2.3158e-12	2.6392e-12	1.6022e-12
3217.31	0.096837	0.0082793	3.892e-05	2.3269e-05	6.3408e-05	0.00022652	5.9577e-05	0.00022054	4.6179e-06	3.5007e-05	6.8217e-06	4.67e-05	7.9379e-06	3.5023e-05	1.4581e-06	7.0212e-06	1.5319e-06	3.4025e-06	2.3727e-06	6.1215e-06	1.0829e-06	3.4597e-06	1.7271e-06	3.6581e-06	2.4976e-06	2.7945e-05	1.8385e-07	1.3907e-06	1.9215e-08	2.4804e-08	1.8638e-09	4.033e-09	2.5644e-10	1.5217e-09	2.8047e-10	7.9143e-10	2.5637e-10	8.4357e-10	1.8781e-10	4.6242e-10	8.3492e-11	2.3426e-10	2.7445e-11	8.992e-11	4.6293e-11	1.3419e-10	4.3476e-11	1.1781e-10	2.5929e-11	1.3962e-10	2.9531e-11	1.7373e-10	3.288e-11	8.1631e-11	1.9555e-11	2.0411e-10	1.8177e-11	5.4139e-11	1.283e-11	4.7975e-11	5.6497e-12	5.4306e-11	9.3149e-12	4.2715e-11	1.0638e-11	4.2789e-11	1.6196e-11	2.6873e-11	5.4766e-12	2.7314e-11	3.9767e-12	2.494e-11	2.2474e-12	2.4997e-11	8.6349e-12	3.7302e-11	2.449e-11	4.6591e-11	8.6715e-12	1.5256e-11	4.7065e-12	4.4019e-11	2.2829e-12	2.6044e-12	1.582e-12
3262.02	0.094735	0.0081025	3.8237e-05	2.2765e-05	6.1987e-05	0.00022171	5.8223e-05	0.00021592	4.5055e-06	3.4277e-05	6.6645e-06	4.5758e-05	7.7624e-06	3.432e-05	1.4241e-06	6.8785e-06	1.4958e-06	3.328e-06	2.315e-06	5.993e-06	1.0586e-06	3.3786e-06	1.6883e-06	3.5791e-06	2.4499e-06	2.7417e-05	1.8009e-07	1.3626e-06	1.8863e-08	2.4318e-08	1.8283e-09	3.9553e-09	2.5156e-10	1.4955e-09	2.7536e-10	7.7746e-10	2.5226e-10	8.2997e-10	1.8429e-10	4.538e-10	8.1865e-11	2.3006e-10	2.693e-11	8.8448e-11	4.5486e-11	1.3199e-10	4.2772e-11	1.1565e-10	2.5454e-11	1.3726e-10	2.9013e-11	1.7128e-10	3.2312e-11	8.0351e-11	1.9251e-11	2.0119e-10	1.7894e-11	5.3296e-11	1.2606e-11	4.7155e-11	5.5535e-12	5.3461e-11	9.1643e-12	4.2125e-11	1.0474e-11	4.2213e-11	1.5978e-11	2.6509e-11	5.3952e-12	2.6935e-11	3.9232e-12	2.4581e-11	2.2151e-12	2.4631e-11	8.5089e-12	3.6854e-11	2.4183e-11	4.6034e-11	8.5551e-12	1.5079e-11	4.6491e-12	4.3454e-11	2.2576e-12	2.5697e-12	1.563e-12
3307.35	0.092792	0.0079341	3.7487e-05	2.2275e-05	6.0585e-05	0.00021712	5.6936e-05	0.00021155	4.3999e-06	3.3547e-05	6.5092e-06	4.4786e-05	7.5878e-06	3.3642e-05	1.3909e-06	6.7405e-06	1.4599e-06	3.2533e-06	2.2599e-06	5.8688e-06	1.0354e-06	3.3065e-06	1.6496e-06	3.5035e-06	2.3989e-06	2.6875e-05	1.7657e-07	1.3365e-06	1.8495e-08	2.3879e-08	1.7939e-09	3.8908e-09	2.4744e-10	1.4683e-09	2.7096e-10	7.6383e-10	2.4754e-10	8.148e-10	1.813e-10	4.4648e-10	8.0508e-11	2.2634e-10	2.6491e-11	8.6916e-11	4.4739e-11	1.2954e-10	4.2038e-11	1.1364e-10	2.5014e-11	1.3489e-10	2.8554e-11	1.6877e-10	3.1808e-11	7.925e-11	1.8952e-11	1.9826e-10	1.7651e-11	5.2468e-11	1.2408e-11	4.6412e-11	5.4581e-12	5.2694e-11	9.0223e-12	4.1504e-11	1.0328e-11	4.1611e-11	1.5748e-11	2.6123e-11	5.3195e-12	2.6612e-11	3.8693e-12	2.4295e-11	2.1893e-12	2.4356e-11	8.4124e-12	3.6371e-11	2.388e-11	4.543e-11	8.4534e-12	1.4882e-11	4.5883e-12	4.2895e-11	2.2278e-12	2.5381e-12	1.541e-12
3353.32	0.090902	0.007762	3.6791e-05	2.1848e-05	5.9201e-05	0.0002124	5.5626e-05	0.00020711	4.3015e-06	3.2818e-05	6.3607e-06	4.3835e-05	7.4267e-06	3.2939e-05	1.3577e-06	6.5977e-06	1.4263e-06	3.1819e-06	2.2057e-06	5.7407e-06	1.013e-06	3.2275e-06	1.6117e-06	3.4255e-06	2.3492e-06	2.639e-05	1.7284e-07	1.3108e-06	1.8132e-08	2.3404e-08	1.7637e-09	3.8237e-09	2.4315e-10	1.4432e-09	2.6586e-10	7.5056e-10	2.4324e-10	8.0059e-10	1.7798e-10	4.3822e-10	7.9147e-11	2.2209e-10	2.6009e-11	8.5336e-11	4.3905e-11	1.2728e-10	4.1262e-11	1.1166e-10	2.4576e-11	1.3275e-10	2.8109e-11	1.6683e-10	3.1334e-11	7.8087e-11	1.8685e-11	1.9595e-10	1.7409e-11	5.1724e-11	1.2214e-11	4.5772e-11	5.3716e-12	5.1921e-11	8.8962e-12	4.1039e-11	1.0204e-11	4.1143e-11	1.5572e-11	2.583e-11	5.2556e-12	2.6261e-11	3.8239e-12	2.3975e-11	2.1604e-12	2.4038e-11	8.3017e-12	3.59e-11	2.3569e-11	4.4845e-11	8.341e-12	1.4686e-11	4.5281e-12	4.2356e-11	2.1972e-12	2.5015e-12	1.5184e-12
3399.92	0.089061	0.0075914	3.6104e-05	2.139e-05	5.777e-05	0.00020776	5.4327e-05	0.00020265	4.2011e-06	3.2102e-05	6.2221e-06	4.2889e-05	7.2685e-06	3.2256e-05	1.3264e-06	6.4592e-06	1.3949e-06	3.1208e-06	2.1549e-06	5.6163e-06	9.9017e-07	3.1539e-06	1.5793e-06	3.3487e-06	2.3016e-06	2.5869e-05	1.6925e-07	1.2854e-06	1.7775e-08	2.2951e-08	1.7323e-09	3.7529e-09	2.3868e-10	1.4181e-09	2.6121e-10	7.3774e-10	2.3894e-10	7.8642e-10	1.7486e-10	4.3055e-10	7.7674e-11	2.1821e-10	2.5552e-11	8.3865e-11	4.3136e-11	1.2505e-10	4.0556e-11	1.099e-10	2.4188e-11	1.3087e-10	2.7707e-11	1.6461e-10	3.0885e-11	7.7206e-11	1.8458e-11	1.9336e-10	1.7202e-11	5.1097e-11	1.204e-11	4.5097e-11	5.2972e-12	5.1314e-11	8.7804e-12	4.0503e-11	1.0068e-11	4.0588e-11	1.5363e-11	2.5491e-11	5.1858e-12	2.592e-11	3.7724e-12	2.3657e-11	2.1318e-12	2.3705e-11	8.1879e-12	3.5461e-11	2.3263e-11	4.4299e-11	8.2291e-12	1.4507e-11	4.4688e-12	4.1771e-11	2.1702e-12	2.463e-12	1.4964e-12
3447.17	0.087234	0.0074238	3.5491e-05	2.0954e-05	5.6394e-05	0.00020317	5.3055e-05	0.00019831	4.1056e-06	3.1389e-05	6.0853e-06	4.2007e-05	7.1078e-06	3.1574e-05	1.2973e-06	6.32e-06	1.3623e-06	3.0577e-06	2.1063e-06	5.4917e-06	9.6744e-07	3.082e-06	1.5471e-06	3.2734e-06	2.2598e-06	2.5359e-05	1.6593e-07	1.2617e-06	1.7478e-08	2.2516e-08	1.7014e-09	3.6883e-09	2.3456e-10	1.3953e-09	2.5656e-10	7.2596e-10	2.3515e-10	7.7353e-10	1.7175e-10	4.2287e-10	7.6322e-11	2.1433e-10	2.5099e-11	8.2402e-11	4.2374e-11	1.2307e-10	3.9845e-11	1.0827e-10	2.3833e-11	1.2892e-10	2.7363e-11	1.6236e-10	3.0512e-11	7.6193e-11	1.8212e-11	1.9075e-10	1.6969e-11	5.0418e-11	1.1893e-11	4.4585e-11	5.2188e-12	5.063e-11	8.6695e-12	3.9934e-11	9.9368e-12	4.0028e-11	1.515e-11	2.5132e-11	5.1175e-12	2.5599e-11	3.7212e-12	2.3367e-11	2.1057e-12	2.3418e-11	8.0899e-12	3.4948e-11	2.2948e-11	4.3663e-11	8.1237e-12	1.4295e-11	4.4028e-12	4.1153e-11	2.139e-12	2.4298e-12	1.4753e-12
3495.08	0.085459	0.0072657	3.491e-05	2.0523e-05	5.5175e-05	0.00019886	5.185e-05	0.00019415	4.0057e-06	3.0718e-05	5.9499e-06	4.1137e-05	6.9623e-06	3.0948e-05	1.268e-06	6.1917e-06	1.3319e-06	2.9927e-06	2.0557e-06	5.3765e-06	9.4514e-07	3.0186e-06	1.5129e-06	3.2096e-06	2.2167e-06	2.4872e-05	1.6299e-07	1.2369e-06	1.7176e-08	2.2146e-08	1.6714e-09	3.6233e-09	2.3044e-10	1.3756e-09	2.5247e-10	7.1593e-10	2.3143e-10	7.6132e-10	1.6892e-10	4.1599e-10	7.4966e-11	2.1092e-10	2.4682e-11	8.1075e-11	4.1699e-11	1.2119e-10	3.9203e-11	1.0667e-10	2.3478e-11	1.2744e-10	2.7004e-11	1.6041e-10	3.0103e-11	7.5111e-11	1.7973e-11	1.8842e-10	1.6739e-11	4.9755e-11	1.1734e-11	4.3995e-11	5.1592e-12	4.994e-11	8.5543e-12	3.9447e-11	9.8143e-12	3.9529e-11	1.4962e-11	2.4822e-11	5.0538e-12	2.5233e-11	3.6739e-12	2.3024e-11	2.0747e-12	2.308e-11	7.9723e-12	3.4427e-11	2.2606e-11	4.301e-11	8.0038e-12	1.4083e-11	4.3347e-12	4.0541e-11	2.1055e-12	2.3964e-12	1.4551e-12
3543.65	0.083689	0.0071102	3.4364e-05	2.0122e-05	5.4011e-05	0.00019462	5.0667e-05	0.00019009	3.9101e-06	3.0095e-05	5.81e-06	4.0287e-05	6.809e-06	3.0332e-05	1.2397e-06	6.0652e-06	1.3e-06	2.9323e-06	2.0103e-06	5.2631e-06	9.2612e-07	2.9521e-06	1.4813e-06	3.145e-06	2.1738e-06	2.4447e-05	1.5966e-07	1.2121e-06	1.6852e-08	2.1727e-08	1.6423e-09	3.5647e-09	2.2671e-10	1.3549e-09	2.4844e-10	7.0575e-10	2.2812e-10	7.5034e-10	1.6624e-10	4.0939e-10	7.3761e-11	2.0757e-10	2.429e-11	7.9932e-11	4.1055e-11	1.1943e-10	3.8642e-11	1.0538e-10	2.3198e-11	1.2574e-10	2.6646e-11	1.5805e-10	2.9701e-11	7.4178e-11	1.7748e-11	1.8565e-10	1.6523e-11	4.9127e-11	1.1579e-11	4.3368e-11	5.0903e-12	4.9331e-11	8.441e-12	3.8877e-11	9.6713e-12	3.8951e-11	1.4743e-11	2.4463e-11	4.9791e-12	2.4856e-11	3.6195e-12	2.2681e-11	2.0439e-12	2.2719e-11	7.8503e-12	3.3931e-11	2.2263e-11	4.238e-11	7.8791e-12	1.3883e-11	4.2761e-12	3.9973e-11	2.0769e-12	2.3599e-12	1.4328e-12
3592.9	0.08193	0.00696	3.3901e-05	1.9745e-05	5.2765e-05	0.00019051	4.9529e-05	0.00018621	3.8225e-06	2.9464e-05	5.6752e-06	3.9486e-05	6.6582e-06	2.9704e-05	1.21e-06	5.9389e-06	1.2693e-06	2.8722e-06	1.9614e-06	5.1502e-06	9.0718e-07	2.8882e-06	1.4498e-06	3.0769e-06	2.1325e-06	2.4006e-05	1.5662e-07	1.1882e-06	1.6556e-08	2.134e-08	1.6157e-09	3.5134e-09	2.2348e-10	1.3393e-09	2.4485e-10	6.9725e-10	2.2527e-10	7.406e-10	1.6383e-10	4.0341e-10	7.2674e-11	2.046e-10	2.394e-11	7.873e-11	4.0461e-11	1.1796e-10	3.8055e-11	1.0395e-10	2.2884e-11	1.2395e-10	2.6302e-11	1.5565e-10	2.9326e-11	7.3102e-11	1.7491e-11	1.8286e-10	1.6276e-11	4.8422e-11	1.1432e-11	4.2826e-11	5.0176e-12	4.8602e-11	8.3253e-12	3.8259e-11	9.5254e-12	3.8338e-11	1.4511e-11	2.4074e-11	4.9045e-12	2.4488e-11	3.5627e-12	2.2358e-11	2.0147e-12	2.2405e-11	7.7398e-12	3.3439e-11	2.1955e-11	4.1771e-11	7.771e-12	1.3686e-11	4.2172e-12	3.9421e-11	2.0482e-12	2.324e-12	1.4106e-12
3642.83	0.080173	0.0068167	3.34e-05	1.9403e-05	5.1601e-05	0.0001866	4.8439e-05	0.00018248	3.742e-06	2.8856e-05	5.5571e-06	3.8654e-05	6.5146e-06	2.9139e-05	1.1816e-06	5.8225e-06	1.2408e-06	2.8172e-06	1.9152e-06	5.0457e-06	8.8707e-07	2.8254e-06	1.4214e-06	3.0143e-06	2.0923e-06	2.3567e-05	1.5358e-07	1.1682e-06	1.6259e-08	2.0951e-08	1.593e-09	3.4598e-09	2.201e-10	1.3214e-09	2.4178e-10	6.876e-10	2.222e-10	7.3085e-10	1.6169e-10	3.9827e-10	7.1571e-11	2.0203e-10	2.3624e-11	7.7813e-11	3.9956e-11	1.1635e-10	3.7612e-11	1.0253e-10	2.2567e-11	1.2241e-10	2.5928e-11	1.5343e-10	2.8887e-11	7.1933e-11	1.7226e-11	1.8024e-10	1.602e-11	4.7691e-11	1.1267e-11	4.22e-11	4.9544e-12	4.7865e-11	8.1995e-12	3.7732e-11	9.3851e-12	3.7809e-11	1.4311e-11	2.3744e-11	4.8342e-12	2.4135e-11	3.5136e-12	2.2038e-11	1.9858e-12	2.2097e-11	7.6329e-12	3.2968e-11	2.1652e-11	4.119e-11	7.6633e-12	1.3483e-11	4.1532e-12	3.882e-11	2.0161e-12	2.2892e-12	1.3903e-12
3693.45	0.078413	0.0066686	3.2908e-05	1.909e-05	5.0455e-05	0.00018256	4.7318e-05	0.00017862	3.6545e-06	2.8213e-05	5.4433e-06	3.7824e-05	6.3878e-06	2.8535e-05	1.1563e-06	5.701e-06	1.2152e-06	2.7689e-06	1.8705e-06	4.9371e-06	8.6854e-07	2.7664e-06	1.3955e-06	2.9517e-06	2.0556e-06	2.3144e-05	1.5088e-07	1.1474e-06	1.5993e-08	2.0608e-08	1.57e-09	3.4193e-09	2.1752e-10	1.3022e-09	2.3847e-10	6.7805e-10	2.1921e-10	7.2097e-10	1.5955e-10	3.9291e-10	7.0712e-11	1.9926e-10	2.3313e-11	7.6754e-11	3.9409e-11	1.1477e-10	3.7106e-11	1.0124e-10	2.2286e-11	1.2061e-10	2.5534e-11	1.5129e-10	2.8452e-11	7.0941e-11	1.697e-11	1.7768e-10	1.5798e-11	4.6977e-11	1.1096e-11	4.1523e-11	4.8815e-12	4.7175e-11	8.0733e-12	3.7211e-11	9.2484e-12	3.7279e-11	1.4111e-11	2.3414e-11	4.7638e-12	2.3798e-11	3.4644e-12	2.1709e-11	1.9563e-12	2.175e-11	7.514e-12	3.2447e-11	2.132e-11	4.0543e-11	7.546e-12	1.3276e-11	4.0883e-12	3.8209e-11	1.9854e-12	2.2522e-12	1.3668e-12
3744.78	0.076684	0.0065218	3.2448e-05	1.8783e-05	4.9421e-05	0.00017854	4.6211e-05	0.00017481	3.5732e-06	2.7599e-05	5.3217e-06	3.7028e-05	6.2572e-06	2.7948e-05	1.1323e-06	5.5794e-06	1.187e-06	2.7188e-06	1.8316e-06	4.8285e-06	8.5002e-07	2.7112e-06	1.3694e-06	2.8949e-06	2.0238e-06	2.2733e-05	1.4826e-07	1.1258e-06	1.5757e-08	2.0273e-08	1.5507e-09	3.3731e-09	2.1456e-10	1.2856e-09	2.3525e-10	6.691e-10	2.1642e-10	7.1144e-10	1.5738e-10	3.8759e-10	6.9741e-11	1.9656e-10	2.2996e-11	7.5643e-11	3.8871e-11	1.1329e-10	3.6566e-11	9.9717e-11	2.1952e-11	1.1866e-10	2.5149e-11	1.4893e-10	2.804e-11	6.9953e-11	1.6722e-11	1.7496e-10	1.5577e-11	4.6293e-11	1.0929e-11	4.0948e-11	4.803e-12	4.6509e-11	7.9599e-12	3.6621e-11	9.1176e-12	3.6695e-11	1.3889e-11	2.3043e-11	4.694e-12	2.3423e-11	3.4111e-12	2.1374e-11	1.9261e-12	2.1418e-11	7.3993e-12	3.1954e-11	2.0985e-11	3.9911e-11	7.4282e-12	1.3074e-11	4.0269e-12	3.7654e-11	1.9553e-12	2.215e-12	1.3438e-12
3796.82	0.074976	0.0063795	3.1918e-05	1.8472e-05	4.8458e-05	0.00017466	4.5136e-05	0.00017107	3.4932e-06	2.7054e-05	5.2082e-06	3.6354e-05	6.1282e-06	2.7388e-05	1.1065e-06	5.4644e-06	1.1609e-06	2.6788e-06	1.7892e-06	4.7257e-06	8.333e-07	2.6612e-06	1.3482e-06	2.8441e-06	1.9915e-06	2.2358e-05	1.459e-07	1.1058e-06	1.5513e-08	1.9973e-08	1.529e-09	3.3236e-09	2.1142e-10	1.2666e-09	2.3224e-10	6.589e-10	2.1316e-10	7.0124e-10	1.553e-10	3.8252e-10	6.8743e-11	1.9404e-10	2.2689e-11	7.4672e-11	3.8368e-11	1.1158e-10	3.61e-11	9.8192e-11	2.1613e-11	1.1701e-10	2.4783e-11	1.4664e-10	2.7631e-11	6.8835e-11	1.6485e-11	1.7227e-10	1.5336e-11	4.564e-11	1.0769e-11	4.0372e-11	4.736e-12	4.5786e-11	7.8479e-12	3.606e-11	8.9724e-12	3.6128e-11	1.3675e-11	2.2688e-11	4.6203e-12	2.3055e-11	3.3577e-12	2.1047e-11	1.8966e-12	2.1089e-11	7.2854e-12	3.1474e-11	2.0673e-11	3.9323e-11	7.3156e-12	1.2873e-11	3.959e-12	3.7006e-11	1.9238e-12	2.1782e-12	1.321e-12
3849.59	0.073317	0.0062597	3.1393e-05	1.817e-05	4.7508e-05	0.00017139	4.4222e-05	0.00016794	3.4209e-06	2.654e-05	5.0961e-06	3.5654e-05	6.0035e-06	2.6892e-05	1.0825e-06	5.3643e-06	1.1351e-06	2.6339e-06	1.7495e-06	4.6362e-06	8.1818e-07	2.615e-06	1.3249e-06	2.792e-06	1.9646e-06	2.2037e-05	1.4382e-07	1.0859e-06	1.5327e-08	1.9717e-08	1.5075e-09	3.281e-09	2.087e-10	1.2459e-09	2.2874e-10	6.4833e-10	2.0987e-10	6.9044e-10	1.5305e-10	3.7693e-10	6.7875e-11	1.9109e-10	2.2363e-11	7.3553e-11	3.7783e-11	1.0987e-10	3.5564e-11	9.6753e-11	2.1298e-11	1.1537e-10	2.4432e-11	1.4438e-10	2.7214e-11	6.7771e-11	1.6222e-11	1.696e-10	1.5094e-11	4.4914e-11	1.0616e-11	3.9726e-11	4.6688e-12	4.5079e-11	7.7258e-12	3.5505e-11	8.8334e-12	3.5576e-11	1.3465e-11	2.234e-11	4.5501e-12	2.2714e-11	3.3066e-12	2.0723e-11	1.8674e-12	2.0759e-11	7.1731e-12	3.0939e-11	2.0318e-11	3.8652e-11	7.1932e-12	1.2654e-11	3.8934e-12	3.6381e-11	1.8916e-12	2.138e-12	1.2965e-12
3903.09	0.071772	0.0061356	3.0895e-05	1.7855e-05	4.6715e-05	0.000168	4.3284e-05	0.00016473	3.3526e-06	2.5983e-05	4.9952e-06	3.4937e-05	5.883e-06	2.6377e-05	1.0588e-06	5.2607e-06	1.1119e-06	2.5878e-06	1.7101e-06	4.5438e-06	8.0279e-07	2.57e-06	1.3012e-06	2.7507e-06	1.9342e-06	2.1713e-05	1.4161e-07	1.0678e-06	1.5116e-08	1.9441e-08	1.4871e-09	3.2319e-09	2.0556e-10	1.2284e-09	2.2518e-10	6.3918e-10	2.0676e-10	6.7986e-10	1.5069e-10	3.711e-10	6.6853e-11	1.8813e-10	2.2017e-11	7.2358e-11	3.7203e-11	1.0825e-10	3.4981e-11	9.5354e-11	2.0994e-11	1.1351e-10	2.4045e-11	1.4215e-10	2.6789e-11	6.6727e-11	1.5967e-11	1.6699e-10	1.4864e-11	4.4202e-11	1.0446e-11	3.9108e-11	4.5939e-12	4.4378e-11	7.6025e-12	3.4941e-11	8.7002e-12	3.499e-11	1.3245e-11	2.1979e-11	4.4796e-12	2.2325e-11	3.2511e-12	2.0368e-11	1.8354e-12	2.0406e-11	7.0499e-12	3.0416e-11	1.9977e-11	3.7994e-11	7.0732e-12	1.2439e-11	3.8279e-12	3.5762e-11	1.8599e-12	2.0977e-12	1.272e-12
3957.33	0.070247	0.0060076	3.0405e-05	1.7525e-05	4.586e-05	0.00016451	4.2315e-05	0.00016136	3.2874e-06	2.5464e-05	4.9024e-06	3.4266e-05	5.772e-06	2.5874e-05	1.0375e-06	5.1573e-06	1.0897e-06	2.5464e-06	1.6746e-06	4.4513e-06	7.9045e-07	2.5245e-06	1.2801e-06	2.7051e-06	1.9044e-06	2.1439e-05	1.3945e-07	1.0523e-06	1.4892e-08	1.9174e-08	1.464e-09	3.1788e-09	2.022e-10	1.2108e-09	2.2181e-10	6.3007e-10	2.0366e-10	6.6985e-10	1.4837e-10	3.6542e-10	6.5767e-11	1.8534e-10	2.1678e-11	7.1329e-11	3.6653e-11	1.0666e-10	3.4486e-11	9.3864e-11	2.0661e-11	1.1174e-10	2.3659e-11	1.3969e-10	2.6372e-11	6.5644e-11	1.5727e-11	1.6411e-10	1.4611e-11	4.3541e-11	1.0281e-11	3.8503e-11	4.5221e-12	4.3692e-11	7.4889e-12	3.4346e-11	8.5507e-12	3.4401e-11	1.3021e-11	2.1607e-11	4.4027e-12	2.1943e-11	3.1966e-12	2.0019e-11	1.8041e-12	2.0057e-11	6.9291e-12	2.988e-11	1.9637e-11	3.7334e-11	6.9539e-12	1.2217e-11	3.7562e-12	3.5095e-11	1.8256e-12	2.0564e-12	1.2463e-12
4012.33	0.068678	0.0058889	2.9899e-05	1.7203e-05	4.5002e-05	0.00016126	4.1418e-05	0.00015827	3.2312e-06	2.4952e-05	4.8096e-06	3.3603e-05	5.6753e-06	2.5386e-05	1.0177e-06	5.058e-06	1.069e-06	2.5001e-06	1.6401e-06	4.3627e-06	7.769e-07	2.4806e-06	1.2564e-06	2.6572e-06	1.876e-06	2.1133e-05	1.3742e-07	1.0361e-06	1.4698e-08	1.8923e-08	1.4403e-09	3.1336e-09	1.9931e-10	1.1912e-09	2.1848e-10	6.2017e-10	2.0064e-10	6.602e-10	1.4617e-10	3.5996e-10	6.482e-11	1.8257e-10	2.1358e-11	7.0296e-11	3.6111e-11	1.0501e-10	3.3992e-11	9.2391e-11	2.0337e-11	1.1e-10	2.3305e-11	1.3729e-10	2.5961e-11	6.4528e-11	1.5455e-11	1.6128e-10	1.4365e-11	4.2788e-11	1.0126e-11	3.7872e-11	4.4519e-12	4.2932e-11	7.3582e-12	3.376e-11	8.4048e-12	3.3819e-11	1.2801e-11	2.1242e-11	4.3277e-12	2.156e-11	3.1424e-12	1.9661e-11	1.7718e-12	1.9692e-11	6.8035e-12	2.9323e-11	1.9269e-11	3.6635e-11	6.8229e-12	1.1991e-11	3.6846e-12	3.4424e-11	1.7909e-12	2.0144e-12	1.221e-12
4068.09	0.067204	0.0057711	2.9391e-05	1.6895e-05	4.4231e-05	0.00015805	4.0529e-05	0.00015519	3.1715e-06	2.4494e-05	4.7338e-06	3.3e-05	5.58e-06	2.4919e-05	9.9806e-07	4.9616e-06	1.0508e-06	2.4517e-06	1.6087e-06	4.2766e-06	7.6282e-07	2.4347e-06	1.2312e-06	2.6148e-06	1.8443e-06	2.0834e-05	1.3509e-07	1.0236e-06	1.4476e-08	1.8632e-08	1.4198e-09	3.0883e-09	1.9641e-10	1.1724e-09	2.1523e-10	6.1017e-10	1.9739e-10	6.4959e-10	1.4405e-10	3.5473e-10	6.3892e-11	1.7981e-10	2.1049e-11	6.9165e-11	3.5551e-11	1.0335e-10	3.3437e-11	9.0935e-11	2.0017e-11	1.0821e-10	2.29e-11	1.3479e-10	2.551e-11	6.3432e-11	1.519e-11	1.5837e-10	1.412e-11	4.2052e-11	9.9499e-12	3.7226e-11	4.3782e-12	4.219e-11	7.2321e-12	3.3139e-11	8.2558e-12	3.3182e-11	1.2561e-11	2.0847e-11	4.2499e-12	2.1155e-11	3.083e-12	1.9297e-11	1.7389e-12	1.9323e-11	6.6768e-12	2.8758e-11	1.8899e-11	3.5931e-11	6.6925e-12	1.1754e-11	3.611e-12	3.3726e-11	1.7553e-12	1.9724e-12	1.1951e-12
4124.63	0.065653	0.0056639	2.8892e-05	1.6599e-05	4.336e-05	0.00015512	3.9715e-05	0.00015238	3.1123e-06	2.4072e-05	4.6512e-06	3.2477e-05	5.4945e-06	2.4489e-05	9.8182e-07	4.8731e-06	1.0316e-06	2.409e-06	1.581e-06	4.1977e-06	7.503e-07	2.387e-06	1.2093e-06	2.5676e-06	1.812e-06	2.0541e-05	1.3279e-07	1.0088e-06	1.4234e-08	1.8337e-08	1.3992e-09	3.0378e-09	1.9323e-10	1.154e-09	2.1172e-10	6.0078e-10	1.9433e-10	6.3904e-10	1.4171e-10	3.4892e-10	6.2845e-11	1.7691e-10	2.0709e-11	6.8064e-11	3.4986e-11	1.0172e-10	3.2907e-11	8.9509e-11	1.97e-11	1.0635e-10	2.2503e-11	1.3227e-10	2.5067e-11	6.2247e-11	1.492e-11	1.5541e-10	1.3853e-11	4.1309e-11	9.7783e-12	3.6591e-11	4.3033e-12	4.1421e-11	7.1069e-12	3.2511e-11	8.1006e-12	3.2546e-11	1.232e-11	2.0447e-11	4.1705e-12	2.0747e-11	3.0239e-12	1.8912e-11	1.7043e-12	1.8937e-11	6.5434e-12	2.8165e-11	1.8517e-11	3.5192e-11	6.5585e-12	1.1513e-11	3.537e-12	3.3037e-11	1.7192e-12	1.93e-12	1.1693e-12
4181.95	0.064133	0.0055703	2.8403e-05	1.6279e-05	4.2465e-05	0.00015257	3.8999e-05	0.00014994	3.058e-06	2.3652e-05	4.5669e-06	3.1941e-05	5.4037e-06	2.4109e-05	9.6425e-07	4.7968e-06	1.0127e-06	2.3663e-06	1.5519e-06	4.1292e-06	7.3639e-07	2.3406e-06	1.1877e-06	2.5175e-06	1.7836e-06	2.0215e-05	1.306e-07	9.9398e-07	1.4029e-08	1.8058e-08	1.3769e-09	2.9895e-09	1.9015e-10	1.1348e-09	2.0842e-10	5.9024e-10	1.9125e-10	6.2931e-10	1.3942e-10	3.4336e-10	6.1849e-11	1.7414e-10	2.0371e-11	6.6997e-11	3.443e-11	1.0011e-10	3.2389e-11	8.7934e-11	1.9355e-11	1.0452e-10	2.2105e-11	1.2962e-10	2.4613e-11	6.1049e-11	1.4638e-11	1.523e-10	1.3585e-11	4.0528e-11	9.6042e-12	3.5902e-11	4.2296e-12	4.0643e-11	6.9721e-12	3.1861e-11	7.9432e-12	3.1893e-11	1.2073e-11	2.0038e-11	4.0881e-12	2.0319e-11	2.9631e-12	1.8522e-11	1.6692e-12	1.8546e-11	6.4086e-12	2.7586e-11	1.8136e-11	3.447e-11	6.4236e-12	1.1275e-11	3.4617e-12	3.233e-11	1.6831e-12	1.8877e-12	1.1436e-12
4240.07	0.062654	0.0054741	2.7868e-05	1.5965e-05	4.1653e-05	0.00014996	3.8265e-05	0.00014741	2.997e-06	2.3313e-05	4.4917e-06	3.1504e-05	5.3154e-06	2.3757e-05	9.4649e-07	4.7215e-06	9.9509e-07	2.3212e-06	1.5235e-06	4.0613e-06	7.2163e-07	2.296e-06	1.1639e-06	2.4739e-06	1.7554e-06	1.9889e-05	1.2845e-07	9.8062e-07	1.3823e-08	1.7782e-08	1.3544e-09	2.9422e-09	1.8715e-10	1.1152e-09	2.0511e-10	5.801e-10	1.879e-10	6.1824e-10	1.3727e-10	3.3802e-10	6.0867e-11	1.7136e-10	2.0059e-11	6.5856e-11	3.3885e-11	9.8349e-11	3.1847e-11	8.6394e-11	1.9016e-11	1.0257e-10	2.1685e-11	1.2694e-10	2.4151e-11	5.9823e-11	1.4353e-11	1.4915e-10	1.3311e-11	3.9739e-11	9.422e-12	3.5208e-11	4.1491e-12	3.9825e-11	6.8366e-12	3.1199e-11	7.7783e-12	3.1234e-11	1.1823e-11	1.9622e-11	4.0032e-12	1.99e-11	2.9019e-12	1.8139e-11	1.6346e-12	1.8155e-11	6.2744e-12	2.6991e-11	1.7747e-11	3.373e-11	6.2866e-12	1.1032e-11	3.386e-12	3.1627e-11	1.6467e-12	1.8459e-12	1.1183e-12
4298.99	0.061221	0.0053968	2.7345e-05	1.567e-05	4.0864e-05	0.00014783	3.7668e-05	0.00014542	2.9357e-06	2.294e-05	4.4076e-06	3.1007e-05	5.2261e-06	2.3416e-05	9.3058e-07	4.6542e-06	9.7543e-07	2.2765e-06	1.4967e-06	4.0011e-06	7.0876e-07	2.2532e-06	1.1413e-06	2.4302e-06	1.7249e-06	1.9596e-05	1.2623e-07	9.6516e-07	1.3594e-08	1.751e-08	1.3335e-09	2.8925e-09	1.8395e-10	1.0959e-09	2.015e-10	5.6999e-10	1.8462e-10	6.0744e-10	1.3485e-10	3.3207e-10	5.986e-11	1.6835e-10	1.9705e-11	6.472e-11	3.3285e-11	9.662e-11	3.1295e-11	8.4799e-11	1.8663e-11	1.0058e-10	2.1262e-11	1.2427e-10	2.3663e-11	5.8576e-11	1.4054e-11	1.4604e-10	1.3035e-11	3.8912e-11	9.2376e-12	3.4497e-11	4.0686e-12	3.8999e-11	6.6957e-12	3.0539e-11	7.617e-12	3.057e-11	1.1572e-11	1.9207e-11	3.9201e-12	1.9471e-11	2.8398e-12	1.7746e-11	1.5992e-12	1.7762e-11	6.1377e-12	2.6405e-11	1.7359e-11	3.2996e-11	6.149e-12	1.079e-11	3.3118e-12	3.0927e-11	1.6103e-12	1.8048e-12	1.0934e-12
4358.74	0.059872	0.0053078	2.6808e-05	1.5345e-05	4.0008e-05	0.0001454	3.699e-05	0.00014313	2.8785e-06	2.2558e-05	4.3183e-06	3.052e-05	5.1309e-06	2.3069e-05	9.1271e-07	4.5825e-06	9.5586e-07	2.2335e-06	1.4668e-06	3.9368e-06	6.9591e-07	2.2069e-06	1.1191e-06	2.3832e-06	1.6943e-06	1.9307e-05	1.2401e-07	9.4911e-07	1.3375e-08	1.7222e-08	1.3097e-09	2.8422e-09	1.8077e-10	1.0749e-09	1.9797e-10	5.5905e-10	1.8123e-10	5.965e-10	1.3249e-10	3.2628e-10	5.8813e-11	1.6538e-10	1.936e-11	6.3596e-11	3.2697e-11	9.4837e-11	3.0752e-11	8.3187e-11	1.8307e-11	9.855e-11	2.0818e-11	1.2155e-10	2.3171e-11	5.7333e-11	1.3761e-11	1.4284e-10	1.2754e-11	3.8103e-11	9.0445e-12	3.3777e-11	3.986e-12	3.8176e-11	6.5569e-12	2.9875e-11	7.4517e-12	2.9903e-11	1.132e-11	1.8788e-11	3.8349e-12	1.9046e-11	2.7774e-12	1.7353e-11	1.5639e-12	1.7371e-11	6.0027e-12	2.5816e-11	1.6975e-11	3.2258e-11	6.0136e-12	1.0547e-11	3.2378e-12	3.0239e-11	1.5743e-12	1.7635e-12	1.0684e-12
4419.31	0.058487	0.0052209	2.6266e-05	1.5029e-05	3.9188e-05	0.00014304	3.6325e-05	0.00014082	2.8234e-06	2.222e-05	4.2405e-06	3.0055e-05	5.0374e-06	2.2738e-05	8.9386e-07	4.5129e-06	9.3727e-07	2.1877e-06	1.4372e-06	3.8743e-06	6.8203e-07	2.1626e-06	1.0964e-06	2.3378e-06	1.666e-06	1.8993e-05	1.2183e-07	9.352e-07	1.3161e-08	1.6948e-08	1.2867e-09	2.7927e-09	1.7761e-10	1.0538e-09	1.9432e-10	5.4806e-10	1.7779e-10	5.8506e-10	1.3009e-10	3.203e-10	5.7788e-11	1.6234e-10	1.9009e-11	6.2363e-11	3.2091e-11	9.3031e-11	3.016e-11	8.1493e-11	1.7935e-11	9.6477e-11	2.0384e-11	1.1887e-10	2.2685e-11	5.6078e-11	1.3462e-11	1.3968e-10	1.2471e-11	3.7274e-11	8.8556e-12	3.3056e-11	3.9028e-12	3.7338e-11	6.4146e-12	2.9214e-11	7.2886e-12	2.9238e-11	1.1068e-11	1.837e-11	3.7502e-12	1.8619e-11	2.716e-12	1.6962e-11	1.5286e-12	1.698e-11	5.868e-12	2.5231e-11	1.6595e-11	3.1529e-11	5.8786e-12	1.0312e-11	3.1651e-12	2.956e-11	1.5391e-12	1.723e-12	1.0437e-12
4480.73	0.057146	0.0051387	2.5698e-05	1.4708e-05	3.8385e-05	0.00014077	3.5702e-05	0.00013873	2.764e-06	2.1837e-05	4.1634e-06	2.9535e-05	4.9494e-06	2.238e-05	8.7739e-07	4.4417e-06	9.1947e-07	2.143e-06	1.4091e-06	3.8108e-06	6.687e-07	2.1198e-06	1.0734e-06	2.2937e-06	1.6339e-06	1.8674e-05	1.1969e-07	9.2137e-07	1.2935e-08	1.6673e-08	1.2638e-09	2.7385e-09	1.7416e-10	1.0323e-09	1.9061e-10	5.3669e-10	1.7418e-10	5.7348e-10	1.2758e-10	3.1416e-10	5.6686e-11	1.5924e-10	1.8643e-11	6.114e-11	3.1477e-11	9.113e-11	2.9567e-11	7.9782e-11	1.7557e-11	9.4415e-11	1.9939e-11	1.1619e-10	2.2186e-11	5.4826e-11	1.3166e-11	1.3653e-10	1.2195e-11	3.6456e-11	8.662e-12	3.233e-11	3.8189e-12	3.6512e-11	6.2734e-12	2.8552e-11	7.1249e-12	2.8581e-11	1.0819e-11	1.7957e-11	3.6656e-12	1.8196e-11	2.6548e-12	1.6584e-11	1.4945e-12	1.6601e-11	5.7367e-12	2.4661e-11	1.6222e-11	3.0821e-11	5.7461e-12	1.0077e-11	3.0924e-12	2.888e-11	1.5036e-12	1.6796e-12	1.016e-12
4543	0.055855	0.0050468	2.5127e-05	1.4379e-05	3.757e-05	0.00013825	3.501e-05	0.00013635	2.707e-06	2.1426e-05	4.0793e-06	2.9016e-05	4.8641e-06	2.2005e-05	8.6113e-07	4.3657e-06	9.0037e-07	2.0986e-06	1.3814e-06	3.7431e-06	6.5572e-07	2.0736e-06	1.0508e-06	2.2472e-06	1.6029e-06	1.8383e-05	1.1736e-07	9.0639e-07	1.2707e-08	1.6375e-08	1.2393e-09	2.6845e-09	1.7073e-10	1.0106e-09	1.8673e-10	5.2543e-10	1.7051e-10	5.6135e-10	1.2505e-10	3.0787e-10	5.5568e-11	1.5598e-10	1.8273e-11	5.9884e-11	3.0831e-11	8.9213e-11	2.8961e-11	7.8076e-11	1.7181e-11	9.2336e-11	1.95e-11	1.1358e-10	2.169e-11	5.3591e-11	1.2869e-11	1.3347e-10	1.192e-11	3.5633e-11	8.4711e-12	3.1605e-11	3.7345e-12	3.5686e-11	6.132e-12	2.7914e-11	6.9625e-12	2.7933e-11	1.0574e-11	1.7552e-11	3.5831e-12	1.7786e-11	2.5948e-12	1.6204e-11	1.4603e-12	1.6215e-11	5.6038e-12	2.4092e-11	1.5847e-11	3.011e-11	5.6138e-12	9.8437e-12	3.0213e-12	2.821e-11	1.4688e-12	1.6335e-12	9.8817e-13
4606.14	0.05457	0.0049544	2.4559e-05	1.4047e-05	3.6739e-05	0.00013575	3.4311e-05	0.00013389	2.651e-06	2.1072e-05	3.9989e-06	2.8549e-05	4.7716e-06	2.1644e-05	8.4332e-07	4.2914e-06	8.8196e-07	2.0512e-06	1.3535e-06	3.6769e-06	6.4211e-07	2.0289e-06	1.0267e-06	2.2013e-06	1.572e-06	1.8051e-05	1.1508e-07	8.9127e-07	1.2483e-08	1.6081e-08	1.2146e-09	2.6293e-09	1.6721e-10	9.8867e-10	1.8278e-10	5.1391e-10	1.669e-10	5.495e-10	1.2239e-10	3.0132e-10	5.4427e-11	1.5269e-10	1.7885e-11	5.8621e-11	3.018e-11	8.7305e-11	2.835e-11	7.6349e-11	1.6802e-11	9.026e-11	1.9058e-11	1.1094e-10	2.1198e-11	5.2375e-11	1.2575e-11	1.3038e-10	1.165e-11	3.4818e-11	8.2797e-12	3.0891e-11	3.6508e-12	3.4882e-11	5.993e-12	2.7263e-11	6.8039e-12	2.7289e-11	1.033e-11	1.7145e-11	3.5009e-12	1.7374e-11	2.5348e-12	1.5828e-11	1.4264e-12	1.5841e-11	5.4746e-12	2.3528e-11	1.5479e-11	2.9406e-11	5.4843e-12	9.6099e-12	2.9418e-12	2.7457e-11	1.4317e-12	1.5886e-12	9.6099e-13
4670.15	0.053295	0.0048718	2.3983e-05	1.3704e-05	3.5927e-05	0.00013348	3.3688e-05	0.00013174	2.5946e-06	2.0719e-05	3.9205e-06	2.8086e-05	4.6815e-06	2.1293e-05	8.2633e-07	4.2205e-06	8.6383e-07	2.004e-06	1.3254e-06	3.6139e-06	6.2864e-07	1.983e-06	1.0028e-06	2.1559e-06	1.5394e-06	1.7727e-05	1.1273e-07	8.773e-07	1.2238e-08	1.578e-08	1.1889e-09	2.5736e-09	1.6367e-10	9.6663e-10	1.789e-10	5.0247e-10	1.6321e-10	5.3735e-10	1.1979e-10	2.9494e-10	5.3268e-11	1.4944e-10	1.7506e-11	5.7336e-11	2.9531e-11	8.5362e-11	2.7732e-11	7.4643e-11	1.6426e-11	8.8211e-11	1.8621e-11	1.0838e-10	2.072e-11	5.1159e-11	1.2287e-11	1.2736e-10	1.1379e-11	3.4023e-11	8.0897e-12	3.0185e-11	3.5678e-12	3.4068e-11	5.857e-12	2.663e-11	6.6456e-12	2.6659e-11	1.0091e-11	1.6747e-11	3.4192e-12	1.6967e-11	2.4761e-12	1.5447e-11	1.3922e-12	1.5447e-11	5.3398e-12	2.2885e-11	1.5066e-11	2.8606e-11	5.3398e-12	9.3447e-12	2.8606e-12	2.6699e-11	1.3922e-12	1.5447e-12	9.3447e-13
4735.05	0.052054	0.0047899	2.3417e-05	1.3369e-05	3.507e-05	0.00013124	3.307e-05	0.00012961	2.5367e-06	2.0332e-05	3.8389e-06	2.7589e-05	4.596e-06	2.0952e-05	8.0975e-07	4.1522e-06	8.4568e-07	1.9559e-06	1.298e-06	3.5532e-06	6.1535e-07	1.9367e-06	9.785e-07	2.1073e-06	1.5067e-06	1.7402e-05	1.1037e-07	8.6134e-07	1.1994e-08	1.5475e-08	1.1637e-09	2.5172e-09	1.6006e-10	9.4486e-10	1.7493e-10	4.9105e-10	1.5952e-10	5.2537e-10	1.1713e-10	2.8839e-10	5.2111e-11	1.4611e-10	1.7117e-11	5.6045e-11	2.8873e-11	8.3447e-11	2.7112e-11	7.2932e-11	1.6048e-11	8.62e-11	1.8195e-11	1.057e-10	2.0238e-11	4.9967e-11	1.2001e-11	1.2424e-10	1.1114e-11	3.323e-11	7.904e-12	2.9485e-11	3.4861e-12	3.3278e-11	5.7205e-12	2.596e-11	6.4889e-12	2.596e-11	9.8278e-12	1.6318e-11	3.3377e-12	1.6503e-11	2.4106e-12	1.502e-11	1.3536e-12	1.502e-11	5.192e-12	2.2252e-11	1.4649e-11	2.7815e-11	5.192e-12	9.0861e-12	2.7815e-12	2.596e-11	1.3536e-12	1.502e-12	9.0861e-13
4800.86	0.050806	0.0047024	2.2852e-05	1.303e-05	3.4214e-05	0.00012883	3.2414e-05	0.00012732	2.4803e-06	1.9962e-05	3.7576e-06	2.7087e-05	4.5022e-06	2.0585e-05	7.926e-07	4.077e-06	8.269e-07	1.9082e-06	1.2711e-06	3.4866e-06	6.0114e-07	1.8894e-06	9.5425e-07	2.0591e-06	1.4726e-06	1.7061e-05	1.0791e-07	8.4586e-07	1.1744e-08	1.5153e-08	1.138e-09	2.4605e-09	1.5645e-10	9.2322e-10	1.7097e-10	4.7981e-10	1.5586e-10	5.1338e-10	1.145e-10	2.819e-10	5.0948e-11	1.428e-10	1.6734e-11	5.4782e-11	2.8223e-11	8.1533e-11	2.6499e-11	7.1276e-11	1.5685e-11	8.4183e-11	1.7769e-11	1.0276e-10	1.9766e-11	4.8676e-11	1.1717e-11	1.2079e-10	1.0817e-11	3.2444e-11	7.7188e-12	2.8799e-11	3.4049e-12	3.2451e-11	5.5854e-12	2.524e-11	6.3099e-12	2.524e-11	9.555e-12	1.5865e-11	3.2451e-12	1.6045e-11	2.3437e-12	1.4603e-11	1.3161e-12	1.4603e-11	5.0479e-12	2.1634e-11	1.4242e-11	2.7042e-11	5.0479e-12	8.8339e-12	2.7042e-12	2.524e-11	1.3161e-12	1.4603e-12	8.8339e-13
4867.58	0.049571	0.0046137	2.2303e-05	1.2695e-05	3.3349e-05	0.00012641	3.1753e-05	0.00012501	2.4209e-06	1.9602e-05	3.6776e-06	2.6625e-05	4.4115e-06	2.0239e-05	7.7544e-07	4.0058e-06	8.0859e-07	1.8598e-06	1.2424e-06	3.4233e-06	5.8706e-07	1.8413e-06	9.2995e-07	2.01e-06	1.4393e-06	1.6716e-05	1.0543e-07	8.3045e-07	1.1493e-08	1.4829e-08	1.1124e-09	2.4048e-09	1.5291e-10	9.0198e-10	1.6703e-10	4.6881e-10	1.5231e-10	5.0152e-10	1.1187e-10	2.754e-10	4.9787e-11	1.3952e-10	1.635e-11	5.3526e-11	2.7573e-11	7.9673e-11	2.589e-11	6.9592e-11	1.5314e-11	8.221e-11	1.7347e-11	9.99e-11	1.9279e-11	4.7321e-11	1.1392e-11	1.1743e-10	1.0516e-11	3.1547e-11	7.5353e-12	2.8042e-11	3.3254e-12	3.1547e-11	5.4332e-12	2.4537e-11	6.1342e-12	2.4537e-11	9.289e-12	1.5423e-11	3.1547e-12	1.5598e-11	2.2784e-12	1.4196e-11	1.2794e-12	1.4196e-11	4.9074e-12	2.1032e-11	1.3846e-11	2.629e-11	4.9074e-12	8.5879e-12	2.629e-12	2.4537e-11	1.2794e-12	1.4196e-12	8.5879e-13
4935.22	0.048406	0.0045321	2.1748e-05	1.2362e-05	3.2484e-05	0.00012418	3.1142e-05	0.00012288	2.3614e-06	1.922e-05	3.592e-06	2.6108e-05	4.3178e-06	1.9892e-05	7.5859e-07	3.9362e-06	7.8945e-07	1.812e-06	1.2144e-06	3.3617e-06	5.7276e-07	1.7945e-06	9.0569e-07	1.961e-06	1.4054e-06	1.6355e-05	1.0296e-07	8.1405e-07	1.1237e-08	1.4508e-08	1.0868e-09	2.3494e-09	1.494e-10	8.8079e-10	1.6321e-10	4.5778e-10	1.4874e-10	4.8986e-10	1.093e-10	2.6909e-10	4.8642e-11	1.3633e-10	1.5972e-11	5.2293e-11	2.6942e-11	7.7786e-11	2.5293e-11	6.7961e-11	1.4954e-11	8.0074e-11	1.6867e-11	9.7111e-11	1.8741e-11	4.6e-11	1.1074e-11	1.1415e-10	1.0222e-11	3.0667e-11	7.3259e-12	2.7259e-11	3.237e-12	3.0667e-11	5.2815e-12	2.3852e-11	5.963e-12	2.3852e-11	9.0296e-12	1.4993e-11	3.0667e-12	1.5163e-11	2.2148e-12	1.38e-11	1.2437e-12	1.38e-11	4.7704e-12	2.0444e-11	1.3459e-11	2.5556e-11	4.7704e-12	8.3481e-12	2.5556e-12	2.3852e-11	1.2437e-12	1.38e-12	8.3481e-13
5003.81	0.047263	0.0044412	2.1211e-05	1.2038e-05	3.1622e-05	0.00012169	3.0467e-05	0.00012048	2.3014e-06	1.8843e-05	3.5074e-06	2.5605e-05	4.2231e-06	1.9517e-05	7.4057e-07	3.8602e-06	7.7016e-07	1.7647e-06	1.1858e-06	3.2947e-06	5.5849e-07	1.7471e-06	8.8187e-07	1.9116e-06	1.372e-06	1.6002e-05	1.0049e-07	7.9759e-07	1.0982e-08	1.4179e-08	1.0615e-09	2.2951e-09	1.4594e-10	8.6006e-10	1.5937e-10	4.4686e-10	1.4523e-10	4.7824e-10	1.0674e-10	2.6279e-10	4.7513e-11	1.3311e-10	1.5599e-11	5.1058e-11	2.6302e-11	7.596e-11	2.4697e-11	6.624e-11	1.4573e-11	7.7832e-11	1.6394e-11	9.4392e-11	1.8216e-11	4.4712e-11	1.0764e-11	1.1095e-10	9.936e-12	2.9808e-11	7.1208e-12	2.6496e-11	3.1464e-12	2.9808e-11	5.1336e-12	2.3184e-11	5.796e-12	2.3184e-11	8.7768e-12	1.4573e-11	2.9808e-12	1.4738e-11	2.1528e-12	1.3414e-11	1.2089e-12	1.3414e-11	4.6368e-12	1.9872e-11	1.3082e-11	2.484e-11	4.6368e-12	8.1144e-12	2.484e-12	2.3184e-11	1.2089e-12	1.3414e-12	8.1144e-13
5073.35	0.04616	0.0043529	2.0648e-05	1.1717e-05	3.0764e-05	0.00011928	2.9813e-05	0.00011814	2.2413e-06	1.8469e-05	3.4214e-06	2.5093e-05	4.1258e-06	1.9149e-05	7.2279e-07	3.7862e-06	7.507e-07	1.7182e-06	1.1571e-06	3.2294e-06	5.4409e-07	1.7001e-06	8.5833e-07	1.8626e-06	1.3385e-06	1.5641e-05	9.8038e-08	7.8037e-07	1.073e-08	1.3856e-08	1.0368e-09	2.2408e-09	1.4249e-10	8.3694e-10	1.556e-10	4.3456e-10	1.4164e-10	4.6674e-10	1.042e-10	2.5655e-10	4.6393e-11	1.2996e-10	1.5228e-11	4.9847e-11	2.5681e-11	7.4037e-11	2.4114e-11	6.438e-11	1.4164e-11	7.5646e-11	1.5934e-11	9.1741e-11	1.7704e-11	4.3456e-11	1.0462e-11	1.0784e-10	9.657e-12	2.8971e-11	6.9208e-12	2.5752e-11	3.058e-12	2.8971e-11	4.9894e-12	2.2533e-11	5.6332e-12	2.2533e-11	8.5303e-12	1.4164e-11	2.8971e-12	1.4324e-11	2.0923e-12	1.3037e-11	1.1749e-12	1.3037e-11	4.5066e-12	1.9314e-11	1.2715e-11	2.4142e-11	4.5066e-12	7.8865e-12	2.4142e-12	2.2533e-11	1.1749e-12	1.3037e-12	7.8865e-13
5143.85	0.045037	0.0042632	2.0042e-05	1.14e-05	2.992e-05	0.00011682	2.9152e-05	0.0001158	2.1816e-06	1.8068e-05	3.3356e-06	2.4567e-05	4.0267e-06	1.8772e-05	7.0474e-07	3.7099e-06	7.3117e-07	1.6729e-06	1.1277e-06	3.1623e-06	5.2986e-07	1.6536e-06	8.3536e-07	1.8143e-06	1.3055e-06	1.5285e-05	9.5598e-08	7.6352e-07	1.0481e-08	1.3533e-08	1.0122e-09	2.1876e-09	1.3909e-10	8.1337e-10	1.5172e-10	4.2233e-10	1.3765e-10	4.5361e-10	1.0167e-10	2.5027e-10	4.5297e-11	1.267e-10	1.486e-11	4.8489e-11	2.5027e-11	7.1952e-11	2.3463e-11	6.2567e-11	1.3765e-11	7.3516e-11	1.5485e-11	8.9158e-11	1.7206e-11	4.2233e-11	1.0167e-11	1.048e-10	9.385e-12	2.8155e-11	6.7259e-12	2.5027e-11	2.9719e-12	2.8155e-11	4.8489e-12	2.1898e-11	5.4746e-12	2.1898e-11	8.2901e-12	1.3765e-11	2.8155e-12	1.3921e-11	2.0334e-12	1.267e-11	1.1418e-12	1.267e-11	4.3797e-12	1.877e-11	1.2357e-11	2.3463e-11	4.3797e-12	7.6644e-12	2.3463e-12	2.1898e-11	1.1418e-12	1.267e-12	7.6644e-13
5215.34	0.043964	0.0041711	1.9452e-05	1.1085e-05	2.9088e-05	0.0001143	2.8475e-05	0.00011336	2.122e-06	1.7669e-05	3.2491e-06	2.403e-05	3.9299e-06	1.839e-05	6.8674e-07	3.6328e-06	7.118e-07	1.6277e-06	1.0982e-06	3.0945e-06	5.1581e-07	1.6088e-06	8.1254e-07	1.7668e-06	1.2732e-06	1.4927e-05	9.324e-08	7.4626e-07	1.0237e-08	1.3219e-08	9.8781e-10	2.128e-09	1.3528e-10	7.904e-10	1.4744e-10	4.104e-10	1.3376e-10	4.408e-10	9.88e-11	2.432e-10	4.408e-11	1.2312e-10	1.444e-11	4.712e-11	2.432e-11	6.992e-11	2.28e-11	6.08e-11	1.3376e-11	7.144e-11	1.5048e-11	8.664e-11	1.672e-11	4.104e-11	9.88e-12	1.0184e-10	9.12e-12	2.736e-11	6.536e-12	2.432e-11	2.888e-12	2.736e-11	4.712e-12	2.128e-11	5.32e-12	2.128e-11	8.056e-12	1.3376e-11	2.736e-12	1.3528e-11	1.976e-12	1.2312e-11	1.1096e-12	1.2312e-11	4.256e-12	1.824e-11	1.2008e-11	2.28e-11	4.256e-12	7.448e-12	2.28e-12	2.128e-11	1.1096e-12	1.2312e-12	7.448e-13
5287.82	0.042969	0.0040773	1.8878e-05	1.0735e-05	2.8276e-05	0.00011172	2.7791e-05	0.0001109	2.0635e-06	1.7259e-05	3.1636e-06	2.3476e-05	3.8314e-06	1.799e-05	6.686e-07	3.5521e-06	6.9248e-07	1.5832e-06	1.0691e-06	3.0238e-06	5.0202e-07	1.5641e-06	7.903e-07	1.7204e-06	1.2411e-06	1.4579e-05	9.0857e-08	7.2924e-07	9.9923e-09	1.2902e-08	9.6002e-10	2.0677e-09	1.3145e-10	7.6802e-10	1.4326e-10	3.9878e-10	1.2997e-10	4.2832e-10	9.6002e-11	2.3631e-10	4.2832e-11	1.1963e-10	1.4031e-11	4.5786e-11	2.3631e-11	6.794e-11	2.2154e-11	5.9078e-11	1.2997e-11	6.9417e-11	1.4622e-11	8.4187e-11	1.6247e-11	3.9878e-11	9.6002e-12	9.8956e-11	8.8617e-12	2.6585e-11	6.3509e-12	2.3631e-11	2.8062e-12	2.6585e-11	4.5786e-12	2.0677e-11	5.1693e-12	2.0677e-11	7.8279e-12	1.2997e-11	2.6585e-12	1.3145e-11	1.92e-12	1.1963e-11	1.0782e-12	1.1963e-11	4.1355e-12	1.7723e-11	1.1668e-11	2.2154e-11	4.1355e-12	7.2371e-12	2.2154e-12	2.0677e-11	1.0782e-12	1.1963e-12	7.2371e-13
5361.31	0.041923	0.0039807	1.8319e-05	1.0396e-05	2.7473e-05	0.00010908	2.7088e-05	0.00010833	2.0058e-06	1.6853e-05	3.0792e-06	2.2936e-05	3.7337e-06	1.7587e-05	6.5067e-07	3.471e-06	6.7344e-07	1.534e-06	1.04e-06	2.9528e-06	4.8855e-07	1.5204e-06	7.6593e-07	1.6742e-06	1.2094e-06	1.4232e-05	8.8535e-08	7.122e-07	9.751e-09	1.2594e-08	9.3276e-10	2.009e-09	1.2772e-10	7.4621e-10	1.392e-10	3.8746e-10	1.2628e-10	4.1616e-10	9.3276e-11	2.296e-10	4.1616e-11	1.1624e-10	1.3633e-11	4.4486e-11	2.296e-11	6.6011e-11	2.1525e-11	5.7401e-11	1.2628e-11	6.7446e-11	1.4207e-11	8.1796e-11	1.5785e-11	3.8746e-11	9.3276e-12	9.6146e-11	8.6101e-12	2.583e-11	6.1706e-12	2.296e-11	2.7265e-12	2.583e-11	4.4486e-12	2.009e-11	5.0226e-12	2.009e-11	7.6056e-12	1.2628e-11	2.583e-12	1.2772e-11	1.8655e-12	1.1624e-11	1.0476e-12	1.1624e-11	4.0181e-12	1.722e-11	1.1337e-11	2.1525e-11	4.0181e-12	7.0316e-12	2.1525e-12	2.009e-11	1.0476e-12	1.1624e-12	7.0316e-13
5435.82	0.040892	0.0038866	1.7775e-05	1.0067e-05	2.669e-05	0.0001065	2.6404e-05	0.00010584	1.9495e-06	1.6442e-05	2.9964e-06	2.2386e-05	3.6374e-06	1.7186e-05	6.33e-07	3.3908e-06	6.547e-07	1.4854e-06	1.0112e-06	2.8829e-06	4.7515e-07	1.4759e-06	7.4145e-07	1.6287e-06	1.1735e-06	1.3889e-05	8.607e-08	6.9544e-07	9.4803e-09	1.2269e-08	9.0621e-10	1.9518e-09	1.2408e-10	7.2497e-10	1.3523e-10	3.7642e-10	1.2269e-10	4.0431e-10	9.0621e-11	2.2307e-10	4.0431e-11	1.1293e-10	1.3245e-11	4.3219e-11	2.2307e-11	6.4132e-11	2.0912e-11	5.5767e-11	1.2269e-11	6.5526e-11	1.3802e-11	7.9467e-11	1.5336e-11	3.7642e-11	9.0621e-12	9.3409e-11	8.365e-12	2.5095e-11	5.9949e-12	2.2307e-11	2.6489e-12	2.5095e-11	4.3219e-12	1.9518e-11	4.8796e-12	1.9518e-11	7.3891e-12	1.2269e-11	2.5095e-12	1.2408e-11	1.8124e-12	1.1293e-11	1.0177e-12	1.1293e-11	3.9037e-12	1.673e-11	1.1014e-11	2.0912e-11	3.9037e-12	6.8314e-12	2.0912e-12	1.9518e-11	1.0177e-12	1.1293e-12	6.8314e-13
5511.36	0.039902	0.0037909	1.7246e-05	9.7466e-06	2.5836e-05	0.00010388	2.5712e-05	0.00010329	1.8938e-06	1.6035e-05	2.9155e-06	2.1838e-05	3.5439e-06	1.6782e-05	6.1566e-07	3.3091e-06	6.3641e-07	1.4382e-06	9.8303e-07	2.8115e-06	4.6196e-07	1.4279e-06	7.1768e-07	1.5783e-06	1.1386e-06	1.3544e-05	8.3479e-08	6.7888e-07	9.2097e-09	1.1918e-08	8.8034e-10	1.8961e-09	1.2054e-10	7.0427e-10	1.3137e-10	3.6568e-10	1.1918e-10	3.9277e-10	8.8034e-11	2.167e-10	3.9277e-11	1.097e-10	1.2867e-11	4.1985e-11	2.167e-11	6.2301e-11	2.0316e-11	5.4175e-11	1.1918e-11	6.3655e-11	1.3408e-11	7.7199e-11	1.4898e-11	3.6568e-11	8.8034e-12	9.0743e-11	8.1262e-12	2.4379e-11	5.8238e-12	2.167e-11	2.5733e-12	2.4379e-11	4.1985e-12	1.8961e-11	4.7403e-12	1.8961e-11	7.1782e-12	1.1918e-11	2.4379e-12	1.2054e-11	1.7607e-12	1.097e-11	9.8869e-13	1.097e-11	3.7922e-12	1.6252e-11	1.07e-11	2.0316e-11	3.7922e-12	6.6364e-12	2.0316e-12	1.8961e-11	9.8869e-13	1.097e-12	6.6364e-13
5587.95	0.038956	0.0036957	1.6732e-05	9.436e-06	2.4981e-05	0.00010127	2.5025e-05	0.00010077	1.8396e-06	1.563e-05	2.835e-06	2.1296e-05	3.45e-06	1.6383e-05	5.9874e-07	3.2288e-06	6.183e-07	1.3924e-06	9.5537e-07	2.7414e-06	4.4741e-07	1.3813e-06	6.9462e-07	1.5286e-06	1.1046e-06	1.3156e-05	8.0959e-08	6.6245e-07	8.9461e-09	1.1577e-08	8.5514e-10	1.8419e-09	1.1709e-10	6.8412e-10	1.2761e-10	3.5521e-10	1.1577e-10	3.8153e-10	8.5514e-11	2.105e-10	3.8153e-11	1.0656e-10	1.2498e-11	4.0784e-11	2.105e-11	6.0518e-11	1.9734e-11	5.2624e-11	1.1577e-11	6.1834e-11	1.3025e-11	7.499e-11	1.4472e-11	3.5521e-11	8.5514e-12	8.8146e-11	7.8936e-12	2.3681e-11	5.6571e-12	2.105e-11	2.4997e-12	2.3681e-11	4.0784e-12	1.8419e-11	4.6046e-12	1.8419e-11	6.9727e-12	1.1577e-11	2.3681e-12	1.1709e-11	1.7103e-12	1.0656e-11	9.6039e-13	1.0656e-11	3.6837e-12	1.5787e-11	1.0393e-11	1.9734e-11	3.6837e-12	6.4465e-12	1.9734e-12	1.8419e-11	9.6039e-13	1.0656e-12	6.4465e-13
5665.61	0.038017	0.0036017	1.6231e-05	9.1344e-06	2.4151e-05	9.8705e-05	2.4347e-05	9.8256e-05	1.7804e-06	1.523e-05	2.7559e-06	2.0771e-05	3.3589e-06	1.5983e-05	5.8191e-07	3.1487e-06	6.0065e-07	1.348e-06	9.2815e-07	2.6718e-06	4.3305e-07	1.3361e-06	6.7224e-07	1.4803e-06	1.0715e-06	1.2779e-05	7.8509e-08	6.4601e-07	8.6894e-09	1.1245e-08	8.3061e-10	1.789e-09	1.1373e-10	6.6449e-10	1.2395e-10	3.4502e-10	1.1245e-10	3.7058e-10	8.3061e-11	2.0446e-10	3.7058e-11	1.0351e-10	1.214e-11	3.9614e-11	2.0446e-11	5.8781e-11	1.9168e-11	5.1114e-11	1.1245e-11	6.0059e-11	1.2651e-11	7.2838e-11	1.4056e-11	3.4502e-11	8.3061e-12	8.5616e-11	7.6671e-12	2.3001e-11	5.4948e-12	2.0446e-11	2.4279e-12	2.3001e-11	3.9614e-12	1.789e-11	4.4725e-12	1.789e-11	6.7726e-12	1.1245e-11	2.3001e-12	1.1373e-11	1.6612e-12	1.0351e-11	9.3284e-13	1.0351e-11	3.578e-12	1.5334e-11	1.0095e-11	1.9168e-11	3.578e-12	6.2615e-12	1.9168e-12	1.789e-11	9.3284e-13	1.0351e-12	6.2615e-13
5744.35	0.037063	0.0035106	1.5745e-05	8.8417e-06	2.3348e-05	9.6208e-05	2.3692e-05	9.5834e-05	1.7212e-06	1.4842e-05	2.6685e-06	2.0243e-05	3.2644e-06	1.5599e-05	5.6538e-07	3.0712e-06	5.814e-07	1.3048e-06	9.0164e-07	2.6043e-06	4.1912e-07	1.2923e-06	6.5053e-07	1.4334e-06	1.0394e-06	1.2411e-05	7.6126e-08	6.2746e-07	8.4395e-09	1.0922e-08	8.0671e-10	1.7375e-09	1.1046e-10	6.4537e-10	1.2039e-10	3.351e-10	1.0922e-10	3.5992e-10	8.0671e-11	1.9858e-10	3.5992e-11	1.0053e-10	1.179e-11	3.8474e-11	1.9858e-11	5.709e-11	1.8616e-11	4.9644e-11	1.0922e-11	5.8332e-11	1.2287e-11	7.0742e-11	1.3652e-11	3.351e-11	8.0671e-12	8.3153e-11	7.4466e-12	2.234e-11	5.3367e-12	1.9858e-11	2.3581e-12	2.234e-11	3.8474e-12	1.7375e-11	4.3438e-12	1.7375e-11	6.5778e-12	1.0922e-11	2.234e-12	1.1046e-11	1.6134e-12	1.0053e-11	9.06e-13	1.0053e-11	3.4751e-12	1.4893e-11	9.8047e-12	1.8616e-11	3.4751e-12	6.0814e-12	1.8616e-12	1.7375e-11	9.06e-13	1.0053e-12	6.0814e-13
5824.18	0.03613	0.0034191	1.5271e-05	8.5577e-06	2.2568e-05	9.3697e-05	2.3036e-05	9.3403e-05	1.6638e-06	1.4455e-05	2.5824e-06	1.9729e-05	3.1628e-06	1.5209e-05	5.4715e-07	2.9929e-06	5.6211e-07	1.2629e-06	8.7294e-07	2.5362e-06	4.056e-07	1.2499e-06	6.2948e-07	1.3879e-06	1.0081e-06	1.2053e-05	7.381e-08	6.0941e-07	8.1961e-09	1.0607e-08	7.8345e-10	1.6874e-09	1.0727e-10	6.2676e-10	1.1691e-10	3.2543e-10	1.0607e-10	3.4954e-10	7.8345e-11	1.9285e-10	3.4954e-11	9.7629e-11	1.145e-11	3.7364e-11	1.9285e-11	5.5444e-11	1.808e-11	4.8212e-11	1.0607e-11	5.6649e-11	1.1932e-11	6.8702e-11	1.3258e-11	3.2543e-11	7.8345e-12	8.0755e-11	7.2318e-12	2.1695e-11	5.1828e-12	1.9285e-11	2.2901e-12	2.1695e-11	3.7364e-12	1.6874e-11	4.2186e-12	1.6874e-11	6.3881e-12	1.0607e-11	2.1695e-12	1.0727e-11	1.5669e-12	9.7629e-12	8.7987e-13	9.7629e-12	3.3748e-12	1.4464e-11	9.5219e-12	1.808e-11	3.3748e-12	5.906e-12	1.808e-12	1.6874e-11	8.7987e-13	9.7629e-13	5.906e-13
5905.12	0.035239	0.0033301	1.4811e-05	8.282e-06	2.1813e-05	9.1263e-05	2.2398e-05	9.1022e-05	1.6081e-06	1.4073e-05	2.4989e-06	1.9196e-05	3.0641e-06	1.483e-05	5.2922e-07	2.9167e-06	5.4341e-07	1.2223e-06	8.4387e-07	2.4701e-06	3.9249e-07	1.2087e-06	6.0905e-07	1.3437e-06	9.7773e-07	1.1705e-05	7.1558e-08	5.9182e-07	7.9591e-09	1.03e-08	7.6079e-10	1.6386e-09	1.0417e-10	6.0864e-10	1.1353e-10	3.1602e-10	1.03e-10	3.3943e-10	7.6079e-11	1.8727e-10	3.3943e-11	9.4807e-11	1.1119e-11	3.6284e-11	1.8727e-11	5.3841e-11	1.7557e-11	4.6818e-11	1.03e-11	5.5011e-11	1.1587e-11	6.6716e-11	1.2875e-11	3.1602e-11	7.6079e-12	7.842e-11	7.0227e-12	2.1068e-11	5.0329e-12	1.8727e-11	2.2239e-12	2.1068e-11	3.6284e-12	1.6386e-11	4.0966e-12	1.6386e-11	6.2034e-12	1.03e-11	2.1068e-12	1.0417e-11	1.5216e-12	9.4807e-12	8.5443e-13	9.4807e-12	3.2773e-12	1.4045e-11	9.2466e-12	1.7557e-11	3.2773e-12	5.7352e-12	1.7557e-12	1.6386e-11	8.5443e-13	9.4807e-13	5.7352e-13
5987.19	0.034362	0.0032377	1.4364e-05	8.0146e-06	2.1082e-05	8.8724e-05	2.1742e-05	8.8573e-05	1.5542e-06	1.3644e-05	2.4179e-06	1.8618e-05	2.9683e-06	1.4423e-05	5.1184e-07	2.8366e-06	5.2529e-07	1.1828e-06	8.157e-07	2.4007e-06	3.7977e-07	1.1688e-06	5.8924e-07	1.3009e-06	9.4818e-07	1.1365e-05	6.9369e-08	5.747e-07	7.7284e-09	1.0001e-08	7.3874e-10	1.5911e-09	1.0115e-10	5.9099e-10	1.1024e-10	3.0686e-10	1.0001e-10	3.2959e-10	7.3874e-11	1.8184e-10	3.2959e-11	9.2059e-11	1.0797e-11	3.5232e-11	1.8184e-11	5.228e-11	1.7048e-11	4.5461e-11	1.0001e-11	5.3417e-11	1.1252e-11	6.4782e-11	1.2502e-11	3.0686e-11	7.3874e-12	7.6147e-11	6.8192e-12	2.0457e-11	4.8871e-12	1.8184e-11	2.1594e-12	2.0457e-11	3.5232e-12	1.5911e-11	3.9778e-12	1.5911e-11	6.0236e-12	1.0001e-11	2.0457e-12	1.0115e-11	1.4775e-12	9.2059e-12	8.2966e-13	9.2059e-12	3.1823e-12	1.3638e-11	8.9786e-12	1.7048e-11	3.1823e-12	5.569e-12	1.7048e-12	1.5911e-11	8.2966e-13	9.2059e-13	5.569e-13
6070.39	0.033554	0.0031382	1.3929e-05	7.7551e-06	2.0373e-05	8.5999e-05	2.1038e-05	8.5903e-05	1.502e-06	1.3225e-05	2.3394e-06	1.8056e-05	2.8753e-06	1.3997e-05	4.9498e-07	2.7513e-06	5.0773e-07	1.1446e-06	7.884e-07	2.3271e-06	3.6743e-07	1.1301e-06	5.7003e-07	1.2593e-06	9.1946e-07	1.1035e-05	6.7242e-08	5.5804e-07	7.5038e-09	9.7108e-09	7.1728e-10	1.5449e-09	9.8212e-11	5.7382e-10	1.0704e-10	2.9795e-10	9.7108e-11	3.2002e-10	7.1728e-11	1.7656e-10	3.2002e-11	8.9384e-11	1.0483e-11	3.4209e-11	1.7656e-11	5.0761e-11	1.6553e-11	4.414e-11	9.7108e-12	5.1865e-11	1.0925e-11	6.29e-11	1.2139e-11	2.9795e-11	7.1728e-12	7.3935e-11	6.621e-12	1.9863e-11	4.7451e-12	1.7656e-11	2.0967e-12	1.9863e-11	3.4209e-12	1.5449e-11	3.8623e-12	1.5449e-11	5.8486e-12	9.7108e-12	1.9863e-12	9.8212e-12	1.4346e-12	8.9384e-12	8.0556e-13	8.9384e-12	3.0898e-12	1.3242e-11	8.7177e-12	1.6553e-11	3.0898e-12	5.4072e-12	1.6553e-12	1.5449e-11	8.0556e-13	8.9384e-13	5.4072e-13
6154.76	0.032791	0.0030415	1.3506e-05	7.5034e-06	1.9687e-05	8.3352e-05	2.0355e-05	8.3308e-05	1.4514e-06	1.2818e-05	2.2632e-06	1.751e-05	2.785e-06	1.3582e-05	4.7864e-07	2.6684e-06	4.9071e-07	1.1075e-06	7.6195e-07	2.2555e-06	3.5547e-07	1.0926e-06	5.514e-07	1.2189e-06	8.9154e-07	1.0714e-05	6.5175e-08	5.4182e-07	7.2853e-09	9.428e-09	6.9639e-10	1.4999e-09	9.5351e-11	5.5711e-10	1.0392e-10	2.8927e-10	9.428e-11	3.107e-10	6.9639e-11	1.7142e-10	3.107e-11	8.678e-11	1.0178e-11	3.3212e-11	1.7142e-11	4.9283e-11	1.607e-11	4.2855e-11	9.428e-12	5.0354e-11	1.0606e-11	6.1068e-11	1.1785e-11	2.8927e-11	6.9639e-12	7.1781e-11	6.4282e-12	1.9285e-11	4.6069e-12	1.7142e-11	2.0356e-12	1.9285e-11	3.3212e-12	1.4999e-11	3.7498e-12	1.4999e-11	5.6782e-12	9.428e-12	1.9285e-12	9.5351e-12	1.3928e-12	8.678e-12	7.821e-13	8.678e-12	2.9998e-12	1.2856e-11	8.4638e-12	1.607e-11	2.9998e-12	5.2497e-12	1.607e-12	1.4999e-11	7.821e-13	8.678e-13	5.2497e-13
6240.29	0.031995	0.0029476	1.3095e-05	7.2593e-06	1.9022e-05	8.078e-05	1.9693e-05	8.0785e-05	1.4024e-06	1.2422e-05	2.1893e-06	1.698e-05	2.6973e-06	1.3179e-05	4.628e-07	2.5878e-06	4.7422e-07	1.0714e-06	7.3632e-07	2.1859e-06	3.4386e-07	1.0563e-06	5.3334e-07	1.1797e-06	8.644e-07	1.0401e-05	6.3167e-08	5.2603e-07	7.0726e-09	9.1527e-09	6.7605e-10	1.4561e-09	9.2568e-11	5.4084e-10	1.0089e-10	2.8082e-10	9.1527e-11	3.0162e-10	6.7605e-11	1.6641e-10	3.0162e-11	8.4247e-11	9.8808e-12	3.2243e-11	1.6641e-11	4.7844e-11	1.5601e-11	4.1603e-11	9.1527e-12	4.8884e-11	1.0297e-11	5.9285e-11	1.1441e-11	2.8082e-11	6.7605e-12	6.9686e-11	6.2405e-12	1.8722e-11	4.4724e-12	1.6641e-11	1.9762e-12	1.8722e-11	3.2243e-12	1.4561e-11	3.6403e-12	1.4561e-11	5.5124e-12	9.1527e-12	1.8722e-12	9.2568e-12	1.3521e-12	8.4247e-12	7.5926e-13	8.4247e-12	2.9122e-12	1.2481e-11	8.2167e-12	1.5601e-11	2.9122e-12	5.0964e-12	1.5601e-12	1.4561e-11	7.5926e-13	8.4247e-13	5.0964e-13
6327.01	0.031229	0.0028564	1.2696e-05	7.0225e-06	1.8378e-05	7.8282e-05	1.9051e-05	7.8332e-05	1.355e-06	1.2038e-05	2.1177e-06	1.6464e-05	2.6121e-06	1.2787e-05	4.4745e-07	2.5095e-06	4.5825e-07	1.0365e-06	7.115e-07	2.1184e-06	3.3261e-07	1.0211e-06	5.1584e-07	1.1417e-06	8.3803e-07	1.0096e-05	6.1215e-08	5.1067e-07	6.8656e-09	8.8849e-09	6.5627e-10	1.4135e-09	8.9859e-11	5.2502e-10	9.7936e-11	2.726e-10	8.8849e-11	2.928e-10	6.5627e-11	1.6154e-10	2.928e-11	8.1781e-11	9.5916e-12	3.1299e-11	1.6154e-11	4.6444e-11	1.5145e-11	4.0386e-11	8.8849e-12	4.7453e-11	9.9955e-12	5.755e-11	1.1106e-11	2.726e-11	6.5627e-12	6.7646e-11	6.0579e-12	1.8174e-11	4.3415e-12	1.6154e-11	1.9183e-12	1.8174e-11	3.1299e-12	1.4135e-11	3.5338e-12	1.4135e-11	5.3511e-12	8.8849e-12	1.8174e-12	8.9859e-12	1.3125e-12	8.1781e-12	7.3704e-13	8.1781e-12	2.827e-12	1.2116e-11	7.9762e-12	1.5145e-11	2.827e-12	4.9473e-12	1.5145e-12	1.4135e-11	7.3704e-13	8.1781e-13	4.9473e-13
6414.94	0.030439	0.0027678	1.2308e-05	6.7929e-06	1.7754e-05	7.5855e-05	1.8428e-05	7.5949e-05	1.309e-06	1.1664e-05	2.0482e-06	1.5963e-05	2.5295e-06	1.2405e-05	4.3257e-07	2.4333e-06	4.4278e-07	1.0027e-06	6.8745e-07	2.0527e-06	3.2171e-07	9.8694e-07	4.9886e-07	1.1049e-06	8.1241e-07	9.8003e-06	5.932e-08	4.9572e-07	6.6642e-09	8.6243e-09	6.3702e-10	1.372e-09	8.7223e-11	5.0962e-10	9.5063e-11	2.6461e-10	8.6243e-11	2.8421e-10	6.3702e-11	1.568e-10	2.8421e-11	7.9382e-11	9.3103e-12	3.0381e-11	1.568e-11	4.5081e-11	1.47e-11	3.9201e-11	8.6243e-12	4.6061e-11	9.7023e-12	5.5862e-11	1.078e-11	2.6461e-11	6.3702e-12	6.5662e-11	5.8802e-12	1.7641e-11	4.2141e-12	1.568e-11	1.8621e-12	1.7641e-11	3.0381e-12	1.372e-11	3.4301e-12	1.372e-11	5.1942e-12	8.6243e-12	1.7641e-12	8.7223e-12	1.274e-12	7.9382e-12	7.1542e-13	7.9382e-12	2.7441e-12	1.176e-11	7.7422e-12	1.47e-11	2.7441e-12	4.8021e-12	1.47e-12	1.372e-11	7.1542e-13	7.9382e-13	4.8021e-13
6504.09	0.029676	0.0026817	1.1931e-05	6.5703e-06	1.7151e-05	7.3498e-05	1.7825e-05	7.3633e-05	1.2645e-06	1.1302e-05	1.9809e-06	1.5476e-05	2.4493e-06	1.2034e-05	4.1815e-07	2.3593e-06	4.278e-07	9.6982e-07	6.6417e-07	1.989e-06	3.1113e-07	9.539e-07	4.8242e-07	1.0691e-06	7.8751e-07	9.5122e-06	5.7479e-08	4.8117e-07	6.4683e-09	8.3707e-09	6.1829e-10	1.3317e-09	8.4658e-11	4.9463e-10	9.2268e-11	2.5683e-10	8.3707e-11	2.7585e-10	6.1829e-11	1.5219e-10	2.7585e-11	7.7049e-11	9.0366e-12	2.9488e-11	1.5219e-11	4.3756e-11	1.4268e-11	3.8049e-11	8.3707e-12	4.4707e-11	9.417e-12	5.4219e-11	1.0463e-11	2.5683e-11	6.1829e-12	6.3731e-11	5.7073e-12	1.7122e-11	4.0902e-12	1.5219e-11	1.8073e-12	1.7122e-11	2.9488e-12	1.3317e-11	3.3293e-12	1.3317e-11	5.0414e-12	8.3707e-12	1.7122e-12	8.4658e-12	1.2366e-12	7.7049e-12	6.9439e-13	7.7049e-12	2.6634e-12	1.1415e-11	7.5146e-12	1.4268e-11	2.6634e-12	4.661e-12	1.4268e-12	1.3317e-11	6.9439e-13	7.7049e-13	4.661e-13
6594.48	0.02893	0.0025982	1.1564e-05	6.3545e-06	1.6566e-05	7.1209e-05	1.7239e-05	7.1382e-05	1.2215e-06	1.0949e-05	1.9157e-06	1.5002e-05	2.3715e-06	1.1674e-05	4.0418e-07	2.2874e-06	4.1328e-07	9.3799e-07	6.4162e-07	1.9271e-06	3.0088e-07	9.2189e-07	4.6648e-07	1.0345e-06	7.6333e-07	9.2319e-06	5.569e-08	4.6702e-07	6.2777e-09	8.124e-09	6.0007e-10	1.2925e-09	8.2163e-11	4.8006e-10	8.9549e-11	2.4926e-10	8.124e-11	2.6772e-10	6.0007e-11	1.4771e-10	2.6772e-11	7.4778e-11	8.7703e-12	2.8619e-11	1.4771e-11	4.2467e-11	1.3848e-11	3.6927e-11	8.124e-12	4.339e-11	9.1395e-12	5.2622e-11	1.0155e-11	2.4926e-11	6.0007e-12	6.1853e-11	5.5391e-12	1.6617e-11	3.9697e-12	1.4771e-11	1.7541e-12	1.6617e-11	2.8619e-12	1.2925e-11	3.2311e-12	1.2925e-11	4.8929e-12	8.124e-12	1.6617e-12	8.2164e-12	1.2001e-12	7.4778e-12	6.7393e-13	7.4778e-12	2.5849e-12	1.1078e-11	7.2932e-12	1.3848e-11	2.5849e-12	4.5236e-12	1.3848e-12	1.2925e-11	6.7393e-13	7.4778e-13	4.5236e-13
6686.13	0.028211	0.002517	1.1208e-05	6.1453e-06	1.6e-05	6.8986e-05	1.6672e-05	6.9195e-05	1.1798e-06	1.0607e-05	1.8524e-06	1.4542e-05	2.2959e-06	1.1323e-05	3.9065e-07	2.2174e-06	3.9923e-07	9.0713e-07	6.1979e-07	1.867e-06	2.9095e-07	8.9088e-07	4.5103e-07	1.0009e-06	7.3983e-07	8.9592e-06	5.3954e-08	4.5325e-07	6.0923e-09	7.8841e-09	5.8235e-10	1.2543e-09	7.9737e-11	4.6588e-10	8.6904e-11	2.419e-10	7.8841e-11	2.5982e-10	5.8235e-11	1.4335e-10	2.5982e-11	7.2569e-11	8.5112e-12	2.7773e-11	1.4335e-11	4.1212e-11	1.3439e-11	3.5837e-11	7.8841e-12	4.2108e-11	8.8696e-12	5.1067e-11	9.8551e-12	2.419e-11	5.8235e-12	6.0027e-11	5.3755e-12	1.6127e-11	3.8525e-12	1.4335e-11	1.7022e-12	1.6127e-11	2.7773e-12	1.2543e-11	3.1357e-12	1.2543e-11	4.7484e-12	7.8841e-12	1.6127e-12	7.9737e-12	1.1647e-12	7.2569e-12	6.5402e-13	7.2569e-12	2.5086e-12	1.0751e-11	7.0778e-12	1.3439e-11	2.5086e-12	4.39e-12	1.3439e-12	1.2543e-11	6.5402e-13	7.2569e-13	4.39e-13
6779.05	0.027521	0.0024382	1.0863e-05	5.9425e-06	1.5452e-05	6.6828e-05	1.6122e-05	6.7071e-05	1.1394e-06	1.0275e-05	1.7911e-06	1.4096e-05	2.2226e-06	1.0982e-05	3.7754e-07	2.1495e-06	3.8563e-07	8.7721e-07	5.9865e-07	1.8086e-06	2.8132e-07	8.6086e-07	4.3606e-07	9.6829e-07	7.1701e-07	8.694e-06	5.2267e-08	4.3986e-07	5.9119e-09	7.6507e-09	5.6511e-10	1.2172e-09	7.7377e-11	4.5209e-10	8.4332e-11	2.3474e-10	7.6507e-11	2.5213e-10	5.6511e-11	1.391e-10	2.5213e-11	7.0421e-11	8.2593e-12	2.6951e-11	1.391e-11	3.9992e-11	1.3041e-11	3.4776e-11	7.6507e-12	4.0862e-11	8.6071e-12	4.9556e-11	9.5634e-12	2.3474e-11	5.6511e-12	5.825e-11	5.2164e-12	1.5649e-11	3.7384e-12	1.391e-11	1.6519e-12	1.5649e-11	2.6951e-12	1.2172e-11	3.0429e-12	1.2172e-11	4.6078e-12	7.6507e-12	1.5649e-12	7.7377e-12	1.1302e-12	7.0421e-12	6.3466e-13	7.0421e-12	2.4343e-12	1.0433e-11	6.8683e-12	1.3041e-11	2.4343e-12	4.2601e-12	1.3041e-12	1.2172e-11	6.3466e-13	7.0421e-13	4.2601e-13
6873.26	0.026883	0.0023618	1.0527e-05	5.746e-06	1.4922e-05	6.4733e-05	1.5589e-05	6.5007e-05	1.1003e-06	9.9531e-06	1.7317e-06	1.3662e-05	2.1515e-06	1.0651e-05	3.6485e-07	2.0835e-06	3.7245e-07	8.4822e-07	5.7819e-07	1.7519e-06	2.72e-07	8.3178e-07	4.2156e-07	9.3669e-07	6.9485e-07	8.4361e-06	5.063e-08	4.2683e-07	5.7365e-09	7.4238e-09	5.4835e-10	1.1811e-09	7.5081e-11	4.3868e-10	8.183e-11	2.2777e-10	7.4238e-11	2.4465e-10	5.4835e-11	1.3498e-10	2.4465e-11	6.8332e-11	8.0143e-12	2.6152e-11	1.3498e-11	3.8806e-11	1.2654e-11	3.3744e-11	7.4238e-12	3.965e-11	8.3517e-12	4.8086e-11	9.2797e-12	2.2777e-11	5.4835e-12	5.6522e-11	5.0616e-12	1.5185e-11	3.6275e-12	1.3498e-11	1.6029e-12	1.5185e-11	2.6152e-12	1.1811e-11	2.9526e-12	1.1811e-11	4.4711e-12	7.4238e-12	1.5185e-12	7.5081e-12	1.0967e-12	6.8332e-12	6.1583e-13	6.8332e-12	2.3621e-12	1.0123e-11	6.6645e-12	1.2654e-11	2.3621e-12	4.1337e-12	1.2654e-12	1.1811e-11	6.1583e-13	6.8332e-13	4.1337e-13
6968.78	0.026235	0.0022875	1.0201e-05	5.5555e-06	1.4409e-05	6.2699e-05	1.5073e-05	6.3002e-05	1.0625e-06	9.6403e-06	1.6742e-06	1.324e-05	2.0826e-06	1.0329e-05	3.5255e-07	2.0194e-06	3.597e-07	8.2012e-07	5.5838e-07	1.6969e-06	2.6296e-07	8.0362e-07	4.0751e-07	9.0606e-07	6.7332e-07	8.1853e-06	4.904e-08	4.1416e-07	5.566e-09	7.203e-09	5.3204e-10	1.1459e-09	7.2849e-11	4.2563e-10	7.9397e-11	2.21e-10	7.203e-11	2.3737e-10	5.3204e-11	1.3096e-10	2.3737e-11	6.6301e-11	7.776e-12	2.5374e-11	1.3096e-11	3.7652e-11	1.2278e-11	3.2741e-11	7.203e-12	3.8471e-11	8.1034e-12	4.6656e-11	9.0038e-12	2.21e-11	5.3204e-12	5.4841e-11	4.9112e-12	1.4733e-11	3.5197e-12	1.3096e-11	1.5552e-12	1.4733e-11	2.5374e-12	1.1459e-11	2.8648e-12	1.1459e-11	4.3382e-12	7.203e-12	1.4733e-12	7.2849e-12	1.0641e-12	6.6301e-12	5.9752e-13	6.6301e-12	2.2919e-12	9.8223e-12	6.4664e-12	1.2278e-11	2.2919e-12	4.0108e-12	1.2278e-12	1.1459e-11	5.9752e-13	6.6301e-13	4.0108e-13
7065.63	0.025605	0.0022154	9.8842e-06	5.3709e-06	1.3913e-05	6.0725e-05	1.4573e-05	6.1055e-05	1.0259e-06	9.3366e-06	1.6185e-06	1.2831e-05	2.0157e-06	1.0016e-05	3.4064e-07	1.9571e-06	3.4736e-07	7.9289e-07	5.3921e-07	1.6435e-06	2.542e-07	7.7637e-07	3.939e-07	8.7637e-07	6.5242e-07	7.9414e-06	4.7497e-08	4.0184e-07	5.4001e-09	6.9884e-09	5.1619e-10	1.1118e-09	7.0678e-11	4.1295e-10	7.7032e-11	2.1442e-10	6.9884e-11	2.303e-10	5.1619e-11	1.2706e-10	2.303e-11	6.4325e-11	7.5443e-12	2.4618e-11	1.2706e-11	3.653e-11	1.1912e-11	3.1766e-11	6.9884e-12	3.7325e-11	7.862e-12	4.5266e-11	8.7355e-12	2.1442e-11	5.1619e-12	5.3207e-11	4.7648e-12	1.4295e-11	3.4148e-12	1.2706e-11	1.5089e-12	1.4295e-11	2.4618e-12	1.1118e-11	2.7795e-12	1.1118e-11	4.2089e-12	6.9884e-12	1.4295e-12	7.0678e-12	1.0324e-12	6.4325e-12	5.7972e-13	6.4325e-12	2.2236e-12	9.5297e-12	6.2737e-12	1.1912e-11	2.2236e-12	3.8913e-12	1.1912e-12	1.1118e-11	5.7972e-13	6.4325e-13	3.8913e-13
7163.82	0.024936	0.0021455	9.5768e-06	5.1921e-06	1.3432e-05	5.8809e-05	1.4088e-05	5.9164e-05	9.905e-07	9.0419e-06	1.5645e-06	1.2433e-05	1.9508e-06	9.7113e-06	3.2911e-07	1.8966e-06	3.3542e-07	7.6651e-07	5.2066e-07	1.5917e-06	2.4572e-07	7.4998e-07	3.8072e-07	8.476e-07	6.3213e-07	7.7043e-06	4.5999e-08	3.8987e-07	5.2389e-09	6.7798e-09	5.0078e-10	1.0786e-09	6.8568e-11	4.0062e-10	7.4732e-11	2.0802e-10	6.7798e-11	2.2342e-10	5.0078e-11	1.2327e-10	2.2342e-11	6.2405e-11	7.3191e-12	2.3883e-11	1.2327e-11	3.544e-11	1.1556e-11	3.0817e-11	6.7798e-12	3.621e-11	7.6272e-12	4.3914e-11	8.4747e-12	2.0802e-11	5.0078e-12	5.1619e-11	4.6226e-12	1.3868e-11	3.3128e-12	1.2327e-11	1.4638e-12	1.3868e-11	2.3883e-12	1.0786e-11	2.6965e-12	1.0786e-11	4.0833e-12	6.7798e-12	1.3868e-12	6.8568e-12	1.0016e-12	6.2405e-12	5.6241e-13	6.2405e-12	2.1572e-12	9.2451e-12	6.0864e-12	1.1556e-11	2.1572e-12	3.7751e-12	1.1556e-12	1.0786e-11	5.6241e-13	6.2405e-13	3.7751e-13
7263.38	0.024334	0.0020776	9.2783e-06	5.0189e-06	1.2968e-05	5.695e-05	1.3618e-05	5.7328e-05	9.5625e-07	8.7558e-06	1.5121e-06	1.2047e-05	1.8878e-06	9.4158e-06	3.1795e-07	1.8379e-06	3.2386e-07	7.4095e-07	5.027e-07	1.5414e-06	2.375e-07	7.2443e-07	3.6795e-07	8.1971e-07	6.1243e-07	7.4738e-06	4.4546e-08	3.7822e-07	5.0822e-09	6.5769e-09	4.8579e-10	1.0463e-09	6.6517e-11	3.8864e-10	7.2496e-11	2.0179e-10	6.5769e-11	2.1674e-10	4.8579e-11	1.1958e-10	2.1674e-11	6.0537e-11	7.1001e-12	2.3169e-11	1.1958e-11	3.4379e-11	1.1211e-11	2.9895e-11	6.5769e-12	3.5127e-11	7.399e-12	4.26e-11	8.2211e-12	2.0179e-11	4.8579e-12	5.0074e-11	4.4843e-12	1.3453e-11	3.2137e-12	1.1958e-11	1.42e-12	1.3453e-11	2.3169e-12	1.0463e-11	2.6158e-12	1.0463e-11	3.9611e-12	6.5769e-12	1.3453e-12	6.6517e-12	9.7159e-13	6.0537e-12	5.4558e-13	6.0537e-12	2.0927e-12	8.9685e-12	5.9043e-12	1.1211e-11	2.0927e-12	3.6621e-12	1.1211e-12	1.0463e-11	5.4558e-13	6.0537e-13	3.6621e-13
7364.32	0.023758	0.0020118	8.9885e-06	4.8511e-06	1.2518e-05	5.5145e-05	1.3163e-05	5.5545e-05	9.2311e-07	8.4783e-06	1.4615e-06	1.1672e-05	1.8268e-06	9.1286e-06	3.0714e-07	1.7809e-06	3.1268e-07	7.1619e-07	4.8534e-07	1.4926e-06	2.2954e-07	6.9971e-07	3.5559e-07	7.9269e-07	5.933e-07	7.2497e-06	4.3135e-08	3.669e-07	4.9298e-09	6.3797e-09	4.7123e-10	1.015e-09	6.4522e-11	3.7698e-10	7.0322e-11	1.9574e-10	6.3797e-11	2.1024e-10	4.7123e-11	1.1599e-10	2.1024e-11	5.8722e-11	6.8872e-12	2.2474e-11	1.1599e-11	3.3349e-11	1.0875e-11	2.8999e-11	6.3797e-12	3.4073e-11	7.1772e-12	4.1323e-11	7.9746e-12	1.9574e-11	4.7123e-12	4.8573e-11	4.3498e-12	1.3049e-11	3.1174e-12	1.1599e-11	1.3774e-12	1.3049e-11	2.2474e-12	1.015e-11	2.5374e-12	1.015e-11	3.8423e-12	6.3797e-12	1.3049e-12	6.4522e-12	9.4246e-13	5.8722e-12	5.2923e-13	5.8722e-12	2.0299e-12	8.6996e-12	5.7272e-12	1.0875e-11	2.0299e-12	3.5523e-12	1.0875e-12	1.015e-11	5.2923e-13	5.8722e-13	3.5523e-13
7466.67	0.023158	0.0019479	8.7072e-06	4.6886e-06	1.2083e-05	5.3394e-05	1.2722e-05	5.3814e-05	8.9106e-07	8.209e-06	1.4124e-06	1.1308e-05	1.7677e-06	8.8497e-06	2.9668e-07	1.7255e-06	3.0186e-07	6.9221e-07	4.6853e-07	1.4452e-06	2.2184e-07	6.7578e-07	3.4362e-07	7.665e-07	5.7473e-07	7.0319e-06	4.1766e-08	3.5589e-07	4.7817e-09	6.188e-09	4.5707e-10	9.8446e-10	6.2584e-11	3.6566e-10	6.8209e-11	1.8986e-10	6.188e-11	2.0392e-10	4.5707e-11	1.1251e-10	2.0392e-11	5.6958e-11	6.6803e-12	2.1799e-11	1.1251e-11	3.2347e-11	1.0548e-11	2.8127e-11	6.188e-12	3.305e-11	6.9615e-12	4.0082e-11	7.7351e-12	1.8986e-11	4.5707e-12	4.7114e-11	4.2191e-12	1.2657e-11	3.0237e-12	1.1251e-11	1.3361e-12	1.2657e-11	2.1799e-12	9.8446e-12	2.4612e-12	9.8446e-12	3.7269e-12	6.188e-12	1.2657e-12	6.2584e-12	9.1414e-13	5.6958e-12	5.1333e-13	5.6958e-12	1.9689e-12	8.4382e-12	5.5552e-12	1.0548e-11	1.9689e-12	3.4456e-12	1.0548e-12	9.8446e-12	5.1333e-13	5.6958e-13	3.4456e-13
7570.44	0.022588	0.0018859	8.4342e-06	4.5311e-06	1.1663e-05	5.1696e-05	1.2296e-05	5.2134e-05	8.6006e-07	7.9477e-06	1.3649e-06	1.0955e-05	1.7103e-06	8.5787e-06	2.8655e-07	1.6717e-06	2.9139e-07	6.6898e-07	4.5228e-07	1.3992e-06	2.1437e-07	6.5263e-07	3.3203e-07	7.4113e-07	5.5671e-07	6.8202e-06	4.0438e-08	3.4519e-07	4.6377e-09	6.0018e-09	4.4331e-10	9.5482e-10	6.07e-11	3.5465e-10	6.6156e-11	1.8414e-10	6.0018e-11	1.9778e-10	4.4331e-11	1.0912e-10	1.9779e-11	5.5243e-11	6.4792e-12	2.1143e-11	1.0912e-11	3.1373e-11	1.023e-11	2.7281e-11	6.0018e-12	3.2055e-11	6.752e-12	3.8875e-11	7.5022e-12	1.8414e-11	4.4331e-12	4.5695e-11	4.0921e-12	1.2276e-11	2.9327e-12	1.0912e-11	1.2958e-12	1.2276e-11	2.1143e-12	9.5482e-12	2.3871e-12	9.5482e-12	3.6147e-12	6.0018e-12	1.2276e-12	6.07e-12	8.8662e-13	5.5243e-12	4.9787e-13	5.5243e-12	1.9096e-12	8.1842e-12	5.3879e-12	1.023e-11	1.9096e-12	3.3419e-12	1.023e-12	9.5482e-12	4.9787e-13	5.5243e-13	3.3419e-13
7675.65	0.022025	0.0018257	8.1692e-06	4.3787e-06	1.1256e-05	5.0048e-05	1.1882e-05	5.0503e-05	8.3007e-07	7.6943e-06	1.3189e-06	1.0612e-05	1.6547e-06	8.3154e-06	2.7675e-07	1.6195e-06	2.8127e-07	6.4649e-07	4.3655e-07	1.3547e-06	2.0715e-07	6.3023e-07	3.2081e-07	7.1655e-07	5.3922e-07	6.6144e-06	3.9149e-08	3.348e-07	4.4978e-09	5.8207e-09	4.2994e-10	9.2602e-10	5.8868e-11	3.4395e-10	6.416e-11	1.7859e-10	5.8207e-11	1.9182e-10	4.2994e-11	1.0583e-10	1.9182e-11	5.3577e-11	6.2837e-12	2.0505e-11	1.0583e-11	3.0426e-11	9.9217e-12	2.6458e-11	5.8207e-12	3.1088e-11	6.5483e-12	3.7702e-11	7.2759e-12	1.7859e-11	4.2994e-12	4.4317e-11	3.9687e-12	1.1906e-11	2.8442e-12	1.0583e-11	1.2567e-12	1.1906e-11	2.0505e-12	9.2602e-12	2.3151e-12	9.2602e-12	3.5057e-12	5.8207e-12	1.1906e-12	5.8868e-12	8.5988e-13	5.3577e-12	4.8285e-13	5.3577e-12	1.852e-12	7.9373e-12	5.2254e-12	9.9217e-12	1.852e-12	3.2411e-12	9.9217e-13	9.2602e-12	4.8285e-13	5.3577e-13	3.2411e-13
7782.32	0.021495	0.0017674	7.912e-06	4.2311e-06	1.0863e-05	4.8449e-05	1.1482e-05	4.892e-05	8.0108e-07	7.4484e-06	1.2744e-06	1.0279e-05	1.6008e-06	8.0598e-06	2.6726e-07	1.5688e-06	2.7148e-07	6.2471e-07	4.2135e-07	1.3114e-06	2.0015e-07	6.0855e-07	3.0995e-07	6.9274e-07	5.2225e-07	6.4145e-06	3.7899e-08	3.2469e-07	4.3619e-09	5.6448e-09	4.1694e-10	8.9803e-10	5.7089e-11	3.3355e-10	6.2221e-11	1.7319e-10	5.6448e-11	1.8602e-10	4.1694e-11	1.0263e-10	1.8602e-11	5.1958e-11	6.0938e-12	1.9885e-11	1.0263e-11	2.9507e-11	9.6218e-12	2.5658e-11	5.6448e-12	3.0148e-11	6.3504e-12	3.6563e-11	7.056e-12	1.7319e-11	4.1694e-12	4.2977e-11	3.8487e-12	1.1546e-11	2.7582e-12	1.0263e-11	1.2188e-12	1.1546e-11	1.9885e-12	8.9803e-12	2.2451e-12	8.9803e-12	3.3997e-12	5.6448e-12	1.1546e-12	5.7089e-12	8.3389e-13	5.1958e-12	4.6826e-13	5.1958e-12	1.7961e-12	7.6974e-12	5.0675e-12	9.6218e-12	1.7961e-12	3.1431e-12	9.6218e-13	8.9803e-12	4.6826e-13	5.1958e-13	3.1431e-13
7890.47	0.020996	0.0017108	7.6625e-06	4.0882e-06	1.0482e-05	4.6899e-05	1.1095e-05	4.7383e-05	7.7305e-07	7.2099e-06	1.2313e-06	9.9559e-06	1.5485e-06	7.8115e-06	2.5809e-07	1.5196e-06	2.62e-07	6.0362e-07	4.0664e-07	1.2695e-06	1.9338e-07	5.8758e-07	2.9944e-07	6.6968e-07	5.0578e-07	6.2202e-06	3.6686e-08	3.1487e-07	4.2298e-09	5.4738e-09	4.0432e-10	8.7083e-10	5.536e-11	3.2345e-10	6.0336e-11	1.6795e-10	5.4738e-11	1.8039e-10	4.0432e-11	9.9524e-11	1.8039e-11	5.0384e-11	5.9092e-12	1.9283e-11	9.9524e-12	2.8613e-11	9.3304e-12	2.4881e-11	5.4738e-12	2.9235e-11	6.158e-12	3.5455e-11	6.8423e-12	1.6795e-11	4.0432e-12	4.1676e-11	3.7321e-12	1.1196e-11	2.6747e-12	9.9524e-12	1.1818e-12	1.1196e-11	1.9283e-12	8.7083e-12	2.1771e-12	8.7083e-12	3.2967e-12	5.4738e-12	1.1196e-12	5.536e-12	8.0863e-13	5.0384e-12	4.5408e-13	5.0384e-12	1.7417e-12	7.4643e-12	4.914e-12	9.3304e-12	1.7417e-12	3.0479e-12	9.3304e-13	8.7083e-12	4.5408e-13	5.0384e-13	3.0479e-13
8000.13	0.020508	0.0016559	7.4203e-06	3.9498e-06	1.0115e-05	4.5395e-05	1.072e-05	4.5892e-05	7.4594e-07	6.9787e-06	1.1895e-06	9.6424e-06	1.4979e-06	7.5703e-06	2.4921e-07	1.4719e-06	2.5285e-07	5.832e-07	3.9242e-07	1.2288e-06	1.8682e-07	5.6729e-07	2.8926e-07	6.4735e-07	4.898e-07	6.0315e-06	3.551e-08	3.0533e-07	4.1014e-09	5.3077e-09	3.9205e-10	8.4441e-10	5.368e-11	3.1364e-10	5.8506e-11	1.6285e-10	5.3077e-11	1.7491e-10	3.9205e-11	9.6504e-11	1.7491e-11	4.8855e-11	5.7299e-12	1.8698e-11	9.6504e-12	2.7745e-11	9.0473e-12	2.4126e-11	5.3077e-12	2.8348e-11	5.9712e-12	3.438e-11	6.6347e-12	1.6285e-11	3.9205e-12	4.0411e-11	3.6189e-12	1.0857e-11	2.5935e-12	9.6504e-12	1.146e-12	1.0857e-11	1.8698e-12	8.4441e-12	2.111e-12	8.4441e-12	3.1967e-12	5.3077e-12	1.0857e-12	5.368e-12	7.841e-13	4.8855e-12	4.403e-13	4.8855e-12	1.6888e-12	7.2378e-12	4.7649e-12	9.0473e-12	1.6888e-12	2.9554e-12	9.0473e-13	8.4441e-12	4.403e-13	4.8855e-13	2.9554e-13
8111.31	0.02001	0.0016027	7.1854e-06	3.8159e-06	9.759e-06	4.3937e-05	1.0357e-05	4.4445e-05	7.1974e-07	6.7544e-06	1.1491e-06	9.3382e-06	1.4488e-06	7.3362e-06	2.4062e-07	1.4255e-06	2.4399e-07	5.6343e-07	3.7867e-07	1.1893e-06	1.8048e-07	5.4767e-07	2.7941e-07	6.2572e-07	4.7429e-07	5.8481e-06	3.4369e-08	2.9606e-07	3.9767e-09	5.1464e-09	3.8013e-10	8.1874e-10	5.2048e-11	3.041e-10	5.6727e-11	1.579e-10	5.1464e-11	1.696e-10	3.8013e-11	9.357e-11	1.696e-11	4.737e-11	5.5557e-12	1.8129e-11	9.357e-12	2.6901e-11	8.7722e-12	2.3393e-11	5.1464e-12	2.7486e-11	5.7897e-12	3.3334e-11	6.433e-12	1.579e-11	3.8013e-12	3.9183e-11	3.5089e-12	1.0527e-11	2.5147e-12	9.357e-12	1.1111e-12	1.0527e-11	1.8129e-12	8.1874e-12	2.0468e-12	8.1874e-12	3.0995e-12	5.1464e-12	1.0527e-12	5.2048e-12	7.6026e-13	4.737e-12	4.2691e-13	4.737e-12	1.6375e-12	7.0178e-12	4.62e-12	8.7722e-12	1.6375e-12	2.8656e-12	8.7722e-13	8.1874e-12	4.2691e-13	4.737e-13	2.8656e-13
8224.03	0.019516	0.0015511	6.9575e-06	3.6862e-06	9.4154e-06	4.2523e-05	1.0005e-05	4.3041e-05	6.9441e-07	6.5369e-06	1.11e-06	9.043e-06	1.4012e-06	7.1089e-06	2.3231e-07	1.3806e-06	2.3543e-07	5.443e-07	3.6538e-07	1.1511e-06	1.7434e-07	5.2869e-07	2.6988e-07	6.0477e-07	4.5925e-07	5.67e-06	3.3263e-08	2.8706e-07	3.8556e-09	4.9896e-09	3.6855e-10	7.938e-10	5.0463e-11	2.9484e-10	5.4999e-11	1.5309e-10	4.9896e-11	1.6443e-10	3.6855e-11	9.072e-11	1.6443e-11	4.5927e-11	5.3865e-12	1.7577e-11	9.072e-12	2.6082e-11	8.505e-12	2.268e-11	4.9896e-12	2.6649e-11	5.6133e-12	3.2319e-11	6.237e-12	1.5309e-11	3.6855e-12	3.7989e-11	3.402e-12	1.0206e-11	2.4381e-12	9.072e-12	1.0773e-12	1.0206e-11	1.7577e-12	7.938e-12	1.9845e-12	7.938e-12	3.0051e-12	4.9896e-12	1.0206e-12	5.0463e-12	7.371e-13	4.5927e-12	4.1391e-13	4.5927e-12	1.5876e-12	6.804e-12	4.4793e-12	8.505e-12	1.5876e-12	2.7783e-12	8.505e-13	7.938e-12	4.1391e-13	4.5927e-13	2.7783e-13
8338.33	0.019055	0.0015011	6.7364e-06	3.5607e-06	9.0833e-06	4.1152e-05	9.665e-06	4.1678e-05	6.6993e-07	6.326e-06	1.0722e-06	8.7567e-06	1.3551e-06	6.8882e-06	2.2427e-07	1.3369e-06	2.2715e-07	5.2578e-07	3.5253e-07	1.114e-06	1.6839e-07	5.1034e-07	2.6066e-07	5.8449e-07	4.4466e-07	5.497e-06	3.2191e-08	2.7831e-07	3.738e-09	4.8374e-09	3.573e-10	7.6958e-10	4.8923e-11	2.8584e-10	5.3321e-11	1.4842e-10	4.8373e-11	1.5941e-10	3.573e-11	8.7952e-11	1.5941e-11	4.4526e-11	5.2221e-12	1.7041e-11	8.7952e-12	2.5286e-11	8.2455e-12	2.1988e-11	4.8374e-12	2.5836e-11	5.442e-12	3.1333e-11	6.0467e-12	1.4842e-11	3.573e-12	3.683e-11	3.2982e-12	9.8946e-12	2.3637e-12	8.7952e-12	1.0444e-12	9.8946e-12	1.7041e-12	7.6958e-12	1.9239e-12	7.6958e-12	2.9134e-12	4.8374e-12	9.8946e-13	4.8923e-12	7.1461e-13	4.4526e-12	4.0128e-13	4.4526e-12	1.5392e-12	6.5964e-12	4.3426e-12	8.2455e-12	1.5392e-12	2.6935e-12	8.2455e-13	7.6958e-12	4.0128e-13	4.4526e-13	2.6935e-13
8454.21	0.018645	0.0014526	6.5219e-06	3.4393e-06	8.7623e-06	3.9822e-05	9.3357e-06	4.0357e-05	6.4627e-07	6.1216e-06	1.0356e-06	8.4789e-06	1.3105e-06	6.674e-06	2.165e-07	1.2946e-06	2.1915e-07	5.0786e-07	3.401e-07	1.078e-06	1.6264e-07	4.9259e-07	2.5174e-07	5.6485e-07	4.3051e-07	5.3289e-06	3.1151e-08	2.6982e-07	3.6237e-09	4.6895e-09	3.4638e-10	7.4605e-10	4.7428e-11	2.771e-10	5.1691e-11	1.4388e-10	4.6895e-11	1.5454e-10	3.4638e-11	8.5263e-11	1.5454e-11	4.3164e-11	5.0625e-12	1.652e-11	8.5263e-12	2.4513e-11	7.9934e-12	2.1316e-11	4.6895e-12	2.5046e-11	5.2756e-12	3.0375e-11	5.8618e-12	1.4388e-11	3.4638e-12	3.5704e-11	3.1974e-12	9.5921e-12	2.2914e-12	8.5263e-12	1.0125e-12	9.5921e-12	1.652e-12	7.4605e-12	1.8651e-12	7.4605e-12	2.8243e-12	4.6895e-12	9.5921e-13	4.7428e-12	6.9276e-13	4.3164e-12	3.8901e-13	4.3164e-12	1.4921e-12	6.3947e-12	4.2099e-12	7.9934e-12	1.4921e-12	2.6112e-12	7.9934e-13	7.4605e-12	3.8901e-13	4.3164e-13	2.6112e-13
8571.7	0.018218	0.0014055	6.3139e-06	3.3218e-06	8.4521e-06	3.8534e-05	9.0172e-06	3.9075e-05	6.234e-07	5.9234e-06	1.0002e-06	8.2094e-06	1.2672e-06	6.466e-06	2.0898e-07	1.2536e-06	2.1142e-07	4.9052e-07	3.281e-07	1.0431e-06	1.5708e-07	4.7543e-07	2.4311e-07	5.4584e-07	4.1678e-07	5.1657e-06	3.0142e-08	2.6156e-07	3.5127e-09	4.5458e-09	3.3577e-10	7.232e-10	4.5975e-11	2.6862e-10	5.0108e-11	1.3947e-10	4.5458e-11	1.4981e-10	3.3577e-11	8.2652e-11	1.4981e-11	4.1842e-11	4.9074e-12	1.6014e-11	8.2652e-12	2.3762e-11	7.7486e-12	2.0663e-11	4.5458e-12	2.4279e-11	5.1141e-12	2.9445e-11	5.6823e-12	1.3947e-11	3.3577e-12	3.461e-11	3.0994e-12	9.2983e-12	2.2213e-12	8.2652e-12	9.8149e-13	9.2983e-12	1.6014e-12	7.232e-12	1.808e-12	7.232e-12	2.7378e-12	4.5458e-12	9.2983e-13	4.5975e-12	6.7154e-13	4.1842e-12	3.771e-13	4.1842e-12	1.4464e-12	6.1989e-12	4.0809e-12	7.7486e-12	1.4464e-12	2.5312e-12	7.7486e-13	7.232e-12	3.771e-13	4.1842e-13	2.5312e-13
8690.82	0.01781	0.00136	6.1122e-06	3.2081e-06	8.1524e-06	3.7284e-05	8.7089e-06	3.7831e-05	6.013e-07	5.7313e-06	9.659e-07	7.948e-06	1.2253e-06	6.2642e-06	2.0171e-07	1.2137e-06	2.0394e-07	4.7374e-07	3.165e-07	1.0093e-06	1.5169e-07	4.5883e-07	2.3476e-07	5.2744e-07	4.0347e-07	5.0072e-06	2.9165e-08	2.5355e-07	3.4049e-09	4.4064e-09	3.2547e-10	7.0101e-10	4.4564e-11	2.6038e-10	4.857e-11	1.352e-10	4.4064e-11	1.4521e-10	3.2547e-11	8.0116e-11	1.4521e-11	4.0559e-11	4.7569e-12	1.5522e-11	8.0116e-12	2.3033e-11	7.5108e-12	2.0029e-11	4.4064e-12	2.3534e-11	4.9572e-12	2.8541e-11	5.508e-12	1.352e-11	3.2547e-12	3.3548e-11	3.0043e-12	9.013e-12	2.1531e-12	8.0116e-12	9.5137e-13	9.013e-12	1.5522e-12	7.0101e-12	1.7525e-12	7.0101e-12	2.6538e-12	4.4064e-12	9.013e-13	4.4564e-12	6.5094e-13	4.0559e-12	3.6553e-13	4.0559e-12	1.402e-12	6.0087e-12	3.9557e-12	7.5108e-12	1.402e-12	2.4535e-12	7.5108e-13	7.0101e-12	3.6553e-13	4.0559e-13	2.4535e-13
8811.6	0.017407	0.0013158	5.9166e-06	3.0981e-06	7.8628e-06	3.6073e-05	8.4106e-06	3.6625e-05	5.7995e-07	5.5451e-06	9.3274e-07	7.6945e-06	1.1847e-06	6.0683e-06	1.9468e-07	1.1751e-06	1.9672e-07	4.575e-07	3.0528e-07	9.7654e-07	1.4649e-07	4.4279e-07	2.2668e-07	5.0963e-07	3.9056e-07	4.8533e-06	2.8218e-08	2.4576e-07	3.3003e-09	4.2709e-09	3.1547e-10	6.7946e-10	4.3195e-11	2.5237e-10	4.7077e-11	1.3104e-10	4.2709e-11	1.4075e-10	3.1547e-11	7.7653e-11	1.4075e-11	3.9312e-11	4.6107e-12	1.5045e-11	7.7653e-12	2.2325e-11	7.28e-12	1.9413e-11	4.2709e-12	2.2811e-11	4.8048e-12	2.7664e-11	5.3387e-12	1.3104e-11	3.1547e-12	3.2517e-11	2.912e-12	8.736e-12	2.0869e-12	7.7653e-12	9.2213e-13	8.736e-12	1.5045e-12	6.7946e-12	1.6987e-12	6.7946e-12	2.5723e-12	4.2709e-12	8.736e-13	4.3195e-12	6.3093e-13	3.9312e-12	3.5429e-13	3.9312e-12	1.3589e-12	5.824e-12	3.8341e-12	7.28e-12	1.3589e-12	2.3781e-12	7.28e-13	6.7946e-12	3.5429e-13	3.9312e-13	2.3781e-13
8934.06	0.017048	0.001273	5.7269e-06	2.9917e-06	7.583e-06	3.49e-05	8.1221e-06	3.5456e-05	5.5932e-07	5.3646e-06	9.0067e-07	7.4486e-06	1.1454e-06	5.8782e-06	1.8788e-07	1.1376e-06	1.8974e-07	4.418e-07	2.9445e-07	9.4478e-07	1.4145e-07	4.2729e-07	2.1887e-07	4.9239e-07	3.7804e-07	4.7039e-06	2.7299e-08	2.3821e-07	3.1986e-09	4.1394e-09	3.0575e-10	6.5854e-10	4.1865e-11	2.446e-10	4.5628e-11	1.27e-10	4.1394e-11	1.3641e-10	3.0575e-11	7.5262e-11	1.3641e-11	3.8101e-11	4.4687e-12	1.4582e-11	7.5262e-12	2.1638e-11	7.0558e-12	1.8816e-11	4.1394e-12	2.2108e-11	4.6568e-12	2.6812e-11	5.1743e-12	1.27e-11	3.0575e-12	3.1516e-11	2.8223e-12	8.467e-12	2.0227e-12	7.5262e-12	8.9374e-13	8.467e-12	1.4582e-12	6.5854e-12	1.6464e-12	6.5854e-12	2.4931e-12	4.1394e-12	8.467e-13	4.1865e-12	6.115e-13	3.8101e-12	3.4338e-13	3.8101e-12	1.3171e-12	5.6447e-12	3.7161e-12	7.0558e-12	1.3171e-12	2.3049e-12	7.0558e-13	6.5854e-12	3.4338e-13	3.8101e-13	2.3049e-13
9058.22	0.016714	0.0012315	5.543e-06	2.8887e-06	7.3127e-06	3.3762e-05	7.843e-06	3.4321e-05	5.3939e-07	5.1897e-06	8.6965e-07	7.2102e-06	1.1074e-06	5.6938e-06	1.8131e-07	1.1013e-06	1.83e-07	4.266e-07	2.8398e-07	9.14e-07	1.3658e-07	4.123e-07	2.1131e-07	4.757e-07	3.659e-07	4.5588e-06	2.6409e-08	2.3087e-07	3.1e-09	4.0117e-09	2.9632e-10	6.3823e-10	4.0573e-11	2.3706e-10	4.422e-11	1.2309e-10	4.0117e-11	1.322e-10	2.9632e-11	7.2941e-11	1.322e-11	3.6926e-11	4.3309e-12	1.4132e-11	7.2941e-12	2.097e-11	6.8382e-12	1.8235e-11	4.0117e-12	2.1426e-11	4.5132e-12	2.5985e-11	5.0147e-12	1.2309e-11	2.9632e-12	3.0544e-11	2.7353e-12	8.2058e-12	1.9603e-12	7.2941e-12	8.6617e-13	8.2058e-12	1.4132e-12	6.3823e-12	1.5956e-12	6.3823e-12	2.4162e-12	4.0117e-12	8.2058e-13	4.0573e-12	5.9264e-13	3.6926e-12	3.3279e-13	3.6926e-12	1.2765e-12	5.4706e-12	3.6014e-12	6.8382e-12	1.2765e-12	2.2338e-12	6.8382e-13	6.3823e-12	3.3279e-13	3.6926e-13	2.2338e-13
9184.11	0.016388	0.0011912	5.3647e-06	2.7892e-06	7.0516e-06	3.266e-05	7.573e-06	3.3222e-05	5.2014e-07	5.0202e-06	8.3964e-07	6.9791e-06	1.0705e-06	5.5148e-06	1.7496e-07	1.066e-06	1.7648e-07	4.119e-07	2.7387e-07	8.8417e-07	1.3186e-07	3.9781e-07	2.0401e-07	4.5955e-07	3.5414e-07	4.4179e-06	2.5547e-08	2.2374e-07	3.0042e-09	3.8878e-09	2.8717e-10	6.1851e-10	3.932e-11	2.2973e-10	4.2854e-11	1.1928e-10	3.8878e-11	1.2812e-10	2.8717e-11	7.0687e-11	1.2812e-11	3.5785e-11	4.197e-12	1.3696e-11	7.0687e-12	2.0323e-11	6.6269e-12	1.7672e-11	3.8878e-12	2.0764e-11	4.3738e-12	2.5182e-11	4.8597e-12	1.1928e-11	2.8717e-12	2.96e-11	2.6508e-12	7.9523e-12	1.8997e-12	7.0687e-12	8.3941e-13	7.9523e-12	1.3696e-12	6.1851e-12	1.5463e-12	6.1851e-12	2.3415e-12	3.8878e-12	7.9523e-13	3.932e-12	5.7433e-13	3.5785e-12	3.2251e-13	3.5785e-12	1.237e-12	5.3015e-12	3.4902e-12	6.6269e-12	1.237e-12	2.1648e-12	6.6269e-13	6.1851e-12	3.2251e-13	3.5785e-13	2.1648e-13
9311.74	0.016126	0.0011523	5.1918e-06	2.6929e-06	6.7994e-06	3.1592e-05	7.3118e-06	3.2155e-05	5.0155e-07	4.856e-06	8.1063e-07	6.7549e-06	1.0348e-06	5.3412e-06	1.6882e-07	1.0318e-06	1.7019e-07	3.9769e-07	2.641e-07	8.5527e-07	1.273e-07	3.8381e-07	1.9694e-07	4.4393e-07	3.4273e-07	4.2812e-06	2.4711e-08	2.1683e-07	2.9112e-09	3.7675e-09	2.7828e-10	5.9937e-10	3.8103e-11	2.2262e-10	4.1528e-11	1.1559e-10	3.7675e-11	1.2415e-10	2.7828e-11	6.8499e-11	1.2415e-11	3.4678e-11	4.0671e-12	1.3272e-11	6.8499e-12	1.9694e-11	6.4218e-12	1.7125e-11	3.7675e-12	2.0122e-11	4.2384e-12	2.4403e-11	4.7093e-12	1.1559e-11	2.7828e-12	2.8684e-11	2.5687e-12	7.7062e-12	1.8409e-12	6.8499e-12	8.1343e-13	7.7062e-12	1.3272e-12	5.9937e-12	1.4984e-12	5.9937e-12	2.269e-12	3.7675e-12	7.7062e-13	3.8103e-12	5.5656e-13	3.4678e-12	3.1253e-13	3.4678e-12	1.1987e-12	5.1374e-12	3.3822e-12	6.4218e-12	1.1987e-12	2.0978e-12	6.4218e-13	5.9937e-12	3.1253e-13	3.4678e-13	2.0978e-13
9441.15	0.015836	0.0011145	5.0243e-06	2.5997e-06	6.5558e-06	3.0557e-05	7.0593e-06	3.1121e-05	4.8359e-07	4.6969e-06	7.8257e-07	6.5376e-06	1.0002e-06	5.1727e-06	1.6288e-07	9.9871e-07	1.6411e-07	3.8394e-07	2.5466e-07	8.2726e-07	1.229e-07	3.7028e-07	1.9011e-07	4.2881e-07	3.3167e-07	4.1485e-06	2.3902e-08	2.1011e-07	2.821e-09	3.6507e-09	2.6965e-10	5.8079e-10	3.6921e-11	2.1572e-10	4.024e-11	1.1201e-10	3.6507e-11	1.2031e-10	2.6965e-11	6.6376e-11	1.2031e-11	3.3603e-11	3.9411e-12	1.286e-11	6.6376e-12	1.9083e-11	6.2227e-12	1.6594e-11	3.6507e-12	1.9498e-11	4.107e-12	2.3646e-11	4.5633e-12	1.1201e-11	2.6965e-12	2.7795e-11	2.4891e-12	7.4673e-12	1.7838e-12	6.6376e-12	7.8821e-13	7.4673e-12	1.286e-12	5.8079e-12	1.452e-12	5.8079e-12	2.1987e-12	3.6507e-12	7.4673e-13	3.6921e-12	5.393e-13	3.3603e-12	3.0284e-13	3.3603e-12	1.1616e-12	4.9782e-12	3.2773e-12	6.2227e-12	1.1616e-12	2.0328e-12	6.2227e-13	5.8079e-12	3.0284e-13	3.3603e-13	2.0328e-13
9572.36	0.015546	0.0010779	4.8619e-06	2.5096e-06	6.3206e-06	2.9555e-05	6.815e-06	3.0119e-05	4.6625e-07	4.5427e-06	7.5544e-07	6.327e-06	9.6676e-07	5.0093e-06	1.5715e-07	9.6658e-07	1.5824e-07	3.7064e-07	2.4554e-07	8.0012e-07	1.1863e-07	3.5721e-07	1.8351e-07	4.1419e-07	3.2095e-07	4.0197e-06	2.3117e-08	2.036e-07	2.7334e-09	3.5373e-09	2.6128e-10	5.6275e-10	3.5775e-11	2.0902e-10	3.8991e-11	1.0853e-10	3.5373e-11	1.1657e-10	2.6128e-11	6.4315e-11	1.1657e-11	3.2559e-11	3.8187e-12	1.2461e-11	6.4315e-12	1.849e-11	6.0295e-12	1.6079e-11	3.5373e-12	1.8892e-11	3.9795e-12	2.2912e-11	4.4216e-12	1.0853e-11	2.6128e-12	2.6932e-11	2.4118e-12	7.2354e-12	1.7285e-12	6.4315e-12	7.6373e-13	7.2354e-12	1.2461e-12	5.6275e-12	1.4069e-12	5.6275e-12	2.1304e-12	3.5373e-12	7.2354e-13	3.5775e-12	5.2256e-13	3.2559e-12	2.9344e-13	3.2559e-12	1.1255e-12	4.8236e-12	3.1755e-12	6.0295e-12	1.1255e-12	1.9696e-12	6.0295e-13	5.6275e-12	2.9344e-13	3.2559e-13	1.9696e-13
9705.39	0.015271	0.0010425	4.7044e-06	2.4226e-06	6.0934e-06	2.8583e-05	6.5788e-06	2.9147e-05	4.495e-07	4.3934e-06	7.292e-07	6.1228e-06	9.3437e-07	4.8507e-06	1.5161e-07	9.3544e-07	1.5257e-07	3.5779e-07	2.3674e-07	7.7384e-07	1.1451e-07	3.4457e-07	1.7712e-07	4.0004e-07	3.1057e-07	3.8946e-06	2.2357e-08	1.9727e-07	2.6483e-09	3.4273e-09	2.5315e-10	5.4525e-10	3.4662e-11	2.0252e-10	3.7778e-11	1.0516e-10	3.4273e-11	1.1294e-10	2.5315e-11	6.2314e-11	1.1294e-11	3.1547e-11	3.6999e-12	1.2073e-11	6.2314e-12	1.7915e-11	5.8419e-12	1.5579e-11	3.4273e-12	1.8305e-11	3.8557e-12	2.2199e-11	4.2841e-12	1.0516e-11	2.5315e-12	2.6094e-11	2.3368e-12	7.0103e-12	1.6747e-12	6.2314e-12	7.3998e-13	7.0103e-12	1.2073e-12	5.4525e-12	1.3631e-12	5.4525e-12	2.0642e-12	3.4273e-12	7.0103e-13	3.4662e-12	5.063e-13	3.1547e-12	2.8431e-13	3.1547e-12	1.0905e-12	4.6736e-12	3.0768e-12	5.8419e-12	1.0905e-12	1.9084e-12	5.8419e-13	5.4525e-12	2.8431e-13	3.1547e-13	1.9084e-13
9840.27	0.014971	0.0010082	4.5519e-06	2.3384e-06	5.8741e-06	2.7643e-05	6.3505e-06	2.8205e-05	4.3333e-07	4.2487e-06	7.0384e-07	5.9248e-06	9.03e-07	4.697e-06	1.4625e-07	9.0524e-07	1.4709e-07	3.4536e-07	2.2824e-07	7.4837e-07	1.1053e-07	3.3237e-07	1.7095e-07	3.8635e-07	3.005e-07	3.7733e-06	2.1621e-08	1.9113e-07	2.5658e-09	3.3205e-09	2.4526e-10	5.2826e-10	3.3582e-11	1.9621e-10	3.6601e-11	1.0188e-10	3.3205e-11	1.0943e-10	2.4526e-11	6.0373e-11	1.0943e-11	3.0564e-11	3.5846e-12	1.1697e-11	6.0373e-12	1.7357e-11	5.6599e-12	1.5093e-11	3.3205e-12	1.7735e-11	3.7356e-12	2.1508e-11	4.1506e-12	1.0188e-11	2.4526e-12	2.5281e-11	2.264e-12	6.7919e-12	1.6225e-12	6.0373e-12	7.1693e-13	6.7919e-12	1.1697e-12	5.2826e-12	1.3207e-12	5.2826e-12	1.9998e-12	3.3205e-12	6.7919e-13	3.3582e-12	4.9053e-13	3.0564e-12	2.7545e-13	3.0564e-12	1.0565e-12	4.528e-12	2.9809e-12	5.6599e-12	1.0565e-12	1.8489e-12	5.6599e-13	5.2826e-12	2.7545e-13	3.0564e-13	1.8489e-13
9977.02	0.014682	0.00097493	4.404e-06	2.2569e-06	5.6623e-06	2.6731e-05	6.1297e-06	2.7293e-05	4.1771e-07	4.1086e-06	6.7932e-07	5.733e-06	8.7265e-07	4.5479e-06	1.4108e-07	8.7598e-07	1.418e-07	3.3334e-07	2.2003e-07	7.2371e-07	1.0668e-07	3.2058e-07	1.6498e-07	3.7311e-07	2.9074e-07	3.6556e-06	2.0908e-08	1.8518e-07	2.4858e-09	3.2169e-09	2.3761e-10	5.1178e-10	3.2534e-11	1.9009e-10	3.5459e-11	9.87e-11	3.2169e-11	1.0601e-10	2.3761e-11	5.8489e-11	1.0601e-11	2.961e-11	3.4728e-12	1.1332e-11	5.8489e-12	1.6816e-11	5.4833e-12	1.4622e-11	3.2169e-12	1.7181e-11	3.619e-12	2.0837e-11	4.0211e-12	9.87e-12	2.3761e-12	2.4492e-11	2.1933e-12	6.58e-12	1.5719e-12	5.8489e-12	6.9456e-13	6.58e-12	1.1332e-12	5.1178e-12	1.2794e-12	5.1178e-12	1.9374e-12	3.2169e-12	6.58e-13	3.2534e-12	4.7522e-13	2.961e-12	2.6686e-13	2.961e-12	1.0236e-12	4.3867e-12	2.8879e-12	5.4833e-12	1.0236e-12	1.7912e-12	5.4833e-13	5.1178e-12	2.6686e-13	2.961e-13	1.7912e-13
10115.7	0.014402	0.00094273	4.2608e-06	2.1783e-06	5.4579e-06	2.5849e-05	5.9163e-06	2.6408e-05	4.0264e-07	3.9728e-06	6.5562e-07	5.5471e-06	8.4327e-07	4.4032e-06	1.3608e-07	8.4762e-07	1.3669e-07	3.2172e-07	2.121e-07	6.9981e-07	1.0296e-07	3.0919e-07	1.5921e-07	3.603e-07	2.8129e-07	3.5413e-06	2.0217e-08	1.7939e-07	2.4081e-09	3.1164e-09	2.3019e-10	4.9578e-10	3.1518e-11	1.8415e-10	3.4351e-11	9.5615e-11	3.1164e-11	1.027e-10	2.3019e-11	5.6661e-11	1.027e-11	2.8685e-11	3.3642e-12	1.0978e-11	5.6661e-12	1.629e-11	5.312e-12	1.4165e-11	3.1164e-12	1.6644e-11	3.5059e-12	2.0185e-11	3.8954e-12	9.5615e-12	2.3019e-12	2.3727e-11	2.1248e-12	6.3744e-12	1.5228e-12	5.6661e-12	6.7285e-13	6.3744e-12	1.0978e-12	4.9578e-12	1.2395e-12	4.9578e-12	1.8769e-12	3.1164e-12	6.3744e-13	3.1518e-12	4.6037e-13	2.8685e-12	2.5852e-13	2.8685e-12	9.9157e-13	4.2496e-12	2.7976e-12	5.312e-12	9.9157e-13	1.7352e-12	5.312e-13	4.9578e-12	2.5852e-13	2.8685e-13	1.7352e-13
10256.3	0.01412	0.00091154	4.122e-06	2.1022e-06	5.2605e-06	2.4994e-05	5.71e-06	2.5551e-05	3.8808e-07	3.8414e-06	6.3272e-07	5.3669e-06	8.1483e-07	4.263e-06	1.3125e-07	8.2013e-07	1.3176e-07	3.1049e-07	2.0445e-07	6.7668e-07	9.9358e-08	2.9819e-07	1.5364e-07	3.4792e-07	2.7213e-07	3.4305e-06	1.9548e-08	1.7379e-07	2.3327e-09	3.0188e-09	2.2298e-10	4.8027e-10	3.0531e-11	1.7838e-10	3.3276e-11	9.2623e-11	3.0188e-11	9.9484e-11	2.2298e-11	5.4887e-11	9.9484e-12	2.7787e-11	3.2589e-12	1.0634e-11	5.4887e-12	1.578e-11	5.1457e-12	1.3722e-11	3.0188e-12	1.6123e-11	3.3962e-12	1.9554e-11	3.7735e-12	9.2623e-12	2.2298e-12	2.2984e-11	2.0583e-12	6.1748e-12	1.4751e-12	5.4887e-12	6.5179e-13	6.1748e-12	1.0634e-12	4.8027e-12	1.2007e-12	4.8027e-12	1.8181e-12	3.0188e-12	6.1748e-13	3.0531e-12	4.4596e-13	2.7787e-12	2.5042e-13	2.7787e-12	9.6053e-13	4.1166e-12	2.7101e-12	5.1457e-12	9.6053e-13	1.6809e-12	5.1457e-13	4.8027e-12	2.5042e-13	2.7787e-13	1.6809e-13
10398.8	0.013836	0.00088134	3.9875e-06	2.0287e-06	5.07e-06	2.4166e-05	5.5105e-06	2.472e-05	3.7403e-07	3.7141e-06	6.1058e-07	5.1924e-06	7.8731e-07	4.127e-06	1.2658e-07	7.9349e-07	1.27e-07	2.9963e-07	1.9706e-07	6.5427e-07	9.588e-08	2.8756e-07	1.4825e-07	3.3594e-07	2.6325e-07	3.3229e-06	1.89e-08	1.6834e-07	2.2596e-09	2.9242e-09	2.1599e-10	4.6521e-10	2.9574e-11	1.7279e-10	3.2232e-11	8.9719e-11	2.9242e-11	9.6365e-11	2.1599e-11	5.3167e-11	9.6365e-12	2.6916e-11	3.1568e-12	1.0301e-11	5.3167e-12	1.5285e-11	4.9844e-12	1.3292e-11	2.9242e-12	1.5618e-11	3.2897e-12	1.8941e-11	3.6552e-12	8.9719e-12	2.1599e-12	2.2264e-11	1.9938e-12	5.9813e-12	1.4289e-12	5.3167e-12	6.3136e-13	5.9813e-12	1.0301e-12	4.6521e-12	1.163e-12	4.6521e-12	1.7612e-12	2.9242e-12	5.9813e-13	2.9574e-12	4.3198e-13	2.6916e-12	2.4257e-13	2.6916e-12	9.3042e-13	3.9875e-12	2.6251e-12	4.9844e-12	9.3042e-13	1.6282e-12	4.9844e-13	4.6521e-12	2.4257e-13	2.6916e-13	1.6282e-13
10543.3	0.013558	0.0008521	3.8572e-06	1.9576e-06	4.8861e-06	2.3364e-05	5.3178e-06	2.3915e-05	3.6047e-07	3.5909e-06	5.8918e-07	5.0232e-06	7.6068e-07	3.9952e-06	1.2208e-07	7.6768e-07	1.224e-07	2.8914e-07	1.8993e-07	6.3257e-07	9.2519e-08	2.773e-07	1.4305e-07	3.2436e-07	2.5465e-07	3.2186e-06	1.8273e-08	1.6306e-07	2.1886e-09	2.8324e-09	2.0921e-10	4.506e-10	2.8646e-11	1.6737e-10	3.122e-11	8.6902e-11	2.8324e-11	9.3339e-11	2.0921e-11	5.1498e-11	9.3339e-12	2.6071e-11	3.0577e-12	9.9776e-12	5.1498e-12	1.4806e-11	4.8279e-12	1.2874e-11	2.8324e-12	1.5127e-11	3.1864e-12	1.8346e-11	3.5405e-12	8.6902e-12	2.0921e-12	2.1565e-11	1.9312e-12	5.7935e-12	1.384e-12	5.1498e-12	6.1153e-13	5.7935e-12	9.9776e-13	4.506e-12	1.1265e-12	4.506e-12	1.7059e-12	2.8324e-12	5.7935e-13	2.8646e-12	4.1842e-13	2.6071e-12	2.3496e-13	2.6071e-12	9.0121e-13	3.8623e-12	2.5427e-12	4.8279e-12	9.0121e-13	1.5771e-12	4.8279e-13	4.506e-12	2.3496e-13	2.6071e-13	1.5771e-13
10689.8	0.013274	0.00082378	3.7309e-06	1.8889e-06	4.7087e-06	2.2588e-05	5.1315e-06	2.3135e-05	3.4739e-07	3.4715e-06	5.685e-07	4.8593e-06	7.3492e-07	3.8674e-06	1.1772e-07	7.4267e-07	1.1797e-07	2.79e-07	1.8305e-07	6.1156e-07	8.9271e-08	2.6739e-07	1.3802e-07	3.1316e-07	2.4632e-07	3.1174e-06	1.7665e-08	1.5794e-07	2.1198e-09	2.7433e-09	2.0263e-10	4.3644e-10	2.7745e-11	1.621e-10	3.0239e-11	8.417e-11	2.7433e-11	9.0404e-11	2.0263e-11	4.9878e-11	9.0404e-12	2.5251e-11	2.9615e-12	9.6639e-12	4.9878e-12	1.434e-11	4.6761e-12	1.247e-11	2.7433e-12	1.4652e-11	3.0862e-12	1.7769e-11	3.4291e-12	8.417e-12	2.0263e-12	2.0887e-11	1.8704e-12	5.6113e-12	1.3405e-12	4.9878e-12	5.923e-13	5.6113e-12	9.6639e-13	4.3644e-12	1.0911e-12	4.3644e-12	1.6522e-12	2.7433e-12	5.6113e-13	2.7745e-12	4.0526e-13	2.5251e-12	2.2757e-13	2.5251e-12	8.7287e-13	3.7409e-12	2.4627e-12	4.6761e-12	8.7287e-13	1.5275e-12	4.6761e-13	4.3644e-12	2.2757e-13	2.5251e-13	1.5275e-13
10838.4	0.012986	0.00079637	3.6087e-06	1.8225e-06	4.5374e-06	2.1836e-05	4.9514e-06	2.2379e-05	3.3476e-07	3.356e-06	5.4852e-07	4.7005e-06	7.0999e-07	3.7434e-06	1.1352e-07	7.1843e-07	1.1369e-07	2.692e-07	1.764e-07	5.9122e-07	8.6133e-08	2.5782e-07	1.3316e-07	3.0233e-07	2.3825e-07	3.0192e-06	1.7077e-08	1.5297e-07	2.0531e-09	2.6569e-09	1.9625e-10	4.2269e-10	2.6871e-11	1.57e-10	2.9286e-11	8.1519e-11	2.6569e-11	8.7558e-11	1.9625e-11	4.8308e-11	8.7558e-12	2.4456e-11	2.8683e-12	9.3596e-12	4.8308e-12	1.3888e-11	4.5288e-12	1.2077e-11	2.6569e-12	1.419e-11	2.989e-12	1.721e-11	3.3211e-12	8.1519e-12	1.9625e-12	2.0229e-11	1.8115e-12	5.4346e-12	1.2983e-12	4.8308e-12	5.7365e-13	5.4346e-12	9.3596e-13	4.2269e-12	1.0567e-12	4.2269e-12	1.6002e-12	2.6569e-12	5.4346e-13	2.6871e-12	3.925e-13	2.4456e-12	2.204e-13	2.4456e-12	8.4538e-13	3.6231e-12	2.3852e-12	4.5288e-12	8.4538e-13	1.4794e-12	4.5288e-13	4.2269e-12	2.204e-13	2.4456e-13	1.4794e-13
10989	0.012703	0.00076983	3.4902e-06	1.7584e-06	4.3721e-06	2.1109e-05	4.7775e-06	2.1647e-05	3.2257e-07	3.2442e-06	5.2921e-07	4.5467e-06	6.8587e-07	3.6233e-06	1.0946e-07	6.9496e-07	1.0956e-07	2.5974e-07	1.6999e-07	5.7152e-07	8.31e-08	2.4858e-07	1.2846e-07	2.9187e-07	2.3044e-07	2.924e-06	1.6508e-08	1.4815e-07	1.9883e-09	2.5731e-09	1.9006e-10	4.0936e-10	2.6024e-11	1.5205e-10	2.8363e-11	7.8948e-11	2.5731e-11	8.4796e-11	1.9006e-11	4.6784e-11	8.4796e-12	2.3684e-11	2.7778e-12	9.0644e-12	4.6784e-12	1.345e-11	4.386e-12	1.1696e-11	2.5731e-12	1.3743e-11	2.8948e-12	1.6667e-11	3.2164e-12	7.8948e-12	1.9006e-12	1.9591e-11	1.7544e-12	5.2632e-12	1.2573e-12	4.6784e-12	5.5556e-13	5.2632e-12	9.0644e-13	4.0936e-12	1.0234e-12	4.0936e-12	1.5497e-12	2.5731e-12	5.2632e-13	2.6024e-12	3.8012e-13	2.3684e-12	2.1345e-13	2.3684e-12	8.1872e-13	3.5088e-12	2.31e-12	4.386e-12	8.1872e-13	1.4328e-12	4.386e-13	4.0936e-12	2.1345e-13	2.3684e-13	1.4328e-13
11141.7	0.012403	0.00074414	3.3755e-06	1.6965e-06	4.2126e-06	2.0404e-05	4.6094e-06	2.0938e-05	3.1081e-07	3.1359e-06	5.1056e-07	4.3977e-06	6.6254e-07	3.5069e-06	1.0554e-07	6.7221e-07	1.0557e-07	2.5059e-07	1.638e-07	5.5246e-07	8.017e-08	2.3966e-07	1.2392e-07	2.8175e-07	2.2287e-07	2.8317e-06	1.5957e-08	1.4348e-07	1.9255e-09	2.4919e-09	1.8406e-10	3.9643e-10	2.5202e-11	1.4725e-10	2.7467e-11	7.6455e-11	2.4919e-11	8.2118e-11	1.8406e-11	4.5307e-11	8.2118e-12	2.2936e-11	2.6901e-12	8.7782e-12	4.5307e-12	1.3026e-11	4.2475e-12	1.1327e-11	2.4919e-12	1.3309e-11	2.8033e-12	1.614e-11	3.1148e-12	7.6455e-12	1.8406e-12	1.8972e-11	1.699e-12	5.097e-12	1.2176e-12	4.5307e-12	5.3802e-13	5.097e-12	8.7782e-13	3.9643e-12	9.9108e-13	3.9643e-12	1.5008e-12	2.4919e-12	5.097e-13	2.5202e-12	3.6812e-13	2.2936e-12	2.0671e-13	2.2936e-12	7.9287e-13	3.398e-12	2.237e-12	4.2475e-12	7.9287e-13	1.3875e-12	4.2475e-13	3.9643e-12	2.0671e-13	2.2936e-13	1.3875e-13
11296.6	0.012104	0.00071926	3.2644e-06	1.6366e-06	4.0588e-06	1.9723e-05	4.447e-06	2.0251e-05	2.9946e-07	3.031e-06	4.9254e-07	4.2534e-06	6.3997e-07	3.394e-06	1.0176e-07	6.5018e-07	1.0172e-07	2.4175e-07	1.5783e-07	5.34e-07	7.734e-08	2.3105e-07	1.1954e-07	2.7196e-07	2.1554e-07	2.7421e-06	1.5423e-08	1.3895e-07	1.8646e-09	2.4131e-09	1.7824e-10	3.839e-10	2.4405e-11	1.4259e-10	2.6598e-11	7.4037e-11	2.4131e-11	7.9521e-11	1.7824e-11	4.3874e-11	7.9521e-12	2.2211e-11	2.605e-12	8.5005e-12	4.3874e-12	1.2614e-11	4.1132e-12	1.0968e-11	2.4131e-12	1.2888e-11	2.7147e-12	1.563e-11	3.0163e-12	7.4037e-12	1.7824e-12	1.8372e-11	1.6453e-12	4.9358e-12	1.1791e-12	4.3874e-12	5.21e-13	4.9358e-12	8.5005e-13	3.839e-12	9.5974e-13	3.839e-12	1.4533e-12	2.4131e-12	4.9358e-13	2.4405e-12	3.5647e-13	2.2211e-12	2.0017e-13	2.2211e-12	7.6779e-13	3.2905e-12	2.1663e-12	4.1132e-12	7.6779e-13	1.3436e-12	4.1132e-13	3.839e-12	2.0017e-13	2.2211e-13	1.3436e-13
11453.6	0.011794	0.00069519	3.1568e-06	1.5788e-06	3.9103e-06	1.9063e-05	4.29e-06	1.9586e-05	2.8851e-07	2.9296e-06	4.7513e-07	4.1136e-06	6.1813e-07	3.2846e-06	9.8104e-08	6.2884e-07	9.8007e-08	2.3321e-07	1.5207e-07	5.1614e-07	7.4606e-08	2.2273e-07	1.1531e-07	2.6251e-07	2.0844e-07	2.6553e-06	1.4907e-08	1.3455e-07	1.8056e-09	2.3366e-09	1.7259e-10	3.7174e-10	2.3632e-11	1.3807e-10	2.5756e-11	7.1692e-11	2.3366e-11	7.7003e-11	1.7259e-11	4.2484e-11	7.7003e-12	2.1508e-11	2.5225e-12	8.2313e-12	4.2484e-12	1.2214e-11	3.9829e-12	1.0621e-11	2.3366e-12	1.248e-11	2.6287e-12	1.5135e-11	2.9208e-12	7.1692e-12	1.7259e-12	1.779e-11	1.5932e-12	4.7795e-12	1.1418e-12	4.2484e-12	5.045e-13	4.7795e-12	8.2313e-13	3.7174e-12	9.2934e-13	3.7174e-12	1.4073e-12	2.3366e-12	4.7795e-13	2.3632e-12	3.4518e-13	2.1508e-12	1.9383e-13	2.1508e-12	7.4347e-13	3.1863e-12	2.0977e-12	3.9829e-12	7.4347e-13	1.3011e-12	3.9829e-13	3.7174e-12	1.9383e-13	2.1508e-13	1.3011e-13
11612.7	0.011492	0.00067189	3.0527e-06	1.5229e-06	3.7671e-06	1.8424e-05	4.1385e-06	1.8942e-05	2.7795e-07	2.8314e-06	4.5831e-07	3.9783e-06	5.9702e-07	3.1786e-06	9.4576e-08	6.0818e-07	9.4424e-08	2.2496e-07	1.4651e-07	4.9884e-07	7.1964e-08	2.147e-07	1.1122e-07	2.5337e-07	2.0156e-07	2.571e-06	1.4407e-08	1.3029e-07	1.7483e-09	2.2625e-09	1.6712e-10	3.5995e-10	2.2882e-11	1.3369e-10	2.4939e-11	6.9418e-11	2.2625e-11	7.456e-11	1.6712e-11	4.1137e-11	7.456e-12	2.0826e-11	2.4425e-12	7.9703e-12	4.1137e-12	1.1827e-11	3.8566e-12	1.0284e-11	2.2625e-12	1.2084e-11	2.5453e-12	1.4655e-11	2.8282e-12	6.9418e-12	1.6712e-12	1.7226e-11	1.5426e-12	4.6279e-12	1.1056e-12	4.1137e-12	4.885e-13	4.6279e-12	7.9703e-13	3.5995e-12	8.9987e-13	3.5995e-12	1.3627e-12	2.2625e-12	4.6279e-13	2.2882e-12	3.3424e-13	2.0826e-12	1.8769e-13	2.0826e-12	7.1989e-13	3.0853e-12	2.0311e-12	3.8566e-12	7.1989e-13	1.2598e-12	3.8566e-13	3.5995e-12	1.8769e-13	2.0826e-13	1.2598e-13
11774.1	0.011185	0.00064934	2.9518e-06	1.4689e-06	3.6289e-06	1.7806e-05	3.992e-06	1.8318e-05	2.6776e-07	2.7364e-06	4.4207e-07	3.8472e-06	5.766e-07	3.0759e-06	9.1171e-08	5.8816e-07	9.0968e-08	2.1699e-07	1.4115e-07	4.8211e-07	6.9413e-08	2.0696e-07	1.0727e-07	2.4454e-07	1.949e-07	2.4894e-06	1.3923e-08	1.2615e-07	1.6928e-09	2.1907e-09	1.6181e-10	3.4852e-10	2.2156e-11	1.2945e-10	2.4147e-11	6.7214e-11	2.1907e-11	7.2192e-11	1.6181e-11	3.983e-11	7.2192e-12	2.0164e-11	2.3649e-12	7.7171e-12	3.983e-12	1.1451e-11	3.7341e-12	9.9576e-12	2.1907e-12	1.17e-11	2.4645e-12	1.419e-11	2.7383e-12	6.7214e-12	1.6181e-12	1.6679e-11	1.4936e-12	4.4809e-12	1.0704e-12	3.983e-12	4.7299e-13	4.4809e-12	7.7171e-13	3.4852e-12	8.7129e-13	3.4852e-12	1.3194e-12	2.1907e-12	4.4809e-13	2.2156e-12	3.2362e-13	2.0164e-12	1.8173e-13	2.0164e-12	6.9703e-13	2.9873e-12	1.9666e-12	3.7341e-12	6.9703e-13	1.2198e-12	3.7341e-13	3.4852e-12	1.8173e-13	2.0164e-13	1.2198e-13
11937.8	0.010883	0.00062752	2.8541e-06	1.4168e-06	3.4956e-06	1.7207e-05	3.8506e-06	1.7714e-05	2.5793e-07	2.6444e-06	4.2638e-07	3.7202e-06	5.5685e-07	2.9764e-06	8.7884e-08	5.6877e-07	8.7634e-08	2.0929e-07	1.3597e-07	4.6591e-07	6.6949e-08	1.9948e-07	1.0346e-07	2.36e-07	1.8846e-07	2.4102e-06	1.3455e-08	1.2214e-07	1.639e-09	2.121e-09	1.5666e-10	3.3743e-10	2.1451e-11	1.2533e-10	2.3379e-11	6.5076e-11	2.121e-11	6.9897e-11	1.5666e-11	3.8564e-11	6.9897e-12	1.9523e-11	2.2897e-12	7.4717e-12	3.8564e-12	1.1087e-11	3.6153e-12	9.6409e-12	2.121e-12	1.1328e-11	2.3861e-12	1.3738e-11	2.6513e-12	6.5076e-12	1.5666e-12	1.6149e-11	1.4461e-12	4.3384e-12	1.0364e-12	3.8564e-12	4.5794e-13	4.3384e-12	7.4717e-13	3.3743e-12	8.4358e-13	3.3743e-12	1.2774e-12	2.121e-12	4.3384e-13	2.1451e-12	3.1333e-13	1.9523e-12	1.7595e-13	1.9523e-12	6.7486e-13	2.8923e-12	1.9041e-12	3.6153e-12	6.7486e-13	1.181e-12	3.6153e-13	3.3743e-12	1.7595e-13	1.9523e-13	1.181e-13
12103.7	0.010584	0.0006064	2.7595e-06	1.3665e-06	3.3671e-06	1.6629e-05	3.714e-06	1.7129e-05	2.4845e-07	2.5554e-06	4.1123e-07	3.5973e-06	5.3775e-07	2.8799e-06	8.4711e-08	5.5e-07	8.4417e-08	2.0186e-07	1.3098e-07	4.5024e-07	6.457e-08	1.9226e-07	9.9778e-08	2.2775e-07	1.8221e-07	2.3335e-06	1.3002e-08	1.1826e-07	1.5868e-09	2.0535e-09	1.5168e-10	3.2669e-10	2.0768e-11	1.2134e-10	2.2635e-11	6.3004e-11	2.0535e-11	6.7671e-11	1.5168e-11	3.7336e-11	6.7671e-12	1.8901e-11	2.2168e-12	7.2338e-12	3.7336e-12	1.0734e-11	3.5002e-12	9.3339e-12	2.0535e-12	1.0967e-11	2.3101e-12	1.3301e-11	2.5668e-12	6.3004e-12	1.5168e-12	1.5634e-11	1.4001e-12	4.2003e-12	1.0034e-12	3.7336e-12	4.4336e-13	4.2003e-12	7.2338e-13	3.2669e-12	8.1672e-13	3.2669e-12	1.2367e-12	2.0535e-12	4.2003e-13	2.0768e-12	3.0335e-13	1.8901e-12	1.7034e-13	1.8901e-12	6.5337e-13	2.8002e-12	1.8434e-12	3.5002e-12	6.5337e-13	1.1434e-12	3.5002e-13	3.2669e-12	1.7034e-13	1.8901e-13	1.1434e-13
12271.9	0.010293	0.00058597	2.668e-06	1.3178e-06	3.2431e-06	1.6068e-05	3.582e-06	1.6562e-05	2.393e-07	2.4693e-06	3.966e-07	3.4783e-06	5.1928e-07	2.7865e-06	8.1648e-08	5.3183e-07	8.1315e-08	1.9468e-07	1.2617e-07	4.3508e-07	6.2272e-08	1.853e-07	9.6222e-08	2.1978e-07	1.7617e-07	2.2591e-06	1.2564e-08	1.1449e-07	1.5362e-09	1.988e-09	1.4684e-10	3.1627e-10	2.0106e-11	1.1747e-10	2.1913e-11	6.0995e-11	1.988e-11	6.5513e-11	1.4684e-11	3.6145e-11	6.5513e-12	1.8298e-11	2.1461e-12	7.0031e-12	3.6145e-12	1.0392e-11	3.3886e-12	9.0363e-12	1.988e-12	1.0618e-11	2.2365e-12	1.2877e-11	2.485e-12	6.0995e-12	1.4684e-12	1.5136e-11	1.3554e-12	4.0663e-12	9.714e-13	3.6145e-12	4.2922e-13	4.0663e-12	7.0031e-13	3.1627e-12	7.9067e-13	3.1627e-12	1.1973e-12	1.988e-12	4.0663e-13	2.0106e-12	2.9368e-13	1.8298e-12	1.6491e-13	1.8298e-12	6.3254e-13	2.7109e-12	1.7847e-12	3.3886e-12	6.3254e-13	1.1069e-12	3.3886e-13	3.1627e-12	1.6491e-13	1.8298e-13	1.1069e-13
12442.4	0.010006	0.0005662	2.5783e-06	1.2709e-06	3.1235e-06	1.5526e-05	3.4546e-06	1.6014e-05	2.3048e-07	2.386e-06	3.8247e-07	3.3631e-06	5.0143e-07	2.6959e-06	7.8693e-08	5.1423e-07	7.8323e-08	1.8775e-07	1.2152e-07	4.204e-07	6.0052e-08	1.7858e-07	9.2789e-08	2.1208e-07	1.7032e-07	2.1869e-06	1.2139e-08	1.1084e-07	1.4871e-09	1.9245e-09	1.4215e-10	3.0617e-10	1.9464e-11	1.1372e-10	2.1213e-11	5.9047e-11	1.9245e-11	6.3421e-11	1.4215e-11	3.4991e-11	6.3421e-12	1.7714e-11	2.0776e-12	6.7795e-12	3.4991e-12	1.006e-11	3.2804e-12	8.7478e-12	1.9245e-12	1.0279e-11	2.1651e-12	1.2466e-11	2.4056e-12	5.9047e-12	1.4215e-12	1.4652e-11	1.3122e-12	3.9365e-12	9.4038e-13	3.4991e-12	4.1552e-13	3.9365e-12	6.7795e-13	3.0617e-12	7.6543e-13	3.0617e-12	1.1591e-12	1.9245e-12	3.9365e-13	1.9464e-12	2.843e-13	1.7714e-12	1.5965e-13	1.7714e-12	6.1234e-13	2.6243e-12	1.7277e-12	3.2804e-12	6.1234e-13	1.0716e-12	3.2804e-13	3.0617e-12	1.5965e-13	1.7714e-13	1.0716e-13
12615.3	0.0097245	0.00054707	2.4926e-06	1.2256e-06	3.0082e-06	1.5002e-05	3.3316e-06	1.5483e-05	2.2198e-07	2.3053e-06	3.6883e-07	3.2515e-06	4.8416e-07	2.6082e-06	7.584e-08	4.9719e-07	7.5437e-08	1.8106e-07	1.1705e-07	4.062e-07	5.791e-08	1.7209e-07	8.9474e-08	2.0464e-07	1.6466e-07	2.117e-06	1.1729e-08	1.073e-07	1.4396e-09	1.863e-09	1.3761e-10	2.9638e-10	1.8842e-11	1.1009e-10	2.0535e-11	5.716e-11	1.863e-11	6.1394e-11	1.3761e-11	3.3872e-11	6.1394e-12	1.7148e-11	2.0112e-12	6.5628e-12	3.3872e-12	9.7383e-12	3.1755e-12	8.4681e-12	1.863e-12	9.95e-12	2.0959e-12	1.2067e-11	2.3287e-12	5.716e-12	1.3761e-12	1.4184e-11	1.2702e-12	3.8106e-12	9.1032e-13	3.3872e-12	4.0223e-13	3.8106e-12	6.5628e-13	2.9638e-12	7.4096e-13	2.9638e-12	1.122e-12	1.863e-12	3.8106e-13	1.8842e-12	2.7521e-13	1.7148e-12	1.5454e-13	1.7148e-12	5.9277e-13	2.5404e-12	1.6724e-12	3.1755e-12	5.9277e-13	1.0373e-12	3.1755e-13	2.9638e-12	1.5454e-13	1.7148e-13	1.0373e-13
12790.7	0.0094145	0.00052857	2.4096e-06	1.1813e-06	2.8971e-06	1.4494e-05	3.2128e-06	1.4969e-05	2.1378e-07	2.2274e-06	3.5566e-07	3.1435e-06	4.6747e-07	2.5232e-06	7.3088e-08	4.8069e-07	7.2653e-08	1.7459e-07	1.1273e-07	3.9247e-07	5.5841e-08	1.6583e-07	8.6273e-08	1.9745e-07	1.5918e-07	2.0493e-06	1.1332e-08	1.0387e-07	1.3935e-09	1.8033e-09	1.332e-10	2.869e-10	1.8238e-11	1.0656e-10	1.9878e-11	5.533e-11	1.8033e-11	5.9428e-11	1.332e-11	3.2788e-11	5.9428e-12	1.6599e-11	1.9468e-12	6.3527e-12	3.2788e-12	9.4266e-12	3.0739e-12	8.197e-12	1.8033e-12	9.6315e-12	2.0288e-12	1.1681e-11	2.2542e-12	5.533e-12	1.332e-12	1.373e-11	1.2296e-12	3.6887e-12	8.8118e-13	3.2788e-12	3.8936e-13	3.6887e-12	6.3527e-13	2.869e-12	7.1724e-13	2.869e-12	1.0861e-12	1.8033e-12	3.6887e-13	1.8238e-12	2.664e-13	1.6599e-12	1.496e-13	1.6599e-12	5.7379e-13	2.4591e-12	1.6189e-12	3.0739e-12	5.7379e-13	1.0041e-12	3.0739e-13	2.869e-12	1.496e-13	1.6599e-13	1.0041e-13
12968.4	0.0091043	0.00051067	2.3293e-06	1.1391e-06	2.7899e-06	1.4004e-05	3.0981e-06	1.4471e-05	2.0587e-07	2.1519e-06	3.4294e-07	3.039e-06	4.5134e-07	2.4409e-06	7.0432e-08	4.6472e-07	6.997e-08	1.6828e-07	1.0856e-07	3.7918e-07	5.3844e-08	1.598e-07	8.315e-08	1.9051e-07	1.5387e-07	1.9836e-06	1.0948e-08	1.0054e-07	1.3488e-09	1.7455e-09	1.2893e-10	2.777e-10	1.7654e-11	1.0315e-10	1.9241e-11	5.3557e-11	1.7455e-11	5.7524e-11	1.2893e-11	3.1737e-11	5.7524e-12	1.6067e-11	1.8844e-12	6.1491e-12	3.1737e-12	9.1245e-12	2.9754e-12	7.9343e-12	1.7455e-12	9.3228e-12	1.9637e-12	1.1306e-11	2.1819e-12	5.3557e-12	1.2893e-12	1.329e-11	1.1901e-12	3.5704e-12	8.5294e-13	3.1737e-12	3.7688e-13	3.5704e-12	6.1491e-13	2.777e-12	6.9425e-13	2.777e-12	1.0513e-12	1.7455e-12	3.5704e-13	1.7654e-12	2.5786e-13	1.6067e-12	1.448e-13	1.6067e-12	5.554e-13	2.3803e-12	1.567e-12	2.9754e-12	5.554e-13	9.7195e-13	2.9754e-13	2.777e-12	1.448e-13	1.6067e-13	9.7195e-14
13148.6	0.0088039	0.00049335	2.2515e-06	1.0983e-06	2.6865e-06	1.3529e-05	2.9873e-06	1.3989e-05	1.9825e-07	2.0789e-06	3.3066e-07	2.9378e-06	4.3574e-07	2.3612e-06	6.787e-08	4.4927e-07	6.7382e-08	1.6226e-07	1.0455e-07	3.6633e-07	5.1915e-08	1.5391e-07	8.0169e-08	1.838e-07	1.4868e-07	1.9199e-06	1.0572e-08	9.7316e-08	1.3055e-09	1.6895e-09	1.2479e-10	2.6879e-10	1.7087e-11	9.9836e-11	1.8623e-11	5.1838e-11	1.6895e-11	5.5678e-11	1.2479e-11	3.0719e-11	5.5678e-12	1.5551e-11	1.8239e-12	5.9518e-12	3.0719e-12	8.8316e-12	2.8799e-12	7.6797e-12	1.6895e-12	9.0236e-12	1.9007e-12	1.0944e-11	2.1119e-12	5.1838e-12	1.2479e-12	1.2863e-11	1.152e-12	3.4559e-12	8.2557e-13	3.0719e-12	3.6479e-13	3.4559e-12	5.9518e-13	2.6879e-12	6.7197e-13	2.6879e-12	1.0176e-12	1.6895e-12	3.4559e-13	1.7087e-12	2.4959e-13	1.5551e-12	1.4015e-13	1.5551e-12	5.3758e-13	2.3039e-12	1.5167e-12	2.8799e-12	5.3758e-13	9.4076e-13	2.8799e-13	2.6879e-12	1.4015e-13	1.5551e-13	9.4076e-14
13331.4	0.008513	0.0004766	2.1763e-06	1.0589e-06	2.5858e-06	1.307e-05	2.8804e-06	1.3523e-05	1.9089e-07	2.0083e-06	3.1881e-07	2.8399e-06	4.2066e-07	2.284e-06	6.5397e-08	4.343e-07	6.4886e-08	1.5645e-07	1.0068e-07	3.5389e-07	5.0054e-08	1.4829e-07	7.7292e-08	1.7725e-07	1.4371e-07	1.8575e-06	1.0213e-08	9.4192e-08	1.2631e-09	1.6346e-09	1.2074e-10	2.6005e-10	1.6532e-11	9.6589e-11	1.8018e-11	5.0152e-11	1.6346e-11	5.3867e-11	1.2074e-11	2.972e-11	5.3867e-12	1.5046e-11	1.7646e-12	5.7582e-12	2.972e-12	8.5444e-12	2.7862e-12	7.43e-12	1.6346e-12	8.7302e-12	1.8389e-12	1.0588e-11	2.0432e-12	5.0152e-12	1.2074e-12	1.2445e-11	1.1145e-12	3.3435e-12	7.9872e-13	2.972e-12	3.5292e-13	3.3435e-12	5.7582e-13	2.6005e-12	6.5012e-13	2.6005e-12	9.8447e-13	1.6346e-12	3.3435e-13	1.6532e-12	2.4147e-13	1.5046e-12	1.356e-13	1.5046e-12	5.201e-13	2.229e-12	1.4674e-12	2.7862e-12	5.201e-13	9.1017e-13	2.7862e-13	2.6005e-12	1.356e-13	1.5046e-13	9.1017e-14
13516.7	0.0082312	0.0004604	2.1035e-06	1.0209e-06	2.4898e-06	1.2625e-05	2.7772e-06	1.3072e-05	1.8381e-07	1.9401e-06	3.0737e-07	2.7451e-06	4.0609e-07	2.2092e-06	6.3012e-08	4.1982e-07	6.2481e-08	1.5083e-07	9.6944e-08	3.4187e-07	4.8238e-08	1.4288e-07	7.4514e-08	1.7099e-07	1.3891e-07	1.7977e-06	9.8658e-09	9.1164e-08	1.2225e-09	1.582e-09	1.1685e-10	2.5168e-10	1.6e-11	9.3483e-11	1.7438e-11	4.8539e-11	1.582e-11	5.2135e-11	1.1685e-11	2.8764e-11	5.2135e-12	1.4562e-11	1.7079e-12	5.573e-12	2.8764e-12	8.2696e-12	2.6966e-12	7.191e-12	1.582e-12	8.4494e-12	1.7798e-12	1.0247e-11	1.9775e-12	4.8539e-12	1.1685e-12	1.2045e-11	1.0786e-12	3.2359e-12	7.7303e-13	2.8764e-12	3.4157e-13	3.2359e-12	5.573e-13	2.5168e-12	6.2921e-13	2.5168e-12	9.528e-13	1.582e-12	3.2359e-13	1.6e-12	2.3371e-13	1.4562e-12	1.3124e-13	1.4562e-12	5.0337e-13	2.1573e-12	1.4202e-12	2.6966e-12	5.0337e-13	8.8089e-13	2.6966e-13	2.5168e-12	1.3124e-13	1.4562e-13	8.8089e-14
13704.5	0.0079584	0.00044473	2.033e-06	9.8427e-07	2.3972e-06	1.2196e-05	2.6775e-06	1.2635e-05	1.7691e-07	1.874e-06	2.9621e-07	2.6533e-06	3.9201e-07	2.1368e-06	6.0712e-08	4.0581e-07	6.0161e-08	1.4542e-07	9.3345e-08	3.3024e-07	4.6505e-08	1.3765e-07	7.1833e-08	1.6495e-07	1.3426e-07	1.7399e-06	9.5299e-09	8.8195e-08	1.1831e-09	1.5311e-09	1.1309e-10	2.4358e-10	1.5485e-11	9.0472e-11	1.6877e-11	4.6976e-11	1.5311e-11	5.0456e-11	1.1309e-11	2.7838e-11	5.0456e-12	1.4093e-11	1.6529e-12	5.3935e-12	2.7838e-12	8.0033e-12	2.6098e-12	6.9594e-12	1.5311e-12	8.1773e-12	1.7225e-12	9.9172e-12	1.9138e-12	4.6976e-12	1.1309e-12	1.1657e-11	1.0439e-12	3.1317e-12	7.4814e-13	2.7838e-12	3.3057e-13	3.1317e-12	5.3935e-13	2.4358e-12	6.0895e-13	2.4358e-12	9.2212e-13	1.5311e-12	3.1317e-13	1.5485e-12	2.2618e-13	1.4093e-12	1.2701e-13	1.4093e-12	4.8716e-13	2.0878e-12	1.3745e-12	2.6098e-12	4.8716e-13	8.5253e-13	2.6098e-13	2.4358e-12	1.2701e-13	1.4093e-13	8.5253e-14
13895	0.0076942	0.00042958	1.9648e-06	9.4886e-07	2.308e-06	1.178e-05	2.5813e-06	1.2213e-05	1.7032e-07	1.8102e-06	2.8555e-07	2.5646e-06	3.7824e-07	2.0667e-06	5.8469e-08	3.9224e-07	5.7902e-08	1.4019e-07	8.9876e-08	3.1899e-07	4.4832e-08	1.3261e-07	6.9246e-08	1.5911e-07	1.2976e-07	1.6838e-06	9.205e-09	8.5354e-08	1.145e-09	1.4817e-09	1.0944e-10	2.3573e-10	1.4985e-11	8.7555e-11	1.6332e-11	4.5461e-11	1.4817e-11	4.8829e-11	1.0944e-11	2.694e-11	4.8829e-12	1.3638e-11	1.5996e-12	5.2197e-12	2.694e-12	7.7453e-12	2.5256e-12	6.735e-12	1.4817e-12	7.9137e-12	1.6669e-12	9.5974e-12	1.8521e-12	4.5461e-12	1.0944e-12	1.1281e-11	1.0103e-12	3.0308e-12	7.2402e-13	2.694e-12	3.1991e-13	3.0308e-12	5.2197e-13	2.3573e-12	5.8932e-13	2.3573e-12	8.9239e-13	1.4817e-12	3.0308e-13	1.4985e-12	2.1889e-13	1.3638e-12	1.2291e-13	1.3638e-12	4.7145e-13	2.0205e-12	1.3302e-12	2.5256e-12	4.7145e-13	8.2504e-13	2.5256e-13	2.3573e-12	1.2291e-13	1.3638e-13	8.2504e-14
14088.1	0.0074384	0.00041492	1.8988e-06	9.1469e-07	2.222e-06	1.1379e-05	2.4885e-06	1.1804e-05	1.6398e-07	1.7484e-06	2.7527e-07	2.4787e-06	3.651e-07	1.9988e-06	5.6329e-08	3.7912e-07	5.5748e-08	1.3514e-07	8.6497e-08	3.0811e-07	4.3217e-08	1.2775e-07	6.6749e-08	1.5348e-07	1.254e-07	1.6294e-06	8.8908e-09	8.2601e-08	1.108e-09	1.4339e-09	1.0591e-10	2.2812e-10	1.4502e-11	8.4729e-11	1.5805e-11	4.3994e-11	1.4339e-11	4.7253e-11	1.0591e-11	2.6071e-11	4.7253e-12	1.3198e-11	1.5479e-12	5.0512e-12	2.6071e-12	7.4953e-12	2.4441e-12	6.5176e-12	1.4339e-12	7.6582e-12	1.6131e-12	9.2876e-12	1.7924e-12	4.3994e-12	1.0591e-12	1.0917e-11	9.7765e-13	2.9329e-12	7.0065e-13	2.6071e-12	3.0959e-13	2.9329e-12	5.0512e-13	2.2812e-12	5.7029e-13	2.2812e-12	8.6359e-13	1.4339e-12	2.9329e-13	1.4502e-12	2.1182e-13	1.3198e-12	1.1895e-13	1.3198e-12	4.5623e-13	1.9553e-12	1.2872e-12	2.4441e-12	4.5623e-13	7.9841e-13	2.4441e-13	2.2812e-12	1.1895e-13	1.3198e-13	7.9841e-14
14283.8	0.0071907	0.00040075	1.835e-06	8.8171e-07	2.1391e-06	1.099e-05	2.3989e-06	1.1408e-05	1.5787e-07	1.688e-06	2.6535e-07	2.3946e-06	3.5239e-07	1.933e-06	5.4266e-08	3.6641e-07	5.3672e-08	1.3027e-07	8.3275e-08	2.9759e-07	4.1659e-08	1.2306e-07	6.434e-08	1.4804e-07	1.2119e-07	1.5768e-06	8.587e-09	7.9933e-08	1.0722e-09	1.3875e-09	1.0249e-10	2.2075e-10	1.4033e-11	8.1991e-11	1.5295e-11	4.2572e-11	1.3875e-11	4.5726e-11	1.0249e-11	2.5228e-11	4.5726e-12	1.2772e-11	1.4979e-12	4.8879e-12	2.5228e-12	7.2531e-12	2.3651e-12	6.307e-12	1.3875e-12	7.4107e-12	1.561e-12	8.9875e-12	1.7344e-12	4.2572e-12	1.0249e-12	1.0564e-11	9.4605e-13	2.8382e-12	6.78e-13	2.5228e-12	2.9958e-13	2.8382e-12	4.8879e-13	2.2075e-12	5.5186e-13	2.2075e-12	8.3568e-13	1.3875e-12	2.8382e-13	1.4033e-12	2.0498e-13	1.2772e-12	1.151e-13	1.2772e-12	4.4149e-13	1.8921e-12	1.2456e-12	2.3651e-12	4.4149e-13	7.7261e-13	2.3651e-13	2.2075e-12	1.151e-13	1.2772e-13	7.7261e-14
14482.4	0.0069509	0.0003869	1.7733e-06	8.4989e-07	2.0593e-06	1.061e-05	2.3115e-06	1.1021e-05	1.5197e-07	1.6303e-06	2.5577e-07	2.3142e-06	3.4012e-07	1.8686e-06	5.2275e-08	3.5398e-07	5.1671e-08	1.2557e-07	8.017e-08	2.873e-07	4.0155e-08	1.1854e-07	6.2015e-08	1.4278e-07	1.1711e-07	1.5257e-06	8.2932e-09	7.7349e-08	1.0375e-09	1.3427e-09	9.9173e-11	2.136e-10	1.3579e-11	7.9339e-11	1.48e-11	4.1195e-11	1.3427e-11	4.4247e-11	9.9173e-12	2.4412e-11	4.4247e-12	1.2359e-11	1.4495e-12	4.7298e-12	2.4412e-12	7.0184e-12	2.2886e-12	6.103e-12	1.3427e-12	7.171e-12	1.5105e-12	8.6967e-12	1.6783e-12	4.1195e-12	9.9173e-13	1.0222e-11	9.1545e-13	2.7463e-12	6.5607e-13	2.4412e-12	2.8989e-13	2.7463e-12	4.7298e-13	2.136e-12	5.3401e-13	2.136e-12	8.0864e-13	1.3427e-12	2.7463e-13	1.3579e-12	1.9835e-13	1.2359e-12	1.1138e-13	1.2359e-12	4.2721e-13	1.8309e-12	1.2053e-12	2.2886e-12	4.2721e-13	7.4761e-13	2.2886e-13	2.136e-12	1.1138e-13	1.2359e-13	7.4761e-14
14683.6	0.0067188	0.00037366	1.7135e-06	8.1918e-07	1.9823e-06	1.0247e-05	2.2281e-06	1.0651e-05	1.4629e-07	1.5745e-06	2.4653e-07	2.2364e-06	3.2826e-07	1.807e-06	5.0356e-08	3.421e-07	4.9742e-08	1.2103e-07	7.7178e-08	2.7747e-07	3.8704e-08	1.1418e-07	5.9771e-08	1.3771e-07	1.1317e-07	1.4763e-06	8.0092e-09	7.4846e-08	1.0039e-09	1.2992e-09	9.5961e-11	2.0669e-10	1.3139e-11	7.6769e-11	1.432e-11	3.9861e-11	1.2992e-11	4.2813e-11	9.5961e-12	2.3621e-11	4.2813e-12	1.1958e-11	1.4025e-12	4.5766e-12	2.3621e-12	6.7911e-12	2.2145e-12	5.9053e-12	1.2992e-12	6.9387e-12	1.4616e-12	8.4151e-12	1.624e-12	3.9861e-12	9.5961e-13	9.8914e-12	8.858e-13	2.6574e-12	6.3482e-13	2.3621e-12	2.805e-13	2.6574e-12	4.5766e-13	2.0669e-12	5.1671e-13	2.0669e-12	7.8245e-13	1.2992e-12	2.6574e-13	1.3139e-12	1.9192e-13	1.1958e-12	1.0777e-13	1.1958e-12	4.1337e-13	1.7716e-12	1.1663e-12	2.2145e-12	4.1337e-13	7.234e-13	2.2145e-13	2.0669e-12	1.0777e-13	1.1958e-13	7.234e-14
14887.7	0.0064941	0.00036085	1.6557e-06	7.8955e-07	1.9081e-06	9.896e-06	2.1476e-06	1.0292e-05	1.4082e-07	1.5206e-06	2.3762e-07	2.1612e-06	3.168e-07	1.7474e-06	4.8505e-08	3.306e-07	4.7883e-08	1.1666e-07	7.4293e-08	2.6797e-07	3.7304e-08	1.0998e-07	5.7607e-08	1.3281e-07	1.0936e-07	1.4285e-06	7.7346e-09	7.2421e-08	9.7135e-10	1.257e-09	9.285e-11	1.9998e-10	1.2713e-11	7.428e-11	1.3856e-11	3.8568e-11	1.257e-11	4.1425e-11	9.285e-12	2.2855e-11	4.1425e-12	1.157e-11	1.357e-12	4.4282e-12	2.2855e-12	6.5709e-12	2.1427e-12	5.7138e-12	1.257e-12	6.7137e-12	1.4142e-12	8.1422e-12	1.5713e-12	3.8568e-12	9.285e-13	9.5707e-12	8.5707e-13	2.5712e-12	6.1424e-13	2.2855e-12	2.7141e-13	2.5712e-12	4.4282e-13	1.9998e-12	4.9996e-13	1.9998e-12	7.5708e-13	1.257e-12	2.5712e-13	1.2713e-12	1.857e-13	1.157e-12	1.0428e-13	1.157e-12	3.9997e-13	1.7141e-12	1.1285e-12	2.1427e-12	3.9997e-13	6.9994e-13	2.1427e-13	1.9998e-12	1.0428e-13	1.157e-13	6.9994e-14
15094.6	0.0062766	0.00034848	1.5999e-06	7.6095e-07	1.8366e-06	9.5566e-06	2.07e-06	9.9458e-06	1.3555e-07	1.4684e-06	2.2901e-07	2.0884e-06	3.0572e-07	1.6897e-06	4.672e-08	3.1947e-07	4.6091e-08	1.1243e-07	7.1514e-08	2.5878e-07	3.5953e-08	1.0592e-07	5.5518e-08	1.2808e-07	1.0567e-07	1.3821e-06	7.4691e-09	7.0071e-08	9.3982e-10	1.2162e-09	8.9836e-11	1.9349e-10	1.2301e-11	7.1869e-11	1.3406e-11	3.7316e-11	1.2162e-11	4.0081e-11	8.9836e-12	2.2113e-11	4.0081e-12	1.1195e-11	1.313e-12	4.2845e-12	2.2113e-12	6.3576e-12	2.0731e-12	5.5284e-12	1.2162e-12	6.4958e-12	1.3683e-12	7.8779e-12	1.5203e-12	3.7316e-12	8.9836e-13	9.26e-12	8.2925e-13	2.4878e-12	5.943e-13	2.2113e-12	2.626e-13	2.4878e-12	4.2845e-13	1.9349e-12	4.8373e-13	1.9349e-12	7.3251e-13	1.2162e-12	2.4878e-13	1.2301e-12	1.7967e-13	1.1195e-12	1.0089e-13	1.1195e-12	3.8698e-13	1.6585e-12	1.0918e-12	2.0731e-12	3.8698e-13	6.7722e-13	2.0731e-13	1.9349e-12	1.0089e-13	1.1195e-13	6.7722e-14
15304.4	0.0060661	0.00033651	1.5458e-06	7.3337e-07	1.7677e-06	9.2285e-06	1.995e-06	9.6106e-06	1.3047e-07	1.418e-06	2.2071e-07	2.018e-06	2.9503e-07	1.6338e-06	4.4999e-08	3.0871e-07	4.4365e-08	1.0836e-07	6.8836e-08	2.499e-07	3.4649e-08	1.0202e-07	5.3504e-08	1.2352e-07	1.021e-07	1.3372e-06	7.2124e-09	6.7796e-08	9.0928e-10	1.1767e-09	8.6916e-11	1.872e-10	1.1901e-11	6.9533e-11	1.2971e-11	3.6104e-11	1.1767e-11	3.8778e-11	8.6916e-12	2.1395e-11	3.8778e-12	1.0831e-11	1.2703e-12	4.1452e-12	2.1395e-12	6.151e-12	2.0058e-12	5.3487e-12	1.1767e-12	6.2847e-12	1.3238e-12	7.6219e-12	1.4709e-12	3.6104e-12	8.6916e-13	8.9591e-12	8.0231e-13	2.4069e-12	5.7499e-13	2.1395e-12	2.5406e-13	2.4069e-12	4.1452e-13	1.872e-12	4.6801e-13	1.872e-12	7.087e-13	1.1767e-12	2.4069e-13	1.1901e-12	1.7383e-13	1.0831e-12	9.7614e-14	1.0831e-12	3.7441e-13	1.6046e-12	1.0564e-12	2.0058e-12	3.7441e-13	6.5522e-13	2.0058e-13	1.872e-12	9.7614e-14	1.0831e-13	6.5522e-14
15517.1	0.0058624	0.00032494	1.4935e-06	7.0675e-07	1.7014e-06	8.9113e-06	1.9227e-06	9.2863e-06	1.2557e-07	1.3692e-06	2.1271e-07	1.9499e-06	2.8469e-07	1.5797e-06	4.334e-08	2.983e-07	4.2702e-08	1.0443e-07	6.6255e-08	2.4131e-07	3.3392e-08	9.8249e-08	5.156e-08	1.1911e-07	9.8644e-08	1.2937e-06	6.9643e-09	6.5592e-08	8.797e-10	1.1384e-09	8.4089e-11	1.8111e-10	1.1514e-11	6.7271e-11	1.2549e-11	3.4929e-11	1.1384e-11	3.7517e-11	8.4089e-12	2.0699e-11	3.7517e-12	1.0479e-11	1.229e-12	4.0104e-12	2.0699e-12	5.9509e-12	1.9405e-12	5.1747e-12	1.1384e-12	6.0803e-12	1.2807e-12	7.374e-12	1.423e-12	3.4929e-12	8.4089e-13	8.6676e-12	7.7621e-13	2.3286e-12	5.5628e-13	2.0699e-12	2.458e-13	2.3286e-12	4.0104e-13	1.8111e-12	4.5279e-13	1.8111e-12	6.8565e-13	1.1384e-12	2.3286e-13	1.1514e-12	1.6818e-13	1.0479e-12	9.4438e-14	1.0479e-12	3.6223e-13	1.5524e-12	1.022e-12	1.9405e-12	3.6223e-13	6.339e-13	1.9405e-13	1.8111e-12	9.4438e-14	1.0479e-13	6.339e-14
15732.7	0.0056652	0.00031376	1.4429e-06	6.8108e-07	1.6374e-06	8.6047e-06	1.853e-06	8.9727e-06	1.2085e-07	1.3221e-06	2.0498e-07	1.884e-06	2.7471e-07	1.5273e-06	4.174e-08	2.8823e-07	4.1099e-08	1.0064e-07	6.3768e-08	2.3301e-07	3.2179e-08	9.4617e-08	4.9685e-08	1.1486e-07	9.5305e-08	1.2515e-06	6.7245e-09	6.3458e-08	8.5105e-10	1.1014e-09	8.1351e-11	1.7522e-10	1.1139e-11	6.5081e-11	1.214e-11	3.3792e-11	1.1014e-11	3.6295e-11	8.1351e-12	2.0025e-11	3.6295e-12	1.0138e-11	1.189e-12	3.8798e-12	2.0025e-12	5.7571e-12	1.8773e-12	5.0062e-12	1.1014e-12	5.8823e-12	1.239e-12	7.1338e-12	1.3767e-12	3.3792e-12	8.1351e-13	8.3854e-12	7.5093e-13	2.2528e-12	5.3817e-13	2.0025e-12	2.3779e-13	2.2528e-12	3.8798e-13	1.7522e-12	4.3804e-13	1.7522e-12	6.6332e-13	1.1014e-12	2.2528e-13	1.1139e-12	1.627e-13	1.0138e-12	9.1363e-14	1.0138e-12	3.5043e-13	1.5019e-12	9.8872e-13	1.8773e-12	3.5043e-13	6.1326e-13	1.8773e-13	1.7522e-12	9.1363e-14	1.0138e-13	6.1326e-14
15951.3	0.0054745	0.00030296	1.394e-06	6.5631e-07	1.5758e-06	8.3084e-06	1.7857e-06	8.6693e-06	1.1631e-07	1.2766e-06	1.9753e-07	1.8203e-06	2.6507e-07	1.4766e-06	4.0197e-08	2.7849e-07	3.9555e-08	9.6977e-08	6.1373e-08	2.2498e-07	3.1008e-08	9.1115e-08	4.7877e-08	1.1075e-07	9.2076e-08	1.2108e-06	6.4927e-09	6.139e-08	8.2331e-10	1.0655e-09	7.8699e-11	1.6951e-10	1.0776e-11	6.2959e-11	1.1744e-11	3.269e-11	1.0655e-11	3.5112e-11	7.8699e-12	1.9372e-11	3.5112e-12	9.8071e-12	1.1502e-12	3.7533e-12	1.9372e-12	5.5695e-12	1.8161e-12	4.843e-12	1.0655e-12	5.6905e-12	1.1986e-12	6.9013e-12	1.3318e-12	3.269e-12	7.8699e-13	8.112e-12	7.2645e-13	2.1794e-12	5.2062e-13	1.9372e-12	2.3004e-13	2.1794e-12	3.7533e-13	1.6951e-12	4.2376e-13	1.6951e-12	6.417e-13	1.0655e-12	2.1794e-13	1.0776e-12	1.574e-13	9.8071e-13	8.8385e-14	9.8071e-13	3.3901e-13	1.4529e-12	9.5649e-13	1.8161e-12	3.3901e-13	5.9327e-13	1.8161e-13	1.6951e-12	8.8385e-14	9.8071e-14	5.9327e-14
16173	0.0052899	0.00029251	1.3467e-06	6.3242e-07	1.5165e-06	8.022e-06	1.7208e-06	8.3758e-06	1.1193e-07	1.2326e-06	1.9034e-07	1.7587e-06	2.5576e-07	1.4276e-06	3.8711e-08	2.6906e-07	3.8067e-08	9.3448e-08	5.9065e-08	2.1723e-07	2.988e-08	8.774e-08	4.6132e-08	1.0679e-07	8.8953e-08	1.1712e-06	6.2687e-09	5.9388e-08	7.9644e-10	1.0307e-09	7.6131e-11	1.6397e-10	1.0424e-11	6.0905e-11	1.1361e-11	3.1624e-11	1.0307e-11	3.3966e-11	7.6131e-12	1.874e-11	3.3966e-12	9.4871e-12	1.1127e-12	3.6308e-12	1.874e-12	5.3877e-12	1.7569e-12	4.685e-12	1.0307e-12	5.5048e-12	1.1595e-12	6.6761e-12	1.2884e-12	3.1624e-12	7.6131e-13	7.8473e-12	7.0274e-13	2.1082e-12	5.0363e-13	1.874e-12	2.2254e-13	2.1082e-12	3.6308e-13	1.6397e-12	4.0993e-13	1.6397e-12	6.2076e-13	1.0307e-12	2.1082e-13	1.0424e-12	1.5226e-13	9.4871e-13	8.5501e-14	9.4871e-13	3.2795e-13	1.4055e-12	9.2528e-13	1.7569e-12	3.2795e-13	5.7391e-13	1.7569e-13	1.6397e-12	8.5501e-14	9.4871e-14	5.7391e-14
16397.8	0.0051113	0.00028241	1.3009e-06	6.0937e-07	1.4593e-06	7.7451e-06	1.6582e-06	8.092e-06	1.0771e-07	1.19e-06	1.8341e-07	1.6991e-06	2.4676e-07	1.3801e-06	3.7277e-08	2.5995e-07	3.6634e-08	9.0044e-08	5.6841e-08	2.0973e-07	2.8791e-08	8.4487e-08	4.445e-08	1.0296e-07	8.5933e-08	1.133e-06	6.0522e-09	5.745e-08	7.7043e-10	9.9702e-10	7.3644e-11	1.5862e-10	1.0084e-11	5.8915e-11	1.099e-11	3.0591e-11	9.9702e-12	3.2856e-11	7.3644e-12	1.8128e-11	3.2856e-12	9.1772e-12	1.0763e-12	3.5122e-12	1.8128e-12	5.2117e-12	1.6995e-12	4.5319e-12	9.9702e-13	5.325e-12	1.1217e-12	6.458e-12	1.2463e-12	3.0591e-12	7.3644e-13	7.591e-12	6.7979e-13	2.0394e-12	4.8718e-13	1.8128e-12	2.1527e-13	2.0394e-12	3.5122e-13	1.5862e-12	3.9654e-13	1.5862e-12	6.0048e-13	9.9702e-13	2.0394e-13	1.0084e-12	1.4729e-13	9.1772e-13	8.2708e-14	9.1772e-13	3.1724e-13	1.3596e-12	8.9506e-13	1.6995e-12	3.1724e-13	5.5516e-13	1.6995e-13	1.5862e-12	8.2708e-14	9.1772e-14	5.5516e-14
16625.7	0.0049385	0.00027266	1.2567e-06	5.8715e-07	1.4043e-06	7.4776e-06	1.5978e-06	7.8176e-06	1.0365e-07	1.1489e-06	1.7672e-07	1.6414e-06	2.3808e-07	1.3342e-06	3.5896e-08	2.5114e-07	3.5254e-08	8.676e-08	5.4699e-08	2.0249e-07	2.7741e-08	8.1351e-08	4.2827e-08	9.9267e-08	8.3013e-08	1.0959e-06	5.8429e-09	5.5572e-08	7.4524e-10	9.6442e-10	7.1236e-11	1.5343e-10	9.7538e-12	5.6989e-11	1.0631e-11	2.959e-11	9.6442e-12	3.1782e-11	7.1236e-12	1.7535e-11	3.1782e-12	8.8771e-12	1.0411e-12	3.3974e-12	1.7535e-12	5.0413e-12	1.6439e-12	4.3837e-12	9.6442e-13	5.1509e-12	1.085e-12	6.2468e-12	1.2055e-12	2.959e-12	7.1236e-13	7.3428e-12	6.5756e-13	1.9727e-12	4.7125e-13	1.7535e-12	2.0823e-13	1.9727e-12	3.3974e-13	1.5343e-12	3.8358e-13	1.5343e-12	5.8085e-13	9.6442e-13	1.9727e-13	9.7538e-13	1.4247e-13	8.8771e-13	8.0003e-14	8.8771e-13	3.0686e-13	1.3151e-12	8.6579e-13	1.6439e-12	3.0686e-13	5.3701e-13	1.6439e-13	1.5343e-12	8.0003e-14	8.8771e-14	5.3701e-14
16856.7	0.0047713	0.00026323	1.2139e-06	5.6571e-07	1.3512e-06	7.219e-06	1.5395e-06	7.5522e-06	9.9735e-08	1.1091e-06	1.7027e-07	1.5857e-06	2.2969e-07	1.2897e-06	3.4564e-08	2.4262e-07	3.3924e-08	8.3593e-08	5.2636e-08	1.9549e-07	2.6728e-08	7.8329e-08	4.1262e-08	9.5704e-08	8.0189e-08	1.0601e-06	5.6407e-09	5.3754e-08	7.2084e-10	9.3286e-10	6.8904e-11	1.4841e-10	9.4346e-12	5.5123e-11	1.0283e-11	2.8622e-11	9.3286e-12	3.0742e-11	6.8904e-12	1.6961e-11	3.0742e-12	8.5865e-12	1.0071e-12	3.2862e-12	1.6961e-12	4.8763e-12	1.5901e-12	4.2403e-12	9.3286e-13	4.9823e-12	1.0495e-12	6.0424e-12	1.1661e-12	2.8622e-12	6.8904e-13	7.1024e-12	6.3604e-13	1.9081e-12	4.5583e-13	1.6961e-12	2.0141e-13	1.9081e-12	3.2862e-13	1.4841e-12	3.7102e-13	1.4841e-12	5.6183e-13	9.3286e-13	1.9081e-13	9.4346e-13	1.3781e-13	8.5865e-13	7.7385e-14	8.5865e-13	2.9682e-13	1.2721e-12	8.3745e-13	1.5901e-12	2.9682e-13	5.1943e-13	1.5901e-13	1.4841e-12	7.7385e-14	8.5865e-14	5.1943e-14
17091	0.0046096	0.00025412	1.1726e-06	5.4504e-07	1.3001e-06	6.9691e-06	1.4834e-06	7.2955e-06	9.5966e-08	1.0708e-06	1.6405e-07	1.5318e-06	2.2159e-07	1.2467e-06	3.328e-08	2.3437e-07	3.2643e-08	8.0539e-08	5.0649e-08	1.8872e-07	2.5751e-08	7.5416e-08	3.9753e-08	9.2266e-08	7.7459e-08	1.0253e-06	5.4452e-09	5.1994e-08	6.9723e-10	9.023e-10	6.6647e-11	1.4355e-10	9.1255e-12	5.3317e-11	9.9458e-12	2.7684e-11	9.023e-12	2.9735e-11	6.6647e-12	1.6405e-11	2.9735e-12	8.3052e-12	9.7407e-13	3.1785e-12	1.6405e-12	4.7165e-12	1.538e-12	4.1013e-12	9.023e-13	4.8191e-12	1.0151e-12	5.8444e-12	1.1279e-12	2.7684e-12	6.6647e-13	6.8697e-12	6.152e-13	1.8456e-12	4.4089e-13	1.6405e-12	1.9481e-13	1.8456e-12	3.1785e-13	1.4355e-12	3.5887e-13	1.4355e-12	5.4343e-13	9.023e-13	1.8456e-13	9.1255e-13	1.3329e-13	8.3052e-13	7.485e-14	8.3052e-13	2.8709e-13	1.2304e-12	8.1002e-13	1.538e-12	2.8709e-13	5.0241e-13	1.538e-13	1.4355e-12	7.485e-14	8.3052e-14	5.0241e-14
17328.5	0.0044532	0.00024531	1.1326e-06	5.251e-07	1.251e-06	6.7277e-06	1.4292e-06	7.0474e-06	9.2337e-08	1.0336e-06	1.5805e-07	1.4797e-06	2.1376e-07	1.2051e-06	3.2043e-08	2.264e-07	3.1409e-08	7.7594e-08	4.8734e-08	1.8218e-07	2.4809e-08	7.2609e-08	3.8297e-08	8.8947e-08	7.4819e-08	9.9171e-07	5.2564e-09	5.029e-08	6.7436e-10	8.7271e-10	6.4461e-11	1.3884e-10	8.8262e-12	5.1569e-11	9.6196e-12	2.6776e-11	8.7271e-12	2.876e-11	6.4461e-12	1.5867e-11	2.876e-12	8.0329e-12	9.4213e-13	3.0743e-12	1.5867e-12	4.5619e-12	1.4876e-12	3.9668e-12	8.7271e-13	4.661e-12	9.8179e-13	5.6528e-12	1.0909e-12	2.6776e-12	6.4461e-13	6.6445e-12	5.9503e-13	1.7851e-12	4.2644e-13	1.5867e-12	1.8842e-13	1.7851e-12	3.0743e-13	1.3884e-12	3.471e-13	1.3884e-12	5.2561e-13	8.7271e-13	1.7851e-13	8.8262e-13	1.2892e-13	8.0329e-13	7.2395e-14	8.0329e-13	2.7768e-13	1.1901e-12	7.8345e-13	1.4876e-12	2.7768e-13	4.8594e-13	1.4876e-13	1.3884e-12	7.2395e-14	8.0329e-14	4.8594e-14
17569.3	0.0043019	0.0002368	1.0939e-06	5.0587e-07	1.2036e-06	6.4943e-06	1.3769e-06	6.8074e-06	8.8841e-08	9.9779e-07	1.5227e-07	1.4293e-06	2.0621e-07	1.1648e-06	3.0851e-08	2.187e-07	3.0221e-08	7.4753e-08	4.6891e-08	1.7587e-07	2.3901e-08	6.9904e-08	3.6894e-08	8.5746e-08	7.2266e-08	9.5916e-07	5.074e-09	4.864e-08	6.5223e-10	8.4406e-10	6.2345e-11	1.3428e-10	8.5365e-12	4.9876e-11	9.3038e-12	2.5897e-11	8.4406e-12	2.7816e-11	6.2345e-12	1.5347e-11	2.7816e-12	7.7692e-12	9.112e-13	2.9734e-12	1.5347e-12	4.4121e-12	1.4387e-12	3.8366e-12	8.4406e-13	4.508e-12	9.4957e-13	5.4672e-12	1.0551e-12	2.5897e-12	6.2345e-13	6.4264e-12	5.7549e-13	1.7265e-12	4.1244e-13	1.5347e-12	1.8224e-13	1.7265e-12	2.9734e-13	1.3428e-12	3.357e-13	1.3428e-12	5.0835e-13	8.4406e-13	1.7265e-13	8.5365e-13	1.2469e-13	7.7692e-13	7.0018e-14	7.7692e-13	2.6856e-13	1.151e-12	7.5773e-13	1.4387e-12	2.6856e-13	4.6999e-13	1.4387e-13	1.3428e-12	7.0018e-14	7.7692e-14	4.6999e-14
17813.5	0.0041556	0.00022858	1.0566e-06	4.8733e-07	1.158e-06	6.2689e-06	1.3265e-06	6.5754e-06	8.5474e-08	9.6315e-07	1.4669e-07	1.3805e-06	1.9892e-07	1.1259e-06	2.9702e-08	2.1125e-07	2.9077e-08	7.2015e-08	4.5116e-08	1.6976e-07	2.3025e-08	6.7297e-08	3.5541e-08	8.2656e-08	6.9799e-08	9.2764e-07	4.8977e-09	4.7043e-08	6.308e-10	8.1633e-10	6.0297e-11	1.2987e-10	8.256e-12	4.8237e-11	8.9981e-12	2.5046e-11	8.1633e-12	2.6902e-11	6.0297e-12	1.4842e-11	2.6902e-12	7.5139e-12	8.8126e-13	2.8757e-12	1.4842e-12	4.2672e-12	1.3915e-12	3.7106e-12	8.1633e-13	4.3599e-12	9.1837e-13	5.2876e-12	1.0204e-12	2.5046e-12	6.0297e-13	6.2152e-12	5.5659e-13	1.6698e-12	3.9889e-13	1.4842e-12	1.7625e-13	1.6698e-12	2.8757e-13	1.2987e-12	3.2467e-13	1.2987e-12	4.9165e-13	8.1633e-13	1.6698e-13	8.256e-13	1.2059e-13	7.5139e-13	6.7718e-14	7.5139e-13	2.5974e-13	1.1132e-12	7.3284e-13	1.3915e-12	2.5974e-13	4.5454e-13	1.3915e-13	1.2987e-12	6.7718e-14	7.5139e-14	4.5454e-14
18061.1	0.0040141	0.00022064	1.0204e-06	4.6946e-07	1.114e-06	6.0511e-06	1.2779e-06	6.3511e-06	8.2232e-08	9.2968e-07	1.4131e-07	1.3334e-06	1.9187e-07	1.0882e-06	2.8595e-08	2.0404e-07	2.7975e-08	6.9374e-08	4.3406e-08	1.6386e-07	2.2181e-08	6.4785e-08	3.4236e-08	7.9676e-08	6.7413e-08	8.9714e-07	4.7274e-09	4.5497e-08	6.1005e-10	7.8948e-10	5.8314e-11	1.256e-10	7.9845e-12	4.6651e-11	8.7022e-12	2.4223e-11	7.8948e-12	2.6017e-11	5.8314e-12	1.4354e-11	2.6017e-12	7.2668e-12	8.5228e-13	2.7811e-12	1.4354e-12	4.1268e-12	1.3457e-12	3.5885e-12	7.8948e-13	4.2165e-12	8.8816e-13	5.1137e-12	9.8685e-13	2.4223e-12	5.8314e-13	6.0108e-12	5.3828e-13	1.6148e-12	3.8577e-13	1.4354e-12	1.7046e-13	1.6148e-12	2.7811e-13	1.256e-12	3.14e-13	1.256e-12	4.7548e-13	7.8948e-13	1.6148e-13	7.9845e-13	1.1663e-13	7.2668e-13	6.5491e-14	7.2668e-13	2.512e-13	1.0766e-12	7.0874e-13	1.3457e-12	2.512e-13	4.396e-13	1.3457e-13	1.256e-12	6.5491e-14	7.2668e-14	4.396e-14
18312.1	0.0038772	0.00021297	9.8552e-07	4.5222e-07	1.0717e-06	5.8407e-06	1.2311e-06	6.1342e-06	7.911e-08	8.9734e-07	1.3612e-07	1.2879e-06	1.8508e-07	1.0517e-06	2.7528e-08	1.9708e-07	2.6913e-08	6.6827e-08	4.1759e-08	1.5817e-07	2.1366e-08	6.2365e-08	3.2978e-08	7.68e-08	6.5107e-08	8.676e-07	4.5628e-09	4.4e-08	5.8997e-10	7.6349e-10	5.6394e-11	1.2146e-10	7.7217e-12	4.5115e-11	8.4158e-12	2.3425e-11	7.6349e-12	2.5161e-11	5.6394e-12	1.3882e-11	2.5161e-12	7.0276e-12	8.2422e-13	2.6896e-12	1.3882e-12	3.991e-12	1.3014e-12	3.4704e-12	7.6349e-13	4.0777e-12	8.5893e-13	4.9453e-12	9.5436e-13	2.3425e-12	5.6394e-13	5.813e-12	5.2056e-13	1.5617e-12	3.7307e-13	1.3882e-12	1.6484e-13	1.5617e-12	2.6896e-13	1.2146e-12	3.0366e-13	1.2146e-12	4.5983e-13	7.6349e-13	1.5617e-13	7.7217e-13	1.1279e-13	7.0276e-13	6.3335e-14	7.0276e-13	2.4293e-13	1.0411e-12	6.8541e-13	1.3014e-12	2.4293e-13	4.2513e-13	1.3014e-13	1.2146e-12	6.3335e-14	7.0276e-14	4.2513e-14
18566.6	0.0037448	0.00020555	9.5177e-07	4.356e-07	1.031e-06	5.6374e-06	1.1859e-06	5.9246e-06	7.6104e-08	8.661e-07	1.3112e-07	1.2439e-06	1.7851e-07	1.0165e-06	2.65e-08	1.9035e-07	2.5892e-08	6.4372e-08	4.0174e-08	1.5266e-07	2.0581e-08	6.0034e-08	3.1766e-08	7.4025e-08	6.2878e-08	8.3902e-07	4.4038e-09	4.2551e-08	5.7053e-10	7.3834e-10	5.4536e-11	1.1746e-10	7.4673e-12	4.3629e-11	8.1385e-12	2.2654e-11	7.3834e-12	2.4332e-11	5.4536e-12	1.3424e-11	2.4332e-12	6.7961e-12	7.9707e-13	2.601e-12	1.3424e-12	3.8595e-12	1.2585e-12	3.3561e-12	7.3834e-13	3.9434e-12	8.3063e-13	4.7824e-12	9.2292e-13	2.2654e-12	5.4536e-13	5.6214e-12	5.0341e-13	1.5102e-12	3.6078e-13	1.3424e-12	1.5941e-13	1.5102e-12	2.601e-13	1.1746e-12	2.9366e-13	1.1746e-12	4.4468e-13	7.3834e-13	1.5102e-13	7.4673e-13	1.0907e-13	6.7961e-13	6.1248e-14	6.7961e-13	2.3493e-13	1.0068e-12	6.6283e-13	1.2585e-12	2.3493e-13	4.1112e-13	1.2585e-13	1.1746e-12	6.1248e-14	6.7961e-14	4.1112e-14
18824.6	0.0036169	0.00019839	9.1913e-07	4.1958e-07	9.9176e-07	5.441e-06	1.1423e-06	5.7219e-06	7.321e-08	8.3592e-07	1.263e-07	1.2013e-06	1.7217e-07	9.8233e-07	2.551e-08	1.8384e-07	2.4908e-08	6.2005e-08	3.8647e-08	1.4734e-07	1.9824e-08	5.7787e-08	3.0596e-08	7.1349e-08	6.0724e-08	8.1135e-07	4.2503e-09	4.1149e-08	5.5172e-10	7.1399e-10	5.2738e-11	1.1359e-10	7.221e-12	4.219e-11	7.8701e-12	2.1906e-11	7.1399e-12	2.3529e-11	5.2738e-12	1.2982e-11	2.3529e-12	6.5719e-12	7.7078e-13	2.5152e-12	1.2982e-12	3.7322e-12	1.217e-12	3.2454e-12	7.1399e-13	3.8134e-12	8.0324e-13	4.6247e-12	8.9249e-13	2.1906e-12	5.2738e-13	5.4361e-12	4.8681e-13	1.4604e-12	3.4888e-13	1.2982e-12	1.5416e-13	1.4604e-12	2.5152e-13	1.1359e-12	2.8397e-13	1.1359e-12	4.3002e-13	7.1399e-13	1.4604e-13	7.221e-13	1.0548e-13	6.5719e-13	5.9229e-14	6.5719e-13	2.2718e-13	9.7362e-13	6.4097e-13	1.217e-12	2.2718e-13	3.9756e-13	1.217e-13	1.1359e-12	5.9229e-14	6.5719e-14	3.9756e-14
19086.2	0.0034931	0.00019147	8.876e-07	4.0413e-07	9.54e-07	5.2512e-06	1.1003e-06	5.526e-06	7.0424e-08	8.0676e-07	1.2165e-07	1.1602e-06	1.6606e-07	9.4933e-07	2.4555e-08	1.7755e-07	2.396e-08	5.9723e-08	3.7177e-08	1.4221e-07	1.9095e-08	5.5623e-08	2.9469e-08	6.8767e-08	5.8641e-08	7.8457e-07	4.1019e-09	3.9792e-08	5.3351e-10	6.9042e-10	5.0997e-11	1.0984e-10	6.9827e-12	4.0798e-11	7.6104e-12	2.1183e-11	6.9042e-12	2.2753e-11	5.0997e-12	1.2553e-11	2.2753e-12	6.355e-12	7.4534e-13	2.4322e-12	1.2553e-12	3.609e-12	1.1769e-12	3.1383e-12	6.9042e-13	3.6875e-12	7.7673e-13	4.4721e-12	8.6303e-13	2.1183e-12	5.0997e-13	5.2566e-12	4.7074e-13	1.4122e-12	3.3737e-13	1.2553e-12	1.4907e-13	1.4122e-12	2.4322e-13	1.0984e-12	2.746e-13	1.0984e-12	4.1582e-13	6.9042e-13	1.4122e-13	6.9827e-13	1.0199e-13	6.355e-13	5.7274e-14	6.355e-13	2.1968e-13	9.4149e-13	6.1981e-13	1.1769e-12	2.1968e-13	3.8444e-13	1.1769e-13	1.0984e-12	5.7274e-14	6.355e-14	3.8444e-14
19351.4	0.0033735	0.00018479	8.5711e-07	3.8924e-07	9.1765e-07	5.068e-06	1.0598e-06	5.3367e-06	6.7741e-08	7.786e-07	1.1717e-07	1.1204e-06	1.6015e-07	9.174e-07	2.3636e-08	1.7146e-07	2.3048e-08	5.7523e-08	3.5762e-08	1.3724e-07	1.8391e-08	5.3538e-08	2.8383e-08	6.6276e-08	5.6628e-08	7.5865e-07	3.9587e-09	3.8478e-08	5.1589e-10	6.6762e-10	4.9313e-11	1.0621e-10	6.752e-12	3.945e-11	7.359e-12	2.0484e-11	6.6762e-12	2.2001e-11	4.9313e-12	1.2138e-11	2.2001e-12	6.1451e-12	7.2072e-13	2.3518e-12	1.2138e-12	3.4898e-12	1.138e-12	3.0346e-12	6.6762e-13	3.5657e-12	7.5107e-13	4.3243e-12	8.3452e-13	2.0484e-12	4.9313e-13	5.083e-12	4.5519e-13	1.3656e-12	3.2622e-13	1.2138e-12	1.4414e-13	1.3656e-12	2.3518e-13	1.0621e-12	2.6553e-13	1.0621e-12	4.0209e-13	6.6762e-13	1.3656e-13	6.752e-13	9.8625e-14	6.1451e-13	5.5382e-14	6.1451e-13	2.1242e-13	9.1039e-13	5.9934e-13	1.138e-12	2.1242e-13	3.7174e-13	1.138e-13	1.0621e-12	5.5382e-14	6.1451e-14	3.7174e-14
19620.4	0.0032578	0.00017833	8.2765e-07	3.7489e-07	8.8265e-07	4.8909e-06	1.0208e-06	5.1537e-06	6.5158e-08	7.514e-07	1.1285e-07	1.082e-06	1.5445e-07	8.8652e-07	2.275e-08	1.6559e-07	2.217e-08	5.5402e-08	3.44e-08	1.3245e-07	1.7713e-08	5.1529e-08	2.7336e-08	6.3874e-08	5.4683e-08	7.3357e-07	3.8203e-09	3.7206e-08	4.9883e-10	6.4554e-10	4.7682e-11	1.027e-10	6.5288e-12	3.8146e-11	7.1156e-12	1.9806e-11	6.4554e-12	2.1274e-11	4.7682e-12	1.1737e-11	2.1274e-12	5.9419e-12	6.9689e-13	2.2741e-12	1.1737e-12	3.3744e-12	1.1004e-12	2.9343e-12	6.4554e-13	3.4478e-12	7.2624e-13	4.1814e-12	8.0693e-13	1.9806e-12	4.7682e-13	4.9149e-12	4.4014e-13	1.3204e-12	3.1544e-13	1.1737e-12	1.3938e-13	1.3204e-12	2.2741e-13	1.027e-12	2.5675e-13	1.027e-12	3.8879e-13	6.4554e-13	1.3204e-13	6.5288e-13	9.5364e-14	5.9419e-13	5.3551e-14	5.9419e-13	2.054e-13	8.8029e-13	5.7952e-13	1.1004e-12	2.054e-13	3.5945e-13	1.1004e-13	1.027e-12	5.3551e-14	5.9419e-14	3.5945e-14
19893	0.003146	0.0001721	7.9918e-07	3.6105e-07	8.4896e-07	4.7199e-06	9.8319e-07	4.9768e-06	6.2672e-08	7.2513e-07	1.0869e-07	1.0448e-06	1.4895e-07	8.5666e-07	2.1897e-08	1.599e-07	2.1325e-08	5.3358e-08	3.3088e-08	1.2782e-07	1.706e-08	4.9595e-08	2.6326e-08	6.1557e-08	5.2802e-08	7.093e-07	3.6866e-09	3.5976e-08	4.8232e-10	6.2418e-10	4.6104e-11	9.9302e-11	6.3127e-12	3.6883e-11	6.8802e-12	1.9151e-11	6.2418e-12	2.057e-11	4.6104e-12	1.1349e-11	2.057e-12	5.7453e-12	6.7383e-13	2.1988e-12	1.1349e-12	3.2628e-12	1.0639e-12	2.8372e-12	6.2418e-13	3.3337e-12	7.022e-13	4.043e-12	7.8023e-13	1.9151e-12	4.6104e-13	4.7523e-12	4.2558e-13	1.2767e-12	3.05e-13	1.1349e-12	1.3477e-13	1.2767e-12	2.1988e-13	9.9302e-13	2.4825e-13	9.9302e-13	3.7593e-13	6.2418e-13	1.2767e-13	6.3127e-13	9.2209e-14	5.7453e-13	5.1779e-14	5.7453e-13	1.986e-13	8.5116e-13	5.6034e-13	1.0639e-12	1.986e-13	3.4756e-13	1.0639e-13	9.9302e-13	5.1779e-14	5.7453e-14	3.4756e-14
20169.5	0.0030378	0.00016608	7.7167e-07	3.4772e-07	8.1653e-07	4.5548e-06	9.4693e-07	4.8058e-06	6.0279e-08	6.9975e-07	1.0468e-07	1.0089e-06	1.4364e-07	8.2777e-07	2.1075e-08	1.5441e-07	2.0511e-08	5.1388e-08	3.1825e-08	1.2335e-07	1.643e-08	4.7731e-08	2.5353e-08	5.9322e-08	5.0985e-08	6.8581e-07	3.5575e-09	3.4785e-08	4.6635e-10	6.0351e-10	4.4577e-11	9.6013e-11	6.1037e-12	3.5662e-11	6.6523e-12	1.8517e-11	6.0351e-12	1.9888e-11	4.4577e-12	1.0973e-11	1.9888e-12	5.555e-12	6.5152e-13	2.126e-12	1.0973e-12	3.1547e-12	1.0287e-12	2.7432e-12	6.0351e-13	3.2233e-12	6.7895e-13	3.9091e-12	7.5439e-13	1.8517e-12	4.4577e-13	4.5949e-12	4.1148e-13	1.2345e-12	2.949e-13	1.0973e-12	1.303e-13	1.2345e-12	2.126e-13	9.6013e-13	2.4003e-13	9.6013e-13	3.6348e-13	6.0351e-13	1.2345e-13	6.1037e-13	8.9155e-14	5.555e-13	5.0064e-14	5.555e-13	1.9203e-13	8.2297e-13	5.4179e-13	1.0287e-12	1.9203e-13	3.3604e-13	1.0287e-13	9.6013e-13	5.0064e-14	5.555e-14	3.3604e-14
20449.8	0.0029333	0.00016026	7.4508e-07	3.3486e-07	7.8531e-07	4.3953e-06	9.1197e-07	4.6405e-06	5.7975e-08	6.7524e-07	1.0081e-07	9.7422e-07	1.3852e-07	7.9984e-07	2.0283e-08	1.491e-07	1.9727e-08	4.9488e-08	3.061e-08	1.1903e-07	1.5822e-08	4.5936e-08	2.4416e-08	5.7166e-08	4.923e-08	6.6307e-07	3.4328e-09	3.3632e-08	4.5089e-10	5.8351e-10	4.31e-11	9.283e-11	5.9014e-12	3.448e-11	6.4318e-12	1.7903e-11	5.8351e-12	1.9229e-11	4.31e-12	1.0609e-11	1.9229e-12	5.3709e-12	6.2992e-13	2.0555e-12	1.0609e-12	3.0501e-12	9.9461e-13	2.6523e-12	5.8351e-13	3.1165e-12	6.5644e-13	3.7795e-12	7.2938e-13	1.7903e-12	4.31e-13	4.4426e-12	3.9784e-13	1.1935e-12	2.8512e-13	1.0609e-12	1.2598e-13	1.1935e-12	2.0555e-13	9.283e-13	2.3208e-13	9.283e-13	3.5143e-13	5.8351e-13	1.1935e-13	5.9014e-13	8.62e-14	5.3709e-13	4.8404e-14	5.3709e-13	1.8566e-13	7.9569e-13	5.2383e-13	9.9461e-13	1.8566e-13	3.2491e-13	9.9461e-14	9.283e-13	4.8404e-14	5.3709e-14	3.2491e-14
20734	0.0028323	0.00015464	7.1939e-07	3.2248e-07	7.5527e-07	4.2412e-06	8.7827e-07	4.4809e-06	5.5757e-08	6.5157e-07	9.7082e-08	9.4069e-07	1.3357e-07	7.7283e-07	1.9521e-08	1.4397e-07	1.8973e-08	4.7658e-08	2.944e-08	1.1486e-07	1.5237e-08	4.4207e-08	2.3512e-08	5.5087e-08	4.7533e-08	6.4108e-07	3.3124e-09	3.2517e-08	4.3593e-10	5.6415e-10	4.167e-11	8.9751e-11	5.7056e-12	3.3336e-11	6.2185e-12	1.7309e-11	5.6415e-12	1.8591e-11	4.167e-12	1.0257e-11	1.8591e-12	5.1927e-12	6.0902e-13	1.9873e-12	1.0257e-12	2.949e-12	9.6162e-13	2.5643e-12	5.6415e-13	3.0131e-12	6.3467e-13	3.6541e-12	7.0519e-13	1.7309e-12	4.167e-13	4.2952e-12	3.8465e-13	1.1539e-12	2.7566e-13	1.0257e-12	1.218e-13	1.1539e-12	1.9873e-13	8.9751e-13	2.2438e-13	8.9751e-13	3.3977e-13	5.6415e-13	1.1539e-13	5.7056e-13	8.334e-14	5.1927e-13	4.6799e-14	5.1927e-13	1.795e-13	7.6929e-13	5.0645e-13	9.6162e-13	1.795e-13	3.1413e-13	9.6162e-14	8.9751e-13	4.6799e-14	5.1927e-14	3.1413e-14
21022.2	0.0027347	0.00014922	6.9456e-07	3.1054e-07	7.2635e-07	4.0925e-06	8.458e-07	4.3265e-06	5.3623e-08	6.2871e-07	9.3489e-08	9.0829e-07	1.288e-07	7.4671e-07	1.8786e-08	1.3902e-07	1.8247e-08	4.5894e-08	2.8314e-08	1.1083e-07	1.4673e-08	4.2542e-08	2.2641e-08	5.3082e-08	4.5893e-08	6.1979e-07	3.1961e-09	3.1438e-08	4.2146e-10	5.4542e-10	4.0287e-11	8.6771e-11	5.5162e-12	3.2229e-11	6.012e-12	1.6734e-11	5.4542e-12	1.7974e-11	4.0287e-12	9.9167e-12	1.7974e-12	5.0203e-12	5.8881e-13	1.9214e-12	9.9167e-13	2.8511e-12	9.2969e-13	2.4792e-12	5.4542e-13	2.913e-12	6.136e-13	3.5328e-12	6.8177e-13	1.6734e-12	4.0287e-13	4.1526e-12	3.7188e-13	1.1156e-12	2.6651e-13	9.9167e-13	1.1776e-13	1.1156e-12	1.9214e-13	8.6771e-13	2.1693e-13	8.6771e-13	3.2849e-13	5.4542e-13	1.1156e-13	5.5162e-13	8.0573e-14	5.0203e-13	4.5245e-14	5.0203e-13	1.7354e-13	7.4375e-13	4.8964e-13	9.2969e-13	1.7354e-13	3.037e-13	9.2969e-14	8.6771e-13	4.5245e-14	5.0203e-14	3.037e-14
21314.3	0.0026403	0.00014398	6.7057e-07	2.9903e-07	6.9852e-07	3.9488e-06	8.145e-07	4.1774e-06	5.1569e-08	6.0664e-07	9.0026e-08	8.7697e-07	1.2419e-07	7.2145e-07	1.8079e-08	1.3423e-07	1.7549e-08	4.4194e-08	2.723e-08	1.0694e-07	1.4129e-08	4.0939e-08	2.1802e-08	5.1149e-08	4.4309e-08	5.992e-07	3.0838e-09	3.0394e-08	4.0746e-10	5.273e-10	3.8948e-11	8.3888e-11	5.3329e-12	3.1158e-11	5.8123e-12	1.6178e-11	5.273e-12	1.7377e-11	3.8948e-12	9.5872e-12	1.7377e-12	4.8535e-12	5.6924e-13	1.8575e-12	9.5872e-13	2.7563e-12	8.988e-13	2.3968e-12	5.273e-13	2.8162e-12	5.9321e-13	3.4154e-12	6.5912e-13	1.6178e-12	3.8948e-13	4.0146e-12	3.5952e-13	1.0786e-12	2.5766e-13	9.5872e-13	1.1385e-13	1.0786e-12	1.8575e-13	8.3888e-13	2.0972e-13	8.3888e-13	3.1758e-13	5.273e-13	1.0786e-13	5.3329e-13	7.7896e-14	4.8535e-13	4.3742e-14	4.8535e-13	1.6778e-13	7.1904e-13	4.7337e-13	8.988e-13	1.6778e-13	2.9361e-13	8.988e-14	8.3888e-13	4.3742e-14	4.8535e-14	2.9361e-14
21610.5	0.0025491	0.00013892	6.474e-07	2.8794e-07	6.7173e-07	3.8101e-06	7.8433e-07	4.0333e-06	4.9592e-08	5.8532e-07	8.6689e-08	8.4672e-07	1.1975e-07	6.9703e-07	1.7398e-08	1.296e-07	1.6876e-08	4.2555e-08	2.6187e-08	1.0318e-07	1.3606e-08	3.9394e-08	2.0993e-08	4.9284e-08	4.2778e-08	5.7928e-07	2.9754e-09	2.9384e-08	3.9391e-10	5.0976e-10	3.7653e-11	8.1099e-11	5.1556e-12	3.0122e-11	5.619e-12	1.564e-11	5.0976e-12	1.6799e-11	3.7653e-12	9.2684e-12	1.6799e-12	4.6921e-12	5.5031e-13	1.7958e-12	9.2684e-13	2.6647e-12	8.6892e-13	2.3171e-12	5.0976e-13	2.7226e-12	5.7348e-13	3.3019e-12	6.372e-13	1.564e-12	3.7653e-13	3.8812e-12	3.4757e-13	1.0427e-12	2.4909e-13	9.2684e-13	1.1006e-13	1.0427e-12	1.7958e-13	8.1099e-13	2.0275e-13	8.1099e-13	3.0702e-13	5.0976e-13	1.0427e-13	5.1556e-13	7.5306e-14	4.6921e-13	4.2287e-14	4.6921e-13	1.622e-13	6.9513e-13	4.5763e-13	8.6892e-13	1.622e-13	2.8385e-13	8.6892e-14	8.1099e-13	4.2287e-14	4.6921e-14	2.8385e-14
21910.9	0.002461	0.00013404	6.25e-07	2.7725e-07	6.4595e-07	3.6761e-06	7.5526e-07	3.8941e-06	4.7689e-08	5.6474e-07	8.3473e-08	8.1748e-07	1.1546e-07	6.7341e-07	1.6742e-08	1.2513e-07	1.6229e-08	4.0976e-08	2.5183e-08	9.9554e-08	1.3101e-08	3.7907e-08	2.0213e-08	4.7487e-08	4.1299e-08	5.6e-07	2.8707e-09	2.8407e-08	3.808e-10	4.928e-10	3.64e-11	7.84e-11	4.984e-12	2.912e-11	5.432e-12	1.512e-11	4.928e-12	1.624e-11	3.64e-12	8.96e-12	1.624e-12	4.536e-12	5.32e-13	1.736e-12	8.96e-13	2.576e-12	8.4e-13	2.24e-12	4.928e-13	2.632e-12	5.544e-13	3.192e-12	6.16e-13	1.512e-12	3.64e-13	3.752e-12	3.36e-13	1.008e-12	2.408e-13	8.96e-13	1.064e-13	1.008e-12	1.736e-13	7.84e-13	1.96e-13	7.84e-13	2.968e-13	4.928e-13	1.008e-13	4.984e-13	7.28e-14	4.536e-13	4.088e-14	4.536e-13	1.568e-13	6.72e-13	4.424e-13	8.4e-13	1.568e-13	2.744e-13	8.4e-14	7.84e-13	4.088e-14	4.536e-14	2.744e-14
22215.4	0.0023758	0.00012932	6.0337e-07	2.6696e-07	6.2114e-07	3.5468e-06	7.2725e-07	3.7596e-06	4.5858e-08	5.4487e-07	8.0375e-08	7.8923e-07	1.1132e-07	6.5058e-07	1.611e-08	1.208e-07	1.5606e-08	3.9455e-08	2.4216e-08	9.6051e-08	1.2614e-08	3.6475e-08	1.9462e-08	4.5753e-08	3.987e-08	5.4135e-07	2.7696e-09	2.7461e-08	3.6812e-10	4.7639e-10	3.5188e-11	7.5789e-11	4.818e-12	2.815e-11	5.2511e-12	1.4616e-11	4.7639e-12	1.5699e-11	3.5188e-12	8.6616e-12	1.5699e-12	4.3849e-12	5.1428e-13	1.6782e-12	8.6616e-13	2.4902e-12	8.1202e-13	2.1654e-12	4.7639e-13	2.5443e-12	5.3594e-13	3.0857e-12	5.9548e-13	1.4616e-12	3.5188e-13	3.627e-12	3.2481e-13	9.7443e-13	2.3278e-13	8.6616e-13	1.0286e-13	9.7443e-13	1.6782e-13	7.5789e-13	1.8947e-13	7.5789e-13	2.8692e-13	4.7639e-13	9.7443e-14	4.818e-13	7.0375e-14	4.3849e-13	3.9519e-14	4.3849e-13	1.5158e-13	6.4962e-13	4.2767e-13	8.1202e-13	1.5158e-13	2.6526e-13	8.1202e-14	7.5789e-13	3.9519e-14	4.3849e-14	2.6526e-14
22524.1	0.0022935	0.00012477	5.8247e-07	2.5704e-07	5.9727e-07	3.4219e-06	7.0025e-07	3.6296e-06	4.4096e-08	5.2568e-07	7.7389e-08	7.6194e-07	1.0733e-07	6.285e-07	1.5501e-08	1.1663e-07	1.5007e-08	3.7989e-08	2.3286e-08	9.2669e-08	1.2146e-08	3.5096e-08	1.8739e-08	4.4082e-08	3.849e-08	5.2331e-07	2.672e-09	2.6546e-08	3.5585e-10	4.6051e-10	3.4015e-11	7.3263e-11	4.6574e-12	2.7212e-11	5.0761e-12	1.4129e-11	4.6051e-12	1.5176e-11	3.4015e-12	8.3729e-12	1.5176e-12	4.2388e-12	4.9714e-13	1.6223e-12	8.3729e-13	2.4072e-12	7.8496e-13	2.0932e-12	4.6051e-13	2.4595e-12	5.1807e-13	2.9829e-12	5.7564e-13	1.4129e-12	3.4015e-13	3.5062e-12	3.1398e-13	9.4195e-13	2.2502e-13	8.3729e-13	9.9428e-14	9.4195e-13	1.6223e-13	7.3263e-13	1.8316e-13	7.3263e-13	2.7735e-13	4.6051e-13	9.4195e-14	4.6574e-13	6.803e-14	4.2388e-13	3.8201e-14	4.2388e-13	1.4653e-13	6.2797e-13	4.1341e-13	7.8496e-13	1.4653e-13	2.5642e-13	7.8496e-14	7.3263e-13	3.8201e-14	4.2388e-14	2.5642e-14
22837.1	0.0022139	0.00012037	5.6228e-07	2.4748e-07	5.743e-07	3.3013e-06	6.7424e-07	3.504e-06	4.24e-08	5.0715e-07	7.4512e-08	7.3557e-07	1.0347e-07	6.0716e-07	1.4915e-08	1.1259e-07	1.443e-08	3.6576e-08	2.2391e-08	8.9404e-08	1.1694e-08	3.3768e-08	1.8041e-08	4.247e-08	3.7156e-08	5.0585e-07	2.5777e-09	2.5661e-08	3.4398e-10	4.4515e-10	3.288e-11	7.0819e-11	4.5021e-12	2.6304e-11	4.9068e-12	1.3658e-11	4.4515e-12	1.467e-11	3.288e-12	8.0937e-12	1.467e-12	4.0974e-12	4.8056e-13	1.5681e-12	8.0937e-13	2.3269e-12	7.5878e-13	2.0234e-12	4.4515e-13	2.3775e-12	5.0079e-13	2.8834e-12	5.5644e-13	1.3658e-12	3.288e-13	3.3892e-12	3.0351e-13	9.1054e-13	2.1752e-13	8.0937e-13	9.6112e-14	9.1054e-13	1.5681e-13	7.0819e-13	1.7705e-13	7.0819e-13	2.681e-13	4.4515e-13	9.1054e-14	4.5021e-13	6.5761e-14	4.0974e-13	3.6927e-14	4.0974e-13	1.4164e-13	6.0702e-13	3.9962e-13	7.5878e-13	1.4164e-13	2.4787e-13	7.5878e-14	7.0819e-13	3.6927e-14	4.0974e-14	2.4787e-14
23154.5	0.0021371	0.00011613	5.4277e-07	2.3827e-07	5.5219e-07	3.1849e-06	6.4917e-07	3.3827e-06	4.0769e-08	4.8927e-07	7.174e-08	7.101e-07	9.9757e-08	5.8653e-07	1.4351e-08	1.087e-07	1.3875e-08	3.5215e-08	2.153e-08	8.6252e-08	1.1259e-08	3.249e-08	1.737e-08	4.0916e-08	3.5868e-08	4.8897e-07	2.4868e-09	2.4805e-08	3.325e-10	4.3029e-10	3.1783e-11	6.8456e-11	4.3518e-12	2.5426e-11	4.743e-12	1.3202e-11	4.3029e-12	1.418e-11	3.1783e-12	7.8235e-12	1.418e-12	3.9606e-12	4.6452e-13	1.5158e-12	7.8235e-13	2.2493e-12	7.3345e-13	1.9559e-12	4.3029e-13	2.2982e-12	4.8408e-13	2.7871e-12	5.3787e-13	1.3202e-12	3.1783e-13	3.2761e-12	2.9338e-13	8.8014e-13	2.1026e-13	7.8235e-13	9.2904e-14	8.8014e-13	1.5158e-13	6.8456e-13	1.7114e-13	6.8456e-13	2.5915e-13	4.3029e-13	8.8014e-14	4.3518e-13	6.3566e-14	3.9606e-13	3.5695e-14	3.9606e-13	1.3691e-13	5.8676e-13	3.8629e-13	7.3345e-13	1.3691e-13	2.3959e-13	7.3345e-14	6.8456e-13	3.5695e-14	3.9606e-14	2.3959e-14
23476.3	0.0020628	0.00011203	5.2393e-07	2.2939e-07	5.3092e-07	3.0725e-06	6.2502e-07	3.2655e-06	3.9199e-08	4.72e-07	6.9069e-08	6.8549e-07	9.617e-08	5.6658e-07	1.3808e-08	1.0493e-07	1.3341e-08	3.3904e-08	2.0702e-08	8.3208e-08	1.0839e-08	3.1259e-08	1.6722e-08	3.9419e-08	3.4623e-08	4.7264e-07	2.3989e-09	2.3977e-08	3.2139e-10	4.1592e-10	3.0721e-11	6.6169e-11	4.2065e-12	2.4577e-11	4.5846e-12	1.2761e-11	4.1592e-12	1.3706e-11	3.0721e-12	7.5622e-12	1.3706e-12	3.8284e-12	4.49e-13	1.4652e-12	7.5622e-13	2.1741e-12	7.0895e-13	1.8905e-12	4.1592e-13	2.2214e-12	4.6791e-13	2.694e-12	5.199e-13	1.2761e-12	3.0721e-13	3.1667e-12	2.8358e-13	8.5074e-13	2.0323e-13	7.5622e-13	8.9801e-14	8.5074e-13	1.4652e-13	6.6169e-13	1.6542e-13	6.6169e-13	2.505e-13	4.1592e-13	8.5074e-14	4.2065e-13	6.1443e-14	3.8284e-13	3.4502e-14	3.8284e-13	1.3234e-13	5.6716e-13	3.7338e-13	7.0895e-13	1.3234e-13	2.3159e-13	7.0895e-14	6.6169e-13	3.4502e-14	3.8284e-14	2.3159e-14
23802.5	0.0019911	0.00010807	5.0573e-07	2.2084e-07	5.1046e-07	2.964e-06	6.0175e-07	3.1522e-06	3.7689e-08	4.5533e-07	6.6496e-08	6.6172e-07	9.2711e-08	5.473e-07	1.3285e-08	1.0129e-07	1.2828e-08	3.264e-08	1.9905e-08	8.027e-08	1.0436e-08	3.0074e-08	1.6099e-08	3.7974e-08	3.3421e-08	4.5684e-07	2.3141e-09	2.3176e-08	3.1065e-10	4.0202e-10	2.9694e-11	6.3957e-11	4.0659e-12	2.3756e-11	4.4313e-12	1.2335e-11	4.0202e-12	1.3248e-11	2.9694e-12	7.3094e-12	1.3248e-12	3.7004e-12	4.34e-13	1.4162e-12	7.3094e-13	2.1015e-12	6.8526e-13	1.8274e-12	4.0202e-13	2.1471e-12	4.5227e-13	2.604e-12	5.0252e-13	1.2335e-12	2.9694e-13	3.0608e-12	2.741e-13	8.2231e-13	1.9644e-13	7.3094e-13	8.6799e-14	8.2231e-13	1.4162e-13	6.3957e-13	1.5989e-13	6.3957e-13	2.4212e-13	4.0202e-13	8.2231e-14	4.0659e-13	5.9389e-14	3.7004e-13	3.3349e-14	3.7004e-13	1.2791e-13	5.4821e-13	3.609e-13	6.8526e-13	1.2791e-13	2.2385e-13	6.8526e-14	6.3957e-13	3.3349e-14	3.7004e-14	2.2385e-14
24133.3	0.0019218	0.00010425	4.8815e-07	2.126e-07	4.9077e-07	2.8593e-06	5.7934e-07	3.0429e-06	3.6235e-08	4.3923e-07	6.4017e-08	6.3875e-07	8.9373e-08	5.2866e-07	1.2781e-08	9.7779e-08	1.2333e-08	3.1423e-08	1.9138e-08	7.7433e-08	1.0046e-08	2.8933e-08	1.5498e-08	3.6582e-08	3.2259e-08	4.4156e-07	2.2323e-09	2.2401e-08	3.0026e-10	3.8857e-10	2.8701e-11	6.1818e-11	3.9299e-12	2.2961e-11	4.2831e-12	1.1922e-11	3.8857e-12	1.2805e-11	2.8701e-12	7.0649e-12	1.2805e-12	3.5766e-12	4.1948e-13	1.3688e-12	7.0649e-13	2.0312e-12	6.6233e-13	1.7662e-12	3.8857e-13	2.0753e-12	4.3714e-13	2.5169e-12	4.8571e-13	1.1922e-12	2.8701e-13	2.9584e-12	2.6493e-13	7.948e-13	1.8987e-13	7.0649e-13	8.3896e-14	7.948e-13	1.3688e-13	6.1818e-13	1.5454e-13	6.1818e-13	2.3403e-13	3.8857e-13	7.948e-14	3.9299e-13	5.7402e-14	3.5766e-13	3.2234e-14	3.5766e-13	1.2364e-13	5.2987e-13	3.4883e-13	6.6233e-13	1.2364e-13	2.1636e-13	6.6233e-14	6.1818e-13	3.2234e-14	3.5766e-14	2.1636e-14
24468.7	0.0018548	0.00010056	4.7116e-07	2.0467e-07	4.7183e-07	2.7581e-06	5.5774e-07	2.9372e-06	3.4837e-08	4.237e-07	6.1629e-08	6.1657e-07	8.6154e-08	5.1064e-07	1.2297e-08	9.4385e-08	1.1858e-08	3.025e-08	1.84e-08	7.4695e-08	9.6715e-09	2.7835e-08	1.492e-08	3.524e-08	3.1138e-08	4.2678e-07	2.1533e-09	2.1651e-08	2.9021e-10	3.7556e-10	2.774e-11	5.9749e-11	3.7983e-12	2.2192e-11	4.1397e-12	1.1523e-11	3.7556e-12	1.2377e-11	2.774e-12	6.8284e-12	1.2377e-12	3.4569e-12	4.0544e-13	1.323e-12	6.8284e-13	1.9632e-12	6.4016e-13	1.7071e-12	3.7556e-13	2.0058e-12	4.2251e-13	2.4326e-12	4.6945e-13	1.1523e-12	2.774e-13	2.8594e-12	2.5607e-13	7.682e-13	1.8351e-13	6.8284e-13	8.1087e-14	7.682e-13	1.323e-13	5.9749e-13	1.4937e-13	5.9749e-13	2.2619e-13	3.7556e-13	7.682e-14	3.7983e-13	5.5481e-14	3.4569e-13	3.1155e-14	3.4569e-13	1.195e-13	5.1213e-13	3.3715e-13	6.4016e-13	1.195e-13	2.0912e-13	6.4016e-14	5.9749e-13	3.1155e-14	3.4569e-14	2.0912e-14
24808.8	0.0017902	9.7005e-05	4.5476e-07	1.9702e-07	4.5361e-07	2.6605e-06	5.3693e-07	2.8351e-06	3.3492e-08	4.087e-07	5.9328e-08	5.9514e-07	8.3048e-08	4.9322e-07	1.183e-08	9.1106e-08	1.14e-08	2.9121e-08	1.7689e-08	7.2052e-08	9.3104e-09	2.6777e-08	1.4362e-08	3.3947e-08	3.0054e-08	4.1248e-07	2.077e-09	2.0926e-08	2.8049e-10	3.6298e-10	2.6811e-11	5.7747e-11	3.6711e-12	2.1449e-11	4.0011e-12	1.1137e-11	3.6298e-12	1.1962e-11	2.6811e-12	6.5997e-12	1.1962e-12	3.3411e-12	3.9186e-13	1.2787e-12	6.5997e-13	1.8974e-12	6.1872e-13	1.6499e-12	3.6298e-13	1.9387e-12	4.0836e-13	2.3511e-12	4.5373e-13	1.1137e-12	2.6811e-13	2.7636e-12	2.4749e-13	7.4247e-13	1.7737e-13	6.5997e-13	7.8371e-14	7.4247e-13	1.2787e-13	5.7747e-13	1.4437e-13	5.7747e-13	2.1861e-13	3.6298e-13	7.4247e-14	3.6711e-13	5.3623e-14	3.3411e-13	3.0111e-14	3.3411e-13	1.1549e-13	4.9498e-13	3.2586e-13	6.1872e-13	1.1549e-13	2.0212e-13	6.1872e-14	5.7747e-13	3.0111e-14	3.3411e-14	2.0212e-14
25153.6	0.0017277	9.357e-05	4.3892e-07	1.8966e-07	4.3608e-07	2.5663e-06	5.1689e-07	2.7366e-06	3.2198e-08	3.9422e-07	5.7112e-08	5.7444e-07	8.0052e-08	4.7639e-07	1.1381e-08	8.7938e-08	1.096e-08	2.8033e-08	1.7006e-08	6.95e-08	8.9625e-09	2.5759e-08	1.3825e-08	3.27e-08	2.9008e-08	3.9865e-07	2.0034e-09	2.0225e-08	2.7109e-10	3.5082e-10	2.5913e-11	5.5812e-11	3.548e-12	2.073e-11	3.867e-12	1.0764e-11	3.5082e-12	1.1561e-11	2.5913e-12	6.3785e-12	1.1561e-12	3.2291e-12	3.7872e-13	1.2358e-12	6.3785e-13	1.8338e-12	5.9798e-13	1.5946e-12	3.5082e-13	1.8737e-12	3.9467e-13	2.2723e-12	4.3852e-13	1.0764e-12	2.5913e-13	2.671e-12	2.3919e-13	7.1758e-13	1.7142e-13	6.3785e-13	7.5744e-14	7.1758e-13	1.2358e-13	5.5812e-13	1.3953e-13	5.5812e-13	2.1129e-13	3.5082e-13	7.1758e-14	3.548e-13	5.1825e-14	3.2291e-13	2.9102e-14	3.2291e-13	1.1162e-13	4.7839e-13	3.1494e-13	5.9798e-13	1.1162e-13	1.9534e-13	5.9798e-14	5.5812e-13	2.9102e-14	3.2291e-14	1.9534e-14
25503.1	0.0016673	9.0254e-05	4.2362e-07	1.8257e-07	4.1922e-07	2.4754e-06	4.9758e-07	2.6413e-06	3.0953e-08	3.8025e-07	5.4977e-08	5.5445e-07	7.7162e-08	4.6012e-07	1.0948e-08	8.4879e-08	1.0536e-08	2.6985e-08	1.6349e-08	6.7037e-08	8.6274e-09	2.4779e-08	1.3308e-08	3.1498e-08	2.7997e-08	3.8528e-07	1.9324e-09	1.9547e-08	2.6199e-10	3.3905e-10	2.5043e-11	5.394e-11	3.429e-12	2.0035e-11	3.7372e-12	1.0403e-11	3.3905e-12	1.1173e-11	2.5043e-12	6.1645e-12	1.1173e-12	3.1208e-12	3.6602e-13	1.1944e-12	6.1645e-13	1.7723e-12	5.7792e-13	1.5411e-12	3.3905e-13	1.8108e-12	3.8143e-13	2.1961e-12	4.2381e-13	1.0403e-12	2.5043e-13	2.5814e-12	2.3117e-13	6.9351e-13	1.6567e-13	6.1645e-13	7.3204e-14	6.9351e-13	1.1944e-13	5.394e-13	1.3485e-13	5.394e-13	2.042e-13	3.3905e-13	6.9351e-14	3.429e-13	5.0087e-14	3.1208e-13	2.8126e-14	3.1208e-13	1.0788e-13	4.6234e-13	3.0437e-13	5.7792e-13	1.0788e-13	1.8879e-13	5.7792e-14	5.394e-13	2.8126e-14	3.1208e-14	1.8879e-14
25857.6	0.001609	8.7053e-05	4.0885e-07	1.7574e-07	4.0299e-07	2.3876e-06	4.7898e-07	2.5494e-06	2.9756e-08	3.6677e-07	5.292e-08	5.3514e-07	7.4375e-08	4.444e-07	1.0532e-08	8.1924e-08	1.0129e-08	2.5975e-08	1.5717e-08	6.466e-08	8.3046e-09	2.3836e-08	1.281e-08	3.0339e-08	2.7021e-08	3.7235e-07	1.8638e-09	1.8891e-08	2.532e-10	3.2767e-10	2.4203e-11	5.2129e-11	3.3139e-12	1.9362e-11	3.6118e-12	1.0053e-11	3.2767e-12	1.0798e-11	2.4203e-12	5.9576e-12	1.0798e-12	3.016e-12	3.5373e-13	1.1543e-12	5.9576e-13	1.7128e-12	5.5853e-13	1.4894e-12	3.2767e-13	1.7501e-12	3.6863e-13	2.1224e-12	4.0959e-13	1.0053e-12	2.4203e-13	2.4948e-12	2.2341e-13	6.7023e-13	1.6011e-13	5.9576e-13	7.0747e-14	6.7023e-13	1.1543e-13	5.2129e-13	1.3032e-13	5.2129e-13	1.9735e-13	3.2767e-13	6.7023e-14	3.3139e-13	4.8406e-14	3.016e-13	2.7182e-14	3.016e-13	1.0426e-13	4.4682e-13	2.9416e-13	5.5853e-13	1.0426e-13	1.8245e-13	5.5853e-14	5.2129e-13	2.7182e-14	3.016e-14	1.8245e-14
26216.9	0.0015527	8.3964e-05	3.9458e-07	1.6916e-07	3.8739e-07	2.3029e-06	4.6106e-07	2.4605e-06	2.8604e-08	3.5375e-07	5.0939e-08	5.1649e-07	7.1687e-08	4.292e-07	1.0131e-08	7.907e-08	9.7367e-09	2.5002e-08	1.5109e-08	6.2366e-08	7.9937e-09	2.2928e-08	1.233e-08	2.9222e-08	2.6078e-08	3.5985e-07	1.7976e-09	1.8257e-08	2.447e-10	3.1666e-10	2.339e-11	5.0378e-11	3.2026e-12	1.8712e-11	3.4905e-12	9.7158e-12	3.1666e-12	1.0436e-11	2.339e-12	5.7575e-12	1.0436e-12	2.9148e-12	3.4185e-13	1.1155e-12	5.7575e-13	1.6553e-12	5.3977e-13	1.4394e-12	3.1666e-13	1.6913e-12	3.5625e-13	2.0511e-12	3.9583e-13	9.7158e-13	2.339e-13	2.411e-12	2.1591e-13	6.4772e-13	1.5473e-13	5.7575e-13	6.8371e-14	6.4772e-13	1.1155e-13	5.0378e-13	1.2595e-13	5.0378e-13	1.9072e-13	3.1666e-13	6.4772e-14	3.2026e-13	4.678e-14	2.9148e-13	2.6269e-14	2.9148e-13	1.0076e-13	4.3182e-13	2.8428e-13	5.3977e-13	1.0076e-13	1.7632e-13	5.3977e-14	5.0378e-13	2.6269e-14	2.9148e-14	1.7632e-14
26581.3	0.0014984	8.0983e-05	3.808e-07	1.6282e-07	3.7238e-07	2.2211e-06	4.4381e-07	2.3748e-06	2.7496e-08	3.4119e-07	4.9032e-08	4.9848e-07	6.9094e-08	4.1451e-07	9.7451e-09	7.6314e-08	9.3597e-09	2.4066e-08	1.4524e-08	6.0152e-08	7.6942e-09	2.2054e-08	1.1868e-08	2.8146e-08	2.5168e-08	3.4775e-07	1.7337e-09	1.7644e-08	2.3647e-10	3.0602e-10	2.2604e-11	4.8685e-11	3.095e-12	1.8083e-11	3.3732e-12	9.3893e-12	3.0602e-12	1.0085e-11	2.2604e-12	5.564e-12	1.0085e-12	2.8168e-12	3.3036e-13	1.078e-12	5.564e-13	1.5997e-12	5.2163e-13	1.391e-12	3.0602e-13	1.6344e-12	3.4427e-13	1.9822e-12	3.8253e-13	9.3893e-13	2.2604e-13	2.3299e-12	2.0865e-13	6.2595e-13	1.4953e-13	5.564e-13	6.6073e-14	6.2595e-13	1.078e-13	4.8685e-13	1.2171e-13	4.8685e-13	1.8431e-13	3.0602e-13	6.2595e-14	3.095e-13	4.5208e-14	2.8168e-13	2.5386e-14	2.8168e-13	9.7371e-14	4.173e-13	2.7472e-13	5.2163e-13	9.7371e-14	1.704e-13	5.2163e-14	4.8685e-13	2.5386e-14	2.8168e-14	1.704e-14
26950.7	0.0014458	7.8105e-05	3.6749e-07	1.5671e-07	3.5794e-07	2.1422e-06	4.2719e-07	2.2919e-06	2.643e-08	3.2906e-07	4.7194e-08	4.8109e-07	6.6594e-08	4.0032e-07	9.3737e-09	7.3652e-08	8.9971e-09	2.3164e-08	1.3961e-08	5.8015e-08	7.4058e-09	2.1213e-08	1.1423e-08	2.7109e-08	2.4289e-08	3.3606e-07	1.6721e-09	1.7051e-08	2.2852e-10	2.9573e-10	2.1844e-11	4.7048e-11	2.9909e-12	1.7475e-11	3.2598e-12	9.0736e-12	2.9573e-12	9.7457e-12	2.1844e-12	5.3769e-12	9.7457e-13	2.7221e-12	3.1925e-13	1.0418e-12	5.3769e-13	1.5459e-12	5.0409e-13	1.3442e-12	2.9573e-13	1.5795e-12	3.327e-13	1.9155e-12	3.6966e-13	9.0736e-13	2.1844e-13	2.2516e-12	2.0163e-13	6.049e-13	1.445e-13	5.3769e-13	6.3851e-14	6.049e-13	1.0418e-13	4.7048e-13	1.1762e-13	4.7048e-13	1.7811e-13	2.9573e-13	6.049e-14	2.9909e-13	4.3688e-14	2.7221e-13	2.4532e-14	2.7221e-13	9.4096e-14	4.0327e-13	2.6549e-13	5.0409e-13	9.4096e-14	1.6467e-13	5.0409e-14	4.7048e-13	2.4532e-14	2.7221e-14	1.6467e-14
27325.2	0.0013951	7.5329e-05	3.5464e-07	1.5083e-07	3.4406e-07	2.066e-06	4.1118e-07	2.2119e-06	2.5405e-08	3.1736e-07	4.5424e-08	4.6429e-07	6.4182e-08	3.866e-07	9.0163e-09	7.1082e-08	8.6483e-09	2.2295e-08	1.342e-08	5.5952e-08	7.1281e-09	2.0404e-08	1.0994e-08	2.6109e-08	2.344e-08	3.2475e-07	1.6126e-09	1.6477e-08	2.2083e-10	2.8578e-10	2.1109e-11	4.5465e-11	2.8903e-12	1.6887e-11	3.1501e-12	8.7682e-12	2.8578e-12	9.4177e-12	2.1109e-12	5.196e-12	9.4177e-13	2.6305e-12	3.0851e-13	1.0067e-12	5.196e-13	1.4938e-12	4.8712e-13	1.299e-12	2.8578e-13	1.5263e-12	3.215e-13	1.8511e-12	3.5722e-13	8.7682e-13	2.1109e-13	2.1758e-12	1.9485e-13	5.8455e-13	1.3964e-13	5.196e-13	6.1702e-14	5.8455e-13	1.0067e-13	4.5465e-13	1.1366e-13	4.5465e-13	1.7212e-13	2.8578e-13	5.8455e-14	2.8903e-13	4.2217e-14	2.6305e-13	2.3707e-14	2.6305e-13	9.093e-14	3.897e-13	2.5655e-13	4.8712e-13	9.093e-14	1.5913e-13	4.8712e-14	4.5465e-13	2.3707e-14	2.6305e-14	1.5913e-14
27705	0.0013462	7.2649e-05	3.4223e-07	1.4517e-07	3.307e-07	1.9925e-06	3.9576e-07	2.1346e-06	2.4419e-08	3.0607e-07	4.372e-08	4.4807e-07	6.1857e-08	3.7335e-07	8.6724e-09	6.8599e-08	8.3128e-09	2.1458e-08	1.29e-08	5.3962e-08	6.8605e-09	1.9625e-08	1.0581e-08	2.5146e-08	2.262e-08	3.1381e-07	1.5552e-09	1.5922e-08	2.1339e-10	2.7616e-10	2.0398e-11	4.3934e-11	2.7929e-12	1.6318e-11	3.044e-12	8.473e-12	2.7616e-12	9.1006e-12	2.0398e-12	5.021e-12	9.1006e-13	2.5419e-12	2.9812e-13	9.7283e-13	5.021e-13	1.4435e-12	4.7072e-13	1.2553e-12	2.7616e-13	1.4749e-12	3.1068e-13	1.7887e-12	3.452e-13	8.473e-13	2.0398e-13	2.1026e-12	1.8829e-13	5.6487e-13	1.3494e-13	5.021e-13	5.9625e-14	5.6487e-13	9.7283e-14	4.3934e-13	1.0984e-13	4.3934e-13	1.6632e-13	2.7616e-13	5.6487e-14	2.793e-13	4.0796e-14	2.5419e-13	2.2908e-14	2.5419e-13	8.7868e-14	3.7658e-13	2.4791e-13	4.7072e-13	8.7868e-14	1.5377e-13	4.7072e-14	4.3934e-13	2.2908e-14	2.5419e-14	1.5377e-14
28090	0.0012989	7.0063e-05	3.3025e-07	1.3972e-07	3.1786e-07	1.9216e-06	3.8091e-07	2.06e-06	2.3471e-08	2.9518e-07	4.2079e-08	4.3241e-07	5.9614e-08	3.6054e-07	8.3413e-09	6.6202e-08	7.9902e-09	2.0652e-08	1.2399e-08	5.2041e-08	6.6029e-09	1.8875e-08	1.0184e-08	2.4218e-08	2.1829e-08	3.0324e-07	1.4998e-09	1.5386e-08	2.062e-10	2.6685e-10	1.9711e-11	4.2454e-11	2.6989e-12	1.5769e-11	2.9414e-12	8.1875e-12	2.6685e-12	8.794e-12	1.9711e-12	4.8519e-12	8.794e-13	2.4563e-12	2.8808e-13	9.4005e-13	4.8519e-13	1.3949e-12	4.5486e-13	1.213e-12	2.6685e-13	1.4252e-12	3.0021e-13	1.7285e-12	3.3357e-13	8.1875e-13	1.9711e-13	2.0317e-12	1.8195e-13	5.4584e-13	1.3039e-13	4.8519e-13	5.7616e-14	5.4584e-13	9.4005e-14	4.2454e-13	1.0613e-13	4.2454e-13	1.6072e-13	2.6685e-13	5.4584e-14	2.6989e-13	3.9421e-14	2.4563e-13	2.2137e-14	2.4563e-13	8.4908e-14	3.6389e-13	2.3956e-13	4.5486e-13	8.4908e-14	1.4859e-13	4.5486e-14	4.2454e-13	2.2137e-14	2.4563e-14	1.4859e-14
28480.4	0.0012532	6.7567e-05	3.1868e-07	1.3447e-07	3.0551e-07	1.8532e-06	3.6661e-07	1.988e-06	2.2559e-08	2.8466e-07	4.0498e-08	4.1728e-07	5.7451e-08	3.4816e-07	8.0227e-09	6.3887e-08	7.6798e-09	1.9876e-08	1.1917e-08	5.0188e-08	6.3548e-09	1.8154e-08	9.801e-09	2.3323e-08	2.1064e-08	2.9302e-07	1.4463e-09	1.4868e-08	1.9925e-10	2.5786e-10	1.9046e-11	4.1023e-11	2.6079e-12	1.5237e-11	2.8423e-12	7.9115e-12	2.5786e-12	8.4975e-12	1.9046e-12	4.6883e-12	8.4975e-13	2.3735e-12	2.7837e-13	9.0836e-13	4.6883e-13	1.3479e-12	4.3953e-13	1.1721e-12	2.5786e-13	1.3772e-12	2.9009e-13	1.6702e-12	3.2232e-13	7.9115e-13	1.9046e-13	1.9632e-12	1.7581e-13	5.2743e-13	1.26e-13	4.6883e-13	5.5674e-14	5.2743e-13	9.0836e-14	4.1023e-13	1.0256e-13	4.1023e-13	1.553e-13	2.5786e-13	5.2743e-14	2.6079e-13	3.8092e-14	2.3735e-13	2.139e-14	2.3735e-13	8.2045e-14	3.5162e-13	2.3148e-13	4.3953e-13	8.2045e-14	1.4358e-13	4.3953e-14	4.1023e-13	2.139e-14	2.3735e-14	1.4358e-14
28876.2	0.0012091	6.5159e-05	3.0751e-07	1.2941e-07	2.9363e-07	1.7871e-06	3.5284e-07	1.9184e-06	2.1682e-08	2.7452e-07	3.8976e-08	4.0268e-07	5.5366e-08	3.362e-07	7.7161e-09	6.1651e-08	7.3814e-09	1.9129e-08	1.1454e-08	4.8399e-08	6.1159e-09	1.7459e-08	9.4323e-09	2.2461e-08	2.0326e-08	2.8313e-07	1.3947e-09	1.4366e-08	1.9253e-10	2.4916e-10	1.8404e-11	3.9639e-11	2.5199e-12	1.4723e-11	2.7464e-12	7.6446e-12	2.4916e-12	8.2109e-12	1.8404e-12	4.5302e-12	8.2109e-13	2.2934e-12	2.6898e-13	8.7772e-13	4.5302e-13	1.3024e-12	4.247e-13	1.1325e-12	2.4916e-13	1.3307e-12	2.803e-13	1.6139e-12	3.1145e-13	7.6446e-13	1.8404e-13	1.897e-12	1.6988e-13	5.0964e-13	1.2175e-13	4.5302e-13	5.3796e-14	5.0964e-13	8.7772e-14	3.9639e-13	9.9097e-14	3.9639e-13	1.5006e-13	2.4916e-13	5.0964e-14	2.5199e-13	3.6808e-14	2.2934e-13	2.0669e-14	2.2934e-13	7.9278e-14	3.3976e-13	2.2368e-13	4.247e-13	7.9278e-14	1.3874e-13	4.247e-14	3.9639e-13	2.0669e-14	2.2934e-14	1.3874e-14
29277.5	0.0011665	6.2835e-05	2.9673e-07	1.2454e-07	2.8221e-07	1.7234e-06	3.3958e-07	1.8512e-06	2.0839e-08	2.6473e-07	3.751e-08	3.8857e-07	5.3355e-08	3.2465e-07	7.421e-09	5.9493e-08	7.0944e-09	1.8409e-08	1.1009e-08	4.6673e-08	5.8858e-09	1.6791e-08	9.0773e-09	2.163e-08	1.9614e-08	2.7358e-07	1.345e-09	1.3882e-08	1.8603e-10	2.4075e-10	1.7783e-11	3.8301e-11	2.4348e-12	1.4226e-11	2.6537e-12	7.3866e-12	2.4075e-12	7.9338e-12	1.7783e-12	4.3773e-12	7.9338e-13	2.216e-12	2.599e-13	8.4809e-13	4.3773e-13	1.2585e-12	4.1037e-13	1.0943e-12	2.4075e-13	1.2858e-12	2.7084e-13	1.5594e-12	3.0094e-13	7.3866e-13	1.7783e-13	1.833e-12	1.6415e-13	4.9244e-13	1.1764e-13	4.3773e-13	5.198e-14	4.9244e-13	8.4809e-14	3.8301e-13	9.5752e-14	3.8301e-13	1.45e-13	2.4075e-13	4.9244e-14	2.4348e-13	3.5565e-14	2.216e-13	1.9971e-14	2.216e-13	7.6602e-14	3.2829e-13	2.1613e-13	4.1037e-13	7.6602e-14	1.3405e-13	4.1037e-14	3.8301e-13	1.9971e-14	2.216e-14	1.3405e-14
29684.3	0.001125	6.0593e-05	2.8632e-07	1.1985e-07	2.7122e-07	1.6619e-06	3.268e-07	1.7864e-06	2.0028e-08	2.5528e-07	3.6098e-08	3.7496e-07	5.1416e-08	3.1348e-07	7.137e-09	5.7409e-08	6.8184e-09	1.7716e-08	1.0581e-08	4.5008e-08	5.6643e-09	1.6148e-08	8.7355e-09	2.083e-08	1.8926e-08	2.6434e-07	1.2969e-09	1.3413e-08	1.7975e-10	2.3262e-10	1.7182e-11	3.7007e-11	2.3526e-12	1.3746e-11	2.5641e-12	7.1372e-12	2.3262e-12	7.6658e-12	1.7182e-12	4.2294e-12	7.6658e-13	2.1411e-12	2.5112e-13	8.1945e-13	4.2294e-13	1.216e-12	3.9651e-13	1.0574e-12	2.3262e-13	1.2424e-12	2.617e-13	1.5067e-12	2.9077e-13	7.1372e-13	1.7182e-13	1.7711e-12	1.586e-13	4.7581e-13	1.1367e-13	4.2294e-13	5.0224e-14	4.7581e-13	8.1945e-14	3.7007e-13	9.2519e-14	3.7007e-13	1.401e-13	2.3262e-13	4.7581e-14	2.3526e-13	3.4364e-14	2.1411e-13	1.9297e-14	2.1411e-13	7.4015e-14	3.1721e-13	2.0883e-13	3.9651e-13	7.4015e-14	1.2953e-13	3.9651e-14	3.7007e-13	1.9297e-14	2.1411e-14	1.2953e-14
30096.9	0.0010853	5.843e-05	2.7627e-07	1.1534e-07	2.6066e-07	1.6026e-06	3.1451e-07	1.7238e-06	1.9248e-08	2.4616e-07	3.4739e-08	3.6181e-07	4.9547e-08	3.027e-07	6.8638e-09	5.5397e-08	6.553e-09	1.7049e-08	1.0169e-08	4.3401e-08	5.451e-09	1.553e-08	8.4064e-09	2.0059e-08	1.8262e-08	2.5541e-07	1.2506e-09	1.296e-08	1.7368e-10	2.2476e-10	1.6601e-11	3.5757e-11	2.2731e-12	1.3281e-11	2.4774e-12	6.896e-12	2.2476e-12	7.4068e-12	1.6601e-12	4.0865e-12	7.4068e-13	2.0688e-12	2.4264e-13	7.9176e-13	4.0865e-13	1.1749e-12	3.8311e-13	1.0216e-12	2.2476e-13	1.2004e-12	2.5285e-13	1.4558e-12	2.8095e-13	6.896e-13	1.6601e-13	1.7112e-12	1.5324e-13	4.5973e-13	1.0983e-13	4.0865e-13	4.8527e-14	4.5973e-13	7.9176e-14	3.5757e-13	8.9392e-14	3.5757e-13	1.3537e-13	2.2476e-13	4.5973e-14	2.2731e-13	3.3203e-14	2.0688e-13	1.8645e-14	2.0688e-13	7.1514e-14	3.0649e-13	2.0177e-13	3.8311e-13	7.1514e-14	1.2515e-13	3.8311e-14	3.5757e-13	1.8645e-14	2.0688e-14	1.2515e-14
30515.1	0.001047	5.6343e-05	2.6656e-07	1.1099e-07	2.505e-07	1.5453e-06	3.0266e-07	1.6633e-06	1.8498e-08	2.3737e-07	3.343e-08	3.4912e-07	4.7744e-08	2.9228e-07	6.6009e-09	5.3454e-08	6.2977e-09	1.6406e-08	9.7729e-09	4.1851e-08	5.2456e-09	1.4934e-08	8.0895e-09	1.9316e-08	1.762e-08	2.4677e-07	1.2059e-09	1.2522e-08	1.678e-10	2.1716e-10	1.604e-11	3.4548e-11	2.1963e-12	1.2832e-11	2.3937e-12	6.6628e-12	2.1716e-12	7.1564e-12	1.604e-12	3.9483e-12	7.1564e-13	1.9988e-12	2.3443e-13	7.6499e-13	3.9483e-13	1.1351e-12	3.7016e-13	9.8709e-13	2.1716e-13	1.1598e-12	2.443e-13	1.4066e-12	2.7145e-13	6.6628e-13	1.604e-13	1.6534e-12	1.4806e-13	4.4419e-13	1.0611e-13	3.9483e-13	4.6887e-14	4.4419e-13	7.6499e-14	3.4548e-13	8.637e-14	3.4548e-13	1.3079e-13	2.1716e-13	4.4419e-14	2.1963e-13	3.208e-14	1.9988e-13	1.8014e-14	1.9988e-13	6.9096e-14	2.9613e-13	1.9495e-13	3.7016e-13	6.9096e-14	1.2092e-13	3.7016e-14	3.4548e-13	1.8014e-14	1.9988e-14	1.2092e-14
30939.2	0.00101	5.4329e-05	2.5719e-07	1.0681e-07	2.4073e-07	1.4901e-06	2.9126e-07	1.6049e-06	1.7777e-08	2.2889e-07	3.217e-08	3.3687e-07	4.6006e-08	2.8221e-07	6.3479e-09	5.1578e-08	6.0523e-09	1.5788e-08	9.3921e-09	4.0355e-08	5.0478e-09	1.4362e-08	7.7844e-09	1.86e-08	1.7001e-08	2.3842e-07	1.1628e-09	1.2098e-08	1.6213e-10	2.0981e-10	1.5498e-11	3.3379e-11	2.122e-12	1.2398e-11	2.3127e-12	6.4374e-12	2.0981e-12	6.9143e-12	1.5498e-12	3.8148e-12	6.9143e-13	1.9312e-12	2.265e-13	7.3911e-13	3.8148e-13	1.0967e-12	3.5764e-13	9.5369e-13	2.0981e-13	1.1206e-12	2.3604e-13	1.359e-12	2.6227e-13	6.4374e-13	1.5498e-13	1.5974e-12	1.4305e-13	4.2916e-13	1.0252e-13	3.8148e-13	4.53e-14	4.2916e-13	7.3911e-14	3.3379e-13	8.3448e-14	3.3379e-13	1.2636e-13	2.0981e-13	4.2916e-14	2.122e-13	3.0995e-14	1.9312e-13	1.7405e-14	1.9312e-13	6.6759e-14	2.8611e-13	1.8835e-13	3.5764e-13	6.6759e-14	1.1683e-13	3.5764e-14	3.3379e-13	1.7405e-14	1.9312e-14	1.1683e-14
31369.2	0.00097433	5.2386e-05	2.4815e-07	1.0278e-07	2.3134e-07	1.4368e-06	2.8028e-07	1.5486e-06	1.7084e-08	2.207e-07	3.0957e-08	3.2504e-07	4.433e-08	2.7248e-07	6.1045e-09	4.9767e-08	5.8163e-09	1.5192e-08	9.026e-09	3.8912e-08	4.8574e-09	1.3811e-08	7.4906e-09	1.791e-08	1.6404e-08	2.3035e-07	1.1212e-09	1.1689e-08	1.5664e-10	2.0271e-10	1.4973e-11	3.2249e-11	2.0501e-12	1.1978e-11	2.2344e-12	6.2195e-12	2.0271e-12	6.6803e-12	1.4973e-12	3.6857e-12	6.6803e-13	1.8659e-12	2.1884e-13	7.141e-13	3.6857e-13	1.0596e-12	3.4553e-13	9.2141e-13	2.0271e-13	1.0827e-12	2.2805e-13	1.313e-12	2.5339e-13	6.2195e-13	1.4973e-13	1.5434e-12	1.3821e-13	4.1464e-13	9.9052e-14	3.6857e-13	4.3767e-14	4.1464e-13	7.141e-14	3.2249e-13	8.0624e-14	3.2249e-13	1.2209e-13	2.0271e-13	4.1464e-14	2.0501e-13	2.9946e-14	1.8659e-13	1.6816e-14	1.8659e-13	6.4499e-14	2.7642e-13	1.8198e-13	3.4553e-13	6.4499e-14	1.1287e-13	3.4553e-14	3.2249e-13	1.6816e-14	1.8659e-14	1.1287e-14
31805.2	0.00093988	5.0512e-05	2.3942e-07	9.8896e-08	2.2231e-07	1.3854e-06	2.6971e-07	1.4942e-06	1.6417e-08	2.128e-07	2.9789e-08	3.1361e-07	4.2715e-08	2.6308e-07	5.8703e-09	4.8019e-08	5.5894e-09	1.4619e-08	8.6739e-09	3.752e-08	4.6741e-09	1.328e-08	7.2078e-09	1.7246e-08	1.5827e-08	2.2255e-07	1.081e-09	1.1293e-08	1.5134e-10	1.9585e-10	1.4466e-11	3.1157e-11	1.9807e-12	1.1573e-11	2.1588e-12	6.0089e-12	1.9585e-12	6.454e-12	1.4466e-12	3.5608e-12	6.454e-13	1.8027e-12	2.1142e-13	6.8991e-13	3.5608e-13	1.0237e-12	3.3383e-13	8.9021e-13	1.9585e-13	1.046e-12	2.2033e-13	1.2685e-12	2.4481e-13	6.0089e-13	1.4466e-13	1.4911e-12	1.3353e-13	4.0059e-13	9.5698e-14	3.5608e-13	4.2285e-14	4.0059e-13	6.8991e-14	3.1157e-13	7.7893e-14	3.1157e-13	1.1795e-13	1.9585e-13	4.0059e-14	1.9807e-13	2.8932e-14	1.8027e-13	1.6246e-14	1.8027e-13	6.2315e-14	2.6706e-13	1.7582e-13	3.3383e-13	6.2315e-14	1.0905e-13	3.3383e-14	3.1157e-13	1.6246e-14	1.8027e-14	1.0905e-14
32247.2	0.00090662	4.8703e-05	2.3099e-07	9.516e-08	2.1363e-07	1.3358e-06	2.5954e-07	1.4416e-06	1.5776e-08	2.0518e-07	2.8664e-08	3.0259e-07	4.1158e-08	2.5401e-07	5.6449e-09	4.6331e-08	5.3713e-09	1.4067e-08	8.3353e-09	3.6177e-08	4.4976e-09	1.277e-08	6.9355e-09	1.6605e-08	1.527e-08	2.1501e-07	1.0423e-09	1.0911e-08	1.4621e-10	1.8921e-10	1.3976e-11	3.0102e-11	1.9136e-12	1.1181e-11	2.0856e-12	5.8053e-12	1.8921e-12	6.2353e-12	1.3976e-12	3.4402e-12	6.2353e-13	1.7416e-12	2.0426e-13	6.6654e-13	3.4402e-13	9.8905e-13	3.2252e-13	8.6005e-13	1.8921e-13	1.0106e-12	2.1286e-13	1.2256e-12	2.3651e-13	5.8053e-13	1.3976e-13	1.4406e-12	1.2901e-13	3.8702e-13	9.2455e-14	3.4402e-13	4.0852e-14	3.8702e-13	6.6654e-14	3.0102e-13	7.5254e-14	3.0102e-13	1.1396e-13	1.8921e-13	3.8702e-14	1.9136e-13	2.7951e-14	1.7416e-13	1.5696e-14	1.7416e-13	6.0203e-14	2.5801e-13	1.6986e-13	3.2252e-13	6.0203e-14	1.0536e-13	3.2252e-14	3.0102e-13	1.5696e-14	1.7416e-14	1.0536e-14
32695.3	0.00087452	4.6959e-05	2.2285e-07	9.1564e-08	2.0528e-07	1.288e-06	2.4974e-07	1.3909e-06	1.516e-08	1.9783e-07	2.7582e-08	2.9194e-07	3.9656e-08	2.4524e-07	5.4281e-09	4.4702e-08	5.1615e-09	1.3535e-08	8.0099e-09	3.4881e-08	4.3277e-09	1.2279e-08	6.6734e-09	1.5989e-08	1.4732e-08	2.0772e-07	1.0049e-09	1.0541e-08	1.4125e-10	1.828e-10	1.3502e-11	2.9081e-11	1.8487e-12	1.0802e-11	2.0149e-12	5.6085e-12	1.828e-12	6.0239e-12	1.3502e-12	3.3236e-12	6.0239e-13	1.6825e-12	1.9734e-13	6.4394e-13	3.3236e-13	9.5552e-13	3.1158e-13	8.3089e-13	1.828e-13	9.7629e-13	2.0564e-13	1.184e-12	2.2849e-13	5.6085e-13	1.3502e-13	1.3917e-12	1.2463e-13	3.739e-13	8.932e-14	3.3236e-13	3.9467e-14	3.739e-13	6.4394e-14	2.9081e-13	7.2703e-14	2.9081e-13	1.1009e-13	1.828e-13	3.739e-14	1.8487e-13	2.7004e-14	1.6825e-13	1.5164e-14	1.6825e-13	5.8162e-14	2.4927e-13	1.641e-13	3.1158e-13	5.8162e-14	1.0178e-13	3.1158e-14	2.9081e-13	1.5164e-14	1.6825e-14	1.0178e-14
33149.7	0.00084353	4.5276e-05	2.15e-07	8.8102e-08	1.9726e-07	1.2418e-06	2.403e-07	1.342e-06	1.4567e-08	1.9074e-07	2.6539e-08	2.8167e-07	3.8209e-08	2.3677e-07	5.2195e-09	4.3129e-08	4.9598e-09	1.3024e-08	7.6969e-09	3.3631e-08	4.1641e-09	1.1807e-08	6.421e-09	1.5395e-08	1.4213e-08	2.0068e-07	9.6889e-10	1.0183e-08	1.3646e-10	1.7659e-10	1.3044e-11	2.8095e-11	1.786e-12	1.0435e-11	1.9466e-12	5.4183e-12	1.7659e-12	5.8196e-12	1.3044e-12	3.2108e-12	5.8196e-13	1.6255e-12	1.9064e-13	6.221e-13	3.2108e-13	9.2311e-13	3.0101e-13	8.027e-13	1.7659e-13	9.4318e-13	1.9867e-13	1.1439e-12	2.2074e-13	5.4183e-13	1.3044e-13	1.3445e-12	1.2041e-13	3.6122e-13	8.6291e-14	3.2108e-13	3.8128e-14	3.6122e-13	6.221e-14	2.8095e-13	7.0237e-14	2.8095e-13	1.0636e-13	1.7659e-13	3.6122e-14	1.786e-13	2.6088e-14	1.6255e-13	1.4649e-14	1.6255e-13	5.6189e-14	2.4081e-13	1.5853e-13	3.0101e-13	5.6189e-14	9.8331e-14	3.0101e-14	2.8095e-13	1.4649e-14	1.6255e-14	9.8331e-15
33610.4	0.00081362	4.3653e-05	2.0742e-07	8.477e-08	1.8954e-07	1.1973e-06	2.3122e-07	1.2947e-06	1.3998e-08	1.839e-07	2.5536e-08	2.7175e-07	3.6814e-08	2.2858e-07	5.0188e-09	4.1611e-08	4.7659e-09	1.2531e-08	7.3961e-09	3.2425e-08	4.0066e-09	1.1353e-08	6.1781e-09	1.4822e-08	1.3712e-08	1.9387e-07	9.3413e-10	9.8379e-09	1.3183e-10	1.706e-10	1.2601e-11	2.7141e-11	1.7254e-12	1.0081e-11	1.8805e-12	5.2344e-12	1.706e-12	5.6221e-12	1.2601e-12	3.1018e-12	5.6221e-13	1.5703e-12	1.8417e-13	6.0098e-13	3.1018e-13	8.9178e-13	2.908e-13	7.7546e-13	1.706e-13	9.1117e-13	1.9193e-13	1.105e-12	2.1325e-13	5.2344e-13	1.2601e-13	1.2989e-12	1.1632e-13	3.4896e-13	8.3362e-14	3.1018e-13	3.6834e-14	3.4896e-13	6.0098e-14	2.7141e-13	6.7853e-14	2.7141e-13	1.0275e-13	1.706e-13	3.4896e-14	1.7254e-13	2.5203e-14	1.5703e-13	1.4152e-14	1.5703e-13	5.4282e-14	2.3264e-13	1.5315e-13	2.908e-13	5.4282e-14	9.4994e-14	2.908e-14	2.7141e-13	1.4152e-14	1.5703e-14	9.4994e-15
34077.5	0.00078475	4.2087e-05	2.001e-07	8.1561e-08	1.8213e-07	1.1543e-06	2.2248e-07	1.2491e-06	1.345e-08	1.773e-07	2.457e-08	2.6218e-07	3.5469e-08	2.2068e-07	4.8258e-09	4.0145e-08	4.5795e-09	1.2057e-08	7.1068e-09	3.1262e-08	3.855e-09	1.0916e-08	5.9442e-09	1.4271e-08	1.3229e-08	1.8728e-07	9.0059e-10	9.504e-09	1.2735e-10	1.6481e-10	1.2173e-11	2.622e-11	1.6668e-12	9.7387e-12	1.8166e-12	5.0566e-12	1.6481e-12	5.4312e-12	1.2173e-12	2.9965e-12	5.4312e-13	1.517e-12	1.7792e-13	5.8058e-13	2.9965e-13	8.615e-13	2.8092e-13	7.4913e-13	1.6481e-13	8.8023e-13	1.8541e-13	1.0675e-12	2.0601e-13	5.0566e-13	1.2173e-13	1.2548e-12	1.1237e-13	3.3711e-13	8.0532e-14	2.9965e-13	3.5584e-14	3.3711e-13	5.8058e-14	2.622e-13	6.5549e-14	2.622e-13	9.926e-14	1.6481e-13	3.3711e-14	1.6668e-13	2.4347e-14	1.517e-13	1.3672e-14	1.517e-13	5.2439e-14	2.2474e-13	1.4795e-13	2.8092e-13	5.2439e-14	9.1769e-14	2.8092e-14	2.622e-13	1.3672e-14	1.517e-14	9.1769e-15
34551.1	0.00075689	4.0576e-05	1.9304e-07	7.8473e-08	1.75e-07	1.1129e-06	2.1406e-07	1.2051e-06	1.2924e-08	1.7094e-07	2.364e-08	2.5293e-07	3.4172e-08	2.1305e-07	4.6401e-09	3.873e-08	4.4003e-09	1.16e-08	6.8287e-09	3.014e-08	3.7091e-09	1.0496e-08	5.7191e-09	1.374e-08	1.2762e-08	1.8092e-07	8.6825e-10	9.1812e-09	1.2303e-10	1.5921e-10	1.176e-11	2.5329e-11	1.6102e-12	9.4079e-12	1.7549e-12	4.8849e-12	1.5921e-12	5.2467e-12	1.176e-12	2.8947e-12	5.2467e-13	1.4655e-12	1.7187e-13	5.6085e-13	2.8947e-13	8.3223e-13	2.7138e-13	7.2368e-13	1.5921e-13	8.5033e-13	1.7911e-13	1.0312e-12	1.9901e-13	4.8849e-13	1.176e-13	1.2122e-12	1.0855e-13	3.2566e-13	7.7796e-14	2.8947e-13	3.4375e-14	3.2566e-13	5.6085e-14	2.5329e-13	6.3322e-14	2.5329e-13	9.5888e-14	1.5921e-13	3.2566e-14	1.6102e-13	2.352e-14	1.4655e-13	1.3207e-14	1.4655e-13	5.0658e-14	2.171e-13	1.4293e-13	2.7138e-13	5.0658e-14	8.8651e-14	2.7138e-14	2.5329e-13	1.3207e-14	1.4655e-14	8.8651e-15
35031.2	0.00073	3.9119e-05	1.8623e-07	7.55e-08	1.6814e-07	1.0729e-06	2.0596e-07	1.1626e-06	1.2417e-08	1.648e-07	2.2745e-08	2.4401e-07	3.2922e-08	2.0567e-07	4.4614e-09	3.7365e-08	4.228e-09	1.1161e-08	6.5614e-09	2.9058e-08	3.5686e-09	1.0091e-08	5.5025e-09	1.3228e-08	1.2312e-08	1.7477e-07	8.3705e-10	8.8692e-09	1.1884e-10	1.538e-10	1.136e-11	2.4468e-11	1.5555e-12	9.0881e-12	1.6953e-12	4.7188e-12	1.538e-12	5.0684e-12	1.136e-12	2.7963e-12	5.0684e-13	1.4156e-12	1.6603e-13	5.4179e-13	2.7963e-13	8.0395e-13	2.6216e-13	6.9909e-13	1.538e-13	8.2143e-13	1.7302e-13	9.962e-13	1.9225e-13	4.7188e-13	1.136e-13	1.171e-12	1.0486e-13	3.1459e-13	7.5152e-14	2.7963e-13	3.3207e-14	3.1459e-13	5.4179e-14	2.4468e-13	6.117e-14	2.4468e-13	9.2629e-14	1.538e-13	3.1459e-14	1.5555e-13	2.272e-14	1.4156e-13	1.2758e-14	1.4156e-13	4.8936e-14	2.0973e-13	1.3807e-13	2.6216e-13	4.8936e-14	8.5638e-14	2.6216e-14	2.4468e-13	1.2758e-14	1.4156e-14	8.5638e-15
35518.1	0.00070404	3.7713e-05	1.7965e-07	7.2639e-08	1.6155e-07	1.0344e-06	1.9816e-07	1.1216e-06	1.1931e-08	1.5888e-07	2.1883e-08	2.354e-07	3.1718e-08	1.9855e-07	4.2895e-09	3.6047e-08	4.0624e-09	1.0738e-08	6.3044e-09	2.8014e-08	3.4334e-09	9.7024e-09	5.2939e-09	1.2735e-08	1.1877e-08	1.6883e-07	8.0695e-10	8.5677e-09	1.148e-10	1.4857e-10	1.0974e-11	2.3636e-11	1.5026e-12	8.7791e-12	1.6376e-12	4.5584e-12	1.4857e-12	4.896e-12	1.0974e-12	2.7013e-12	4.896e-13	1.3675e-12	1.6039e-13	5.2337e-13	2.7013e-13	7.7661e-13	2.5324e-13	6.7531e-13	1.4857e-13	7.9349e-13	1.6714e-13	9.6232e-13	1.8571e-13	4.5584e-13	1.0974e-13	1.1311e-12	1.013e-13	3.0389e-13	7.2596e-14	2.7013e-13	3.2077e-14	3.0389e-13	5.2337e-14	2.3636e-13	5.909e-14	2.3636e-13	8.9479e-14	1.4857e-13	3.0389e-14	1.5026e-13	2.1948e-14	1.3675e-13	1.2324e-14	1.3675e-13	4.7272e-14	2.0259e-13	1.3337e-13	2.5324e-13	4.7272e-14	8.2726e-14	2.5324e-14	2.3636e-13	1.2324e-14	1.3675e-14	8.2726e-15
36011.7	0.000679	3.6358e-05	1.733e-07	6.9884e-08	1.5522e-07	9.9721e-07	1.9066e-07	1.082e-06	1.1463e-08	1.5317e-07	2.1053e-08	2.2709e-07	3.0557e-08	1.9167e-07	4.1242e-09	3.4774e-08	3.9032e-09	1.0331e-08	6.0574e-09	2.7007e-08	3.3032e-09	9.3282e-09	5.0931e-09	1.2261e-08	1.1457e-08	1.6308e-07	7.7793e-10	8.2763e-09	1.109e-10	1.4351e-10	1.06e-11	2.2832e-11	1.4515e-12	8.4804e-12	1.5819e-12	4.4033e-12	1.4351e-12	4.7294e-12	1.06e-12	2.6093e-12	4.7294e-13	1.321e-12	1.5493e-13	5.0556e-13	2.6093e-13	7.5019e-13	2.4463e-13	6.5234e-13	1.4351e-13	7.665e-13	1.6145e-13	9.2958e-13	1.7939e-13	4.4033e-13	1.06e-13	1.0927e-12	9.7851e-14	2.9355e-13	7.0126e-14	2.6093e-13	3.0986e-14	2.9355e-13	5.0556e-14	2.2832e-13	5.708e-14	2.2832e-13	8.6435e-14	1.4351e-13	2.9355e-14	1.4515e-13	2.1201e-14	1.321e-13	1.1905e-14	1.321e-13	4.5664e-14	1.957e-13	1.2884e-13	2.4463e-13	4.5664e-14	7.9911e-14	2.4463e-14	2.2832e-13	1.1905e-14	1.321e-14	7.9911e-15
36512.2	0.00065483	3.505e-05	1.6717e-07	6.7233e-08	1.4913e-07	9.6135e-07	1.8343e-07	1.0438e-06	1.1014e-08	1.4766e-07	2.0255e-08	2.1907e-07	2.9438e-08	1.8503e-07	3.9652e-09	3.3547e-08	3.7502e-09	9.939e-09	5.82e-09	2.6036e-08	3.1779e-09	8.9683e-09	4.8999e-09	1.1804e-08	1.1052e-08	1.5753e-07	7.4994e-10	7.9947e-09	1.0712e-10	1.3863e-10	1.024e-11	2.2055e-11	1.402e-12	8.1917e-12	1.5281e-12	4.2534e-12	1.3863e-12	4.5685e-12	1.024e-12	2.5205e-12	4.5685e-13	1.276e-12	1.4966e-13	4.8835e-13	2.5205e-13	7.2465e-13	2.363e-13	6.3013e-13	1.3863e-13	7.4041e-13	1.5596e-13	8.9794e-13	1.7329e-13	4.2534e-13	1.024e-13	1.0555e-12	9.452e-14	2.8356e-13	6.7739e-14	2.5205e-13	2.9931e-14	2.8356e-13	4.8835e-14	2.2055e-13	5.5137e-14	2.2055e-13	8.3493e-14	1.3863e-13	2.8356e-14	1.402e-13	2.0479e-14	1.276e-13	1.15e-14	1.276e-13	4.4109e-14	1.8904e-13	1.2445e-13	2.363e-13	4.4109e-14	7.7191e-14	2.363e-14	2.2055e-13	1.15e-14	1.276e-14	7.7191e-15
37019.6	0.00063151	3.3789e-05	1.6126e-07	6.4681e-08	1.4328e-07	9.2676e-07	1.7647e-07	1.0069e-06	1.0582e-08	1.4235e-07	1.9487e-08	2.1133e-07	2.8359e-08	1.7861e-07	3.8122e-09	3.2361e-08	3.6031e-09	9.5618e-09	5.5917e-09	2.5099e-08	3.0573e-09	8.6222e-09	4.7139e-09	1.1363e-08	1.0661e-08	1.5217e-07	7.2294e-10	7.7225e-09	1.0347e-10	1.3391e-10	9.891e-12	2.1304e-11	1.3543e-12	7.9128e-12	1.476e-12	4.1086e-12	1.3391e-12	4.4129e-12	9.891e-13	2.4347e-12	4.4129e-13	1.2326e-12	1.4456e-13	4.7172e-13	2.4347e-13	6.9998e-13	2.2825e-13	6.0867e-13	1.3391e-13	7.1519e-13	1.5065e-13	8.6736e-13	1.6739e-13	4.1086e-13	9.891e-14	1.0195e-12	9.1301e-14	2.739e-13	6.5433e-14	2.4347e-13	2.8912e-14	2.739e-13	4.7172e-14	2.1304e-13	5.3259e-14	2.1304e-13	8.0649e-14	1.3391e-13	2.739e-14	1.3543e-13	1.9782e-14	1.2326e-13	1.1108e-14	1.2326e-13	4.2607e-14	1.826e-13	1.2021e-13	2.2825e-13	4.2607e-14	7.4563e-14	2.2825e-14	2.1304e-13	1.1108e-14	1.2326e-14	7.4563e-15
37534.1	0.000609	3.2573e-05	1.5555e-07	6.2225e-08	1.3766e-07	8.934e-07	1.6978e-07	9.7133e-07	1.0166e-08	1.3722e-07	1.8747e-08	2.0386e-07	2.7319e-08	1.7241e-07	3.6651e-09	3.1218e-08	3.4617e-09	9.1988e-09	5.3723e-09	2.4196e-08	2.9413e-09	8.2892e-09	4.5349e-09	1.0939e-08	1.0284e-08	1.4698e-07	6.969e-10	7.4594e-09	9.9949e-11	1.2935e-10	9.554e-12	2.0578e-11	1.3082e-12	7.6432e-12	1.4257e-12	3.9686e-12	1.2935e-12	4.2625e-12	9.554e-13	2.3517e-12	4.2625e-13	1.1906e-12	1.3964e-13	4.5565e-13	2.3517e-13	6.7613e-13	2.2048e-13	5.8794e-13	1.2935e-13	6.9083e-13	1.4551e-13	8.3781e-13	1.6168e-13	3.9686e-13	9.554e-14	9.8479e-13	8.8191e-14	2.6457e-13	6.3203e-14	2.3517e-13	2.7927e-14	2.6457e-13	4.5565e-14	2.0578e-13	5.1445e-14	2.0578e-13	7.7902e-14	1.2935e-13	2.6457e-14	1.3082e-13	1.9108e-14	1.1906e-13	1.073e-14	1.1906e-13	4.1156e-14	1.7638e-13	1.1612e-13	2.2048e-13	4.1156e-14	7.2022e-14	2.2048e-14	2.0578e-13	1.073e-14	1.1906e-14	7.2022e-15
38055.7	0.00058729	3.14e-05	1.5004e-07	5.9862e-08	1.3225e-07	8.6123e-07	1.6333e-07	9.3698e-07	9.7671e-09	1.3228e-07	1.8035e-08	1.9665e-07	2.6318e-08	1.6643e-07	3.5236e-09	3.0114e-08	3.3258e-09	8.8494e-09	5.1614e-09	2.3324e-08	2.8296e-09	7.969e-09	4.3626e-09	1.0531e-08	9.9202e-09	1.4197e-07	6.7178e-10	7.2052e-09	9.6542e-11	1.2494e-10	9.2283e-12	1.9876e-11	1.2636e-12	7.3827e-12	1.3772e-12	3.8333e-12	1.2494e-12	4.1173e-12	9.2283e-13	2.2716e-12	4.1173e-13	1.15e-12	1.3488e-13	4.4012e-13	2.2716e-13	6.5308e-13	2.1296e-13	5.679e-13	1.2494e-13	6.6728e-13	1.4055e-13	8.0925e-13	1.5617e-13	3.8333e-13	9.2283e-14	9.5123e-13	8.5185e-14	2.5555e-13	6.1049e-14	2.2716e-13	2.6975e-14	2.5555e-13	4.4012e-14	1.9876e-13	4.9691e-14	1.9876e-13	7.5246e-14	1.2494e-13	2.5555e-14	1.2636e-13	1.8457e-14	1.15e-13	1.0364e-14	1.15e-13	3.9753e-14	1.7037e-13	1.1216e-13	2.1296e-13	3.9753e-14	6.9567e-14	2.1296e-14	1.9876e-13	1.0364e-14	1.15e-14	6.9567e-15
38584.6	0.00056633	3.0269e-05	1.4473e-07	5.7587e-08	1.2705e-07	8.302e-07	1.5713e-07	9.0383e-07	9.3834e-09	1.2751e-07	1.735e-08	1.8969e-07	2.5352e-08	1.6065e-07	3.3875e-09	2.9048e-08	3.1952e-09	8.5131e-09	4.9587e-09	2.2484e-08	2.7221e-09	7.661e-09	4.1968e-09	1.0137e-08	9.5689e-09	1.3713e-07	6.4757e-10	6.9596e-09	9.325e-11	1.2068e-10	8.9136e-12	1.9199e-11	1.2205e-12	7.1309e-12	1.3302e-12	3.7026e-12	1.2068e-12	3.9769e-12	8.9136e-13	2.1941e-12	3.9769e-13	1.1108e-12	1.3028e-13	4.2511e-13	2.1941e-13	6.3081e-13	2.057e-13	5.4853e-13	1.2068e-13	6.4452e-13	1.3576e-13	7.8166e-13	1.5085e-13	3.7026e-13	8.9136e-14	9.1879e-13	8.228e-14	2.4684e-13	5.8967e-14	2.1941e-13	2.6055e-14	2.4684e-13	4.2511e-14	1.9199e-13	4.7996e-14	1.9199e-13	7.268e-14	1.2068e-13	2.4684e-14	1.2205e-13	1.7827e-14	1.1108e-13	1.0011e-14	1.1108e-13	3.8397e-14	1.6456e-13	1.0833e-13	2.057e-13	3.8397e-14	6.7195e-14	2.057e-14	1.9199e-13	1.0011e-14	1.1108e-14	6.7195e-15
39120.8	0.00054611	2.9178e-05	1.396e-07	5.5397e-08	1.2206e-07	8.0028e-07	1.5116e-07	8.7184e-07	9.0146e-09	1.2292e-07	1.6691e-08	1.8298e-07	2.4421e-08	1.5507e-07	3.2565e-09	2.802e-08	3.0696e-09	8.1895e-09	4.7639e-09	2.1674e-08	2.6186e-09	7.3648e-09	4.0372e-09	9.7586e-09	9.2299e-09	1.3245e-07	6.2421e-10	6.7222e-09	9.0069e-11	1.1656e-10	8.6095e-12	1.8544e-11	1.1788e-12	6.8876e-12	1.2848e-12	3.5763e-12	1.1656e-12	3.8412e-12	8.6095e-13	2.1193e-12	3.8412e-13	1.0729e-12	1.2583e-13	4.1061e-13	2.1193e-13	6.0929e-13	1.9868e-13	5.2982e-13	1.1656e-13	6.2254e-13	1.3113e-13	7.5499e-13	1.457e-13	3.5763e-13	8.6095e-14	8.8744e-13	7.9473e-14	2.3842e-13	5.6955e-14	2.1193e-13	2.5166e-14	2.3842e-13	4.1061e-14	1.8544e-13	4.6359e-14	1.8544e-13	7.0201e-14	1.1656e-13	2.3842e-14	1.1788e-13	1.7219e-14	1.0729e-13	9.6692e-15	1.0729e-13	3.7087e-14	1.5895e-13	1.0464e-13	1.9868e-13	3.7087e-14	6.4903e-14	1.9868e-14	1.8544e-13	9.6692e-15	1.0729e-14	6.4903e-15
39664.5	0.00052661	2.8125e-05	1.3465e-07	5.329e-08	1.1726e-07	7.7142e-07	1.4542e-07	8.4097e-07	8.6602e-09	1.1848e-07	1.6056e-08	1.765e-07	2.3525e-08	1.4968e-07	3.1306e-09	2.7028e-08	2.949e-09	7.878e-09	4.5766e-09	2.0892e-08	2.519e-09	7.0799e-09	3.8836e-09	9.3938e-09	8.9028e-09	1.2793e-07	6.0169e-10	6.4928e-09	8.6995e-11	1.1258e-10	8.3157e-12	1.7911e-11	1.1386e-12	6.6526e-12	1.241e-12	3.4542e-12	1.1258e-12	3.7101e-12	8.3157e-13	2.0469e-12	3.7101e-13	1.0363e-12	1.2154e-13	3.9659e-13	2.0469e-13	5.8849e-13	1.919e-13	5.1173e-13	1.1258e-13	6.0129e-13	1.2665e-13	7.2922e-13	1.4073e-13	3.4542e-13	8.3157e-14	8.5716e-13	7.676e-14	2.3028e-13	5.5011e-14	2.0469e-13	2.4307e-14	2.3028e-13	3.9659e-14	1.7911e-13	4.4777e-14	1.7911e-13	6.7805e-14	1.1258e-13	2.3028e-14	1.1386e-13	1.6631e-14	1.0363e-13	9.3392e-15	1.0363e-13	3.5821e-14	1.5352e-13	1.0107e-13	1.919e-13	3.5821e-14	6.2687e-14	1.919e-14	1.7911e-13	9.3392e-15	1.0363e-14	6.2687e-15
40215.7	0.00050779	2.7111e-05	1.2987e-07	5.1262e-08	1.1265e-07	7.4359e-07	1.3989e-07	8.1118e-07	8.3195e-09	1.1421e-07	1.5445e-08	1.7025e-07	2.266e-08	1.4447e-07	3.0096e-09	2.6071e-08	2.833e-09	7.5783e-09	4.3966e-09	2.0138e-08	2.4232e-09	6.8059e-09	3.7358e-09	9.0425e-09	8.5872e-09	1.2357e-07	5.7997e-10	6.2712e-09	8.4024e-11	1.0874e-10	8.0317e-12	1.7299e-11	1.0997e-12	6.4254e-12	1.1986e-12	3.3363e-12	1.0874e-12	3.5834e-12	8.0317e-13	1.977e-12	3.5834e-13	1.0009e-12	1.1739e-13	3.8305e-13	1.977e-13	5.684e-13	1.8535e-13	4.9426e-13	1.0874e-13	5.8076e-13	1.2233e-13	7.0432e-13	1.3592e-13	3.3363e-13	8.0317e-14	8.2789e-13	7.4139e-14	2.2242e-13	5.3133e-14	1.977e-13	2.3477e-14	2.2242e-13	3.8305e-14	1.7299e-13	4.3248e-14	1.7299e-13	6.549e-14	1.0874e-13	2.2242e-14	1.0997e-13	1.6063e-14	1.0009e-13	9.0203e-15	1.0009e-13	3.4598e-14	1.4828e-13	9.7617e-14	1.8535e-13	3.4598e-14	6.0547e-14	1.8535e-14	1.7299e-13	9.0203e-15	1.0009e-14	6.0547e-15
40774.6	0.00048963	2.6132e-05	1.2527e-07	4.9311e-08	1.0821e-07	7.1675e-07	1.3457e-07	7.8243e-07	7.9922e-09	1.1009e-07	1.4858e-08	1.6421e-07	2.1827e-08	1.3944e-07	2.8931e-09	2.5147e-08	2.7215e-09	7.2898e-09	4.2237e-09	1.9412e-08	2.331e-09	6.5424e-09	3.5936e-09	8.7042e-09	8.2826e-09	1.1934e-07	5.5902e-10	6.057e-09	8.1154e-11	1.0502e-10	7.7574e-12	1.6708e-11	1.0622e-12	6.2059e-12	1.1576e-12	3.2223e-12	1.0502e-12	3.461e-12	7.7574e-13	1.9095e-12	3.461e-13	9.6669e-13	1.1338e-13	3.6997e-13	1.9095e-13	5.4898e-13	1.7902e-13	4.7738e-13	1.0502e-13	5.6092e-13	1.1815e-13	6.8026e-13	1.3128e-13	3.2223e-13	7.7574e-14	7.9961e-13	7.1607e-14	2.1482e-13	5.1318e-14	1.9095e-13	2.2675e-14	2.1482e-13	3.6997e-14	1.6708e-13	4.177e-14	1.6708e-13	6.3252e-14	1.0502e-13	2.1482e-14	1.0622e-13	1.5515e-14	9.6669e-14	8.7121e-15	9.6669e-14	3.3416e-14	1.4321e-13	9.4282e-14	1.7902e-13	3.3416e-14	5.8479e-14	1.7902e-14	1.6708e-13	8.7121e-15	9.6669e-15	5.8479e-15
41341.3	0.00047211	2.5189e-05	1.2082e-07	4.7433e-08	1.0395e-07	6.9087e-07	1.2945e-07	7.5469e-07	7.6775e-09	1.0611e-07	1.4292e-08	1.5839e-07	2.1025e-08	1.3459e-07	2.7811e-09	2.4255e-08	2.6144e-09	7.0122e-09	4.0575e-09	1.8711e-08	2.2422e-09	6.2891e-09	3.4567e-09	8.3783e-09	7.9887e-09	1.1527e-07	5.3883e-10	5.8501e-09	7.8381e-11	1.0143e-10	7.4923e-12	1.6137e-11	1.0259e-12	5.9938e-12	1.1181e-12	3.1122e-12	1.0143e-12	3.3427e-12	7.4923e-13	1.8443e-12	3.3427e-13	9.3365e-13	1.095e-13	3.5732e-13	1.8443e-13	5.3022e-13	1.729e-13	4.6106e-13	1.0143e-13	5.4175e-13	1.1411e-13	6.5701e-13	1.2679e-13	3.1122e-13	7.4923e-14	7.7228e-13	6.9159e-14	2.0748e-13	4.9564e-14	1.8443e-13	2.19e-14	2.0748e-13	3.5732e-14	1.6137e-13	4.0343e-14	1.6137e-13	6.1091e-14	1.0143e-13	2.0748e-14	1.0259e-13	1.4985e-14	9.3365e-14	8.4144e-15	9.3365e-14	3.2274e-14	1.3832e-13	9.106e-14	1.729e-13	3.2274e-14	5.648e-14	1.729e-14	1.6137e-13	8.4144e-15	9.3365e-15	5.648e-15
41915.8	0.00045521	2.4279e-05	1.1653e-07	4.5625e-08	9.9856e-08	6.6592e-07	1.2452e-07	7.2792e-07	7.3752e-09	1.0228e-07	1.3748e-08	1.5277e-07	2.0252e-08	1.299e-07	2.6734e-09	2.3395e-08	2.5115e-09	6.7451e-09	3.8977e-09	1.8035e-08	2.1568e-09	6.0454e-09	3.325e-09	8.0646e-09	7.7051e-09	1.1132e-07	5.1935e-10	5.6501e-09	7.5701e-11	9.7966e-11	7.2361e-12	1.5585e-11	9.9079e-13	5.7889e-12	1.0799e-12	3.0058e-12	9.7966e-13	3.2284e-12	7.2361e-13	1.7812e-12	3.2284e-13	9.0173e-13	1.0576e-13	3.4511e-13	1.7812e-13	5.1209e-13	1.6699e-13	4.453e-13	9.7966e-14	5.2323e-13	1.1021e-13	6.3455e-13	1.2246e-13	3.0058e-13	7.2361e-14	7.4588e-13	6.6795e-14	2.0038e-13	4.787e-14	1.7812e-13	2.1152e-14	2.0038e-13	3.4511e-14	1.5585e-13	3.8964e-14	1.5585e-13	5.9002e-14	9.7966e-14	2.0038e-14	9.9079e-14	1.4472e-14	9.0173e-14	8.1267e-15	9.0173e-14	3.1171e-14	1.3359e-13	8.7947e-14	1.6699e-13	3.1171e-14	5.4549e-14	1.6699e-14	1.5585e-13	8.1267e-15	9.0173e-15	5.4549e-15
42498.3	0.0004389	2.3401e-05	1.1239e-07	4.3886e-08	9.5921e-08	6.4185e-07	1.1978e-07	7.0208e-07	7.0846e-09	9.8582e-08	1.3224e-08	1.4735e-07	1.9506e-08	1.2538e-07	2.5698e-09	2.2565e-08	2.4125e-09	6.488e-09	3.7442e-09	1.7383e-08	2.0746e-09	5.8111e-09	3.1983e-09	7.7625e-09	7.4314e-09	1.0752e-07	5.0057e-10	5.4569e-09	7.3112e-11	9.4615e-11	6.9886e-12	1.5052e-11	9.569e-13	5.5909e-12	1.0429e-12	2.903e-12	9.4615e-13	3.118e-12	6.9886e-13	1.7203e-12	3.118e-13	8.7089e-13	1.0214e-13	3.333e-13	1.7203e-13	4.9458e-13	1.6128e-13	4.3007e-13	9.4615e-14	5.0533e-13	1.0644e-13	6.1285e-13	1.1827e-13	2.903e-13	6.9886e-14	7.2036e-13	6.451e-14	1.9353e-13	4.6232e-14	1.7203e-13	2.0428e-14	1.9353e-13	3.333e-14	1.5052e-13	3.7631e-14	1.5052e-13	5.6984e-14	9.4615e-14	1.9353e-14	9.569e-14	1.3977e-14	8.7089e-14	7.8488e-15	8.7089e-14	3.0105e-14	1.2902e-13	8.4939e-14	1.6128e-13	3.0105e-14	5.2683e-14	1.6128e-14	1.5052e-13	7.8488e-15	8.7089e-15	5.2683e-15
43088.9	0.00042317	2.2555e-05	1.0839e-07	4.2213e-08	9.214e-08	6.1865e-07	1.1521e-07	6.7716e-07	6.8053e-09	9.5018e-08	1.272e-08	1.4212e-07	1.8788e-08	1.2101e-07	2.4702e-09	2.1764e-08	2.3175e-09	6.2407e-09	3.5966e-09	1.6755e-08	1.9955e-09	5.5857e-09	3.0763e-09	7.4716e-09	7.1674e-09	1.0384e-07	4.8247e-10	5.2702e-09	7.061e-11	9.1378e-11	6.7495e-12	1.4537e-11	9.2416e-13	5.3996e-12	1.0072e-12	2.8036e-12	9.1378e-13	3.0113e-12	6.7495e-13	1.6614e-12	3.0113e-13	8.4109e-13	9.8646e-14	3.219e-13	1.6614e-13	4.7766e-13	1.5576e-13	4.1535e-13	9.1378e-14	4.8804e-13	1.028e-13	5.9188e-13	1.1422e-13	2.8036e-13	6.7495e-14	6.9572e-13	6.2303e-14	1.8691e-13	4.465e-14	1.6614e-13	1.9729e-14	1.8691e-13	3.219e-14	1.4537e-13	3.6343e-14	1.4537e-13	5.5034e-14	9.1378e-14	1.8691e-14	9.2416e-14	1.3499e-14	8.4109e-14	7.5802e-15	8.4109e-14	2.9075e-14	1.2461e-13	8.2032e-14	1.5576e-13	2.9075e-14	5.0881e-14	1.5576e-14	1.4537e-13	7.5802e-15	8.4109e-15	5.0881e-15
43687.7	0.000408	2.174e-05	1.0454e-07	4.0603e-08	8.8506e-08	5.9627e-07	1.1082e-07	6.5311e-07	6.537e-09	9.1581e-08	1.2235e-08	1.3707e-07	1.8096e-08	1.1679e-07	2.3744e-09	2.0991e-08	2.2261e-09	6.0026e-09	3.4549e-09	1.6149e-08	1.9194e-09	5.3691e-09	2.959e-09	7.1915e-09	6.9126e-09	1.0028e-07	4.6501e-10	5.0899e-09	6.8193e-11	8.825e-11	6.5184e-12	1.404e-11	8.9252e-13	5.2148e-12	9.7275e-13	2.7077e-12	8.825e-13	2.9082e-12	6.5184e-13	1.6045e-12	2.9082e-13	8.123e-13	9.527e-14	3.1088e-13	1.6045e-13	4.6131e-13	1.5043e-13	4.0113e-13	8.825e-14	4.7133e-13	9.9281e-14	5.7162e-13	1.1031e-13	2.7077e-13	6.5184e-14	6.719e-13	6.017e-14	1.8051e-13	4.3122e-14	1.6045e-13	1.9054e-14	1.8051e-13	3.1088e-14	1.404e-13	3.5099e-14	1.404e-13	5.315e-14	8.825e-14	1.8051e-14	8.9253e-14	1.3037e-14	8.123e-14	7.3207e-15	8.123e-14	2.8079e-14	1.2034e-13	7.9224e-14	1.5043e-13	2.8079e-14	4.9139e-14	1.5043e-14	1.404e-13	7.3207e-15	8.123e-15	4.9139e-15
44294.9	0.00039336	2.0953e-05	1.0082e-07	3.9053e-08	8.5015e-08	5.747e-07	1.066e-07	6.2991e-07	6.2792e-09	8.8268e-08	1.1768e-08	1.322e-07	1.743e-08	1.1272e-07	2.2824e-09	2.0245e-08	2.1383e-09	5.7736e-09	3.3186e-09	1.5565e-08	1.8462e-09	5.1607e-09	2.8461e-09	6.9218e-09	6.6668e-09	9.685e-08	4.4817e-10	4.9156e-09	6.5858e-11	8.5228e-11	6.2952e-12	1.3559e-11	8.6196e-13	5.0362e-12	9.3944e-13	2.6149e-12	8.5228e-13	2.8086e-12	6.2952e-13	1.5496e-12	2.8086e-13	7.8448e-13	9.2007e-14	3.0023e-13	1.5496e-13	4.4551e-13	1.4527e-13	3.874e-13	8.5228e-14	4.5519e-13	9.5881e-14	5.5204e-13	1.0653e-13	2.6149e-13	6.2952e-14	6.4889e-13	5.811e-14	1.7433e-13	4.1645e-14	1.5496e-13	1.8401e-14	1.7433e-13	3.0023e-14	1.3559e-13	3.3897e-14	1.3559e-13	5.133e-14	8.5228e-14	1.7433e-14	8.6196e-14	1.259e-14	7.8448e-14	7.07e-15	7.8448e-14	2.7118e-14	1.1622e-13	7.6511e-14	1.4527e-13	2.7118e-14	4.7456e-14	1.4527e-14	1.3559e-13	7.07e-15	7.8448e-15	4.7456e-15
44910.5	0.00037925	2.0195e-05	9.7236e-08	3.7563e-08	8.166e-08	5.539e-07	1.0253e-07	6.0752e-07	6.0314e-09	8.5073e-08	1.1319e-08	1.275e-07	1.6787e-08	1.0879e-07	2.1938e-09	1.9526e-08	2.054e-09	5.5532e-09	3.1877e-09	1.5001e-08	1.7757e-09	4.9604e-09	2.7374e-09	6.6621e-09	6.4297e-09	9.3532e-08	4.3194e-10	4.7472e-09	6.3602e-11	8.2308e-11	6.0796e-12	1.3094e-11	8.3243e-13	4.8637e-12	9.0726e-13	2.5254e-12	8.2308e-13	2.7124e-12	6.0796e-13	1.4965e-12	2.7124e-13	7.5761e-13	8.8855e-14	2.8995e-13	1.4965e-13	4.3025e-13	1.403e-13	3.7413e-13	8.2308e-14	4.396e-13	9.2596e-14	5.3313e-13	1.0288e-13	2.5254e-13	6.0796e-14	6.2666e-13	5.6119e-14	1.6836e-13	4.0219e-14	1.4965e-13	1.7771e-14	1.6836e-13	2.8995e-14	1.3094e-13	3.2736e-14	1.3094e-13	4.9572e-14	8.2308e-14	1.6836e-14	8.3243e-14	1.2159e-14	7.5761e-14	6.8278e-15	7.5761e-14	2.6189e-14	1.1224e-13	7.389e-14	1.403e-13	2.6189e-14	4.5831e-14	1.403e-14	1.3094e-13	6.8278e-15	7.5761e-15	4.5831e-15
45534.6	0.00036563	1.9463e-05	9.3775e-08	3.6128e-08	7.8436e-08	5.3384e-07	9.8618e-08	5.8592e-07	5.7933e-09	8.1992e-08	1.0887e-08	1.2296e-07	1.6168e-08	1.0499e-07	2.1086e-09	1.8832e-08	1.9729e-09	5.3412e-09	3.0619e-09	1.4458e-08	1.7079e-09	4.7677e-09	2.6329e-09	6.412e-09	6.2009e-09	9.0326e-08	4.163e-10	4.5846e-09	6.1422e-11	7.9487e-11	5.8712e-12	1.2646e-11	8.039e-13	4.697e-12	8.7617e-13	2.4388e-12	7.9487e-13	2.6195e-12	5.8712e-13	1.4452e-12	2.6195e-13	7.3164e-13	8.581e-14	2.8001e-13	1.4452e-13	4.155e-13	1.3549e-13	3.6131e-13	7.9487e-14	4.2453e-13	8.9423e-14	5.1486e-13	9.9359e-14	2.4388e-13	5.8712e-14	6.0519e-13	5.4196e-14	1.6259e-13	3.884e-14	1.4452e-13	1.7162e-14	1.6259e-13	2.8001e-14	1.2646e-13	3.1614e-14	1.2646e-13	4.7873e-14	7.9487e-14	1.6259e-14	8.039e-14	1.1742e-14	7.3164e-14	6.5938e-15	7.3164e-14	2.5291e-14	1.0839e-13	7.1358e-14	1.3549e-13	2.5291e-14	4.426e-14	1.3549e-14	1.2646e-13	6.5938e-15	7.3164e-15	4.426e-15
46167.4	0.00035249	1.8758e-05	9.0436e-08	3.4748e-08	7.5338e-08	5.1451e-07	9.4853e-08	5.6508e-07	5.5645e-09	7.9022e-08	1.0471e-08	1.1859e-07	1.5572e-08	1.0132e-07	2.0267e-09	1.8162e-08	1.895e-09	5.1372e-09	2.941e-09	1.3934e-08	1.6427e-09	4.5825e-09	2.5323e-09	6.1713e-09	5.9802e-09	8.723e-08	4.0121e-10	4.4274e-09	5.9316e-11	7.6762e-11	5.6699e-12	1.2212e-11	7.7634e-13	4.5359e-12	8.4613e-13	2.3552e-12	7.6762e-13	2.5297e-12	5.6699e-13	1.3957e-12	2.5297e-13	7.0656e-13	8.2868e-14	2.7041e-13	1.3957e-13	4.0126e-13	1.3084e-13	3.4892e-13	7.6762e-14	4.0998e-13	8.6357e-14	4.9721e-13	9.5953e-14	2.3552e-13	5.6699e-14	5.8444e-13	5.2338e-14	1.5701e-13	3.7509e-14	1.3957e-13	1.6574e-14	1.5701e-13	2.7041e-14	1.2212e-13	3.053e-14	1.2212e-13	4.6232e-14	7.6762e-14	1.5701e-14	7.7634e-14	1.134e-14	7.0656e-14	6.3678e-15	7.0656e-14	2.4424e-14	1.0468e-13	6.8911e-14	1.3084e-13	2.4424e-14	4.2742e-14	1.3084e-14	1.2212e-13	6.3678e-15	7.0656e-15	4.2742e-15
46809	0.00033982	1.8079e-05	8.7214e-08	3.342e-08	7.2361e-08	4.9586e-07	9.1231e-08	5.4497e-07	5.3447e-09	7.6158e-08	1.0071e-08	1.1437e-07	1.4997e-08	9.7783e-08	1.948e-09	1.7516e-08	1.8202e-09	4.9409e-09	2.8249e-09	1.3429e-08	1.5799e-09	4.4044e-09	2.4355e-09	5.9395e-09	5.7672e-09	8.4238e-08	3.8666e-10	4.2756e-09	5.7282e-11	7.4129e-11	5.4755e-12	1.1793e-11	7.4972e-13	4.3804e-12	8.1711e-13	2.2744e-12	7.4129e-13	2.4429e-12	5.4755e-13	1.3478e-12	2.4429e-13	6.8233e-13	8.0026e-14	2.6114e-13	1.3478e-13	3.8749e-13	1.2636e-13	3.3695e-13	7.4129e-14	3.9592e-13	8.3396e-14	4.8016e-13	9.2662e-14	2.2744e-13	5.4755e-14	5.6439e-13	5.0543e-14	1.5163e-13	3.6222e-14	1.3478e-13	1.6005e-14	1.5163e-13	2.6114e-14	1.1793e-13	2.9483e-14	1.1793e-13	4.4646e-14	7.4129e-14	1.5163e-14	7.4972e-14	1.0951e-14	6.8233e-14	6.1494e-15	6.8233e-14	2.3587e-14	1.0109e-13	6.6548e-14	1.2636e-13	2.3587e-14	4.1277e-14	1.2636e-14	1.1793e-13	6.1494e-15	6.8233e-15	4.1277e-15
47459.6	0.0003276	1.7423e-05	8.4107e-08	3.2143e-08	6.9501e-08	4.7789e-07	8.7746e-08	5.2557e-07	5.1335e-09	7.3397e-08	9.6863e-09	1.103e-07	1.4444e-08	9.4367e-08	1.8723e-09	1.6892e-08	1.7482e-09	4.752e-09	2.7133e-09	1.2943e-08	1.5196e-09	4.2332e-09	2.3424e-09	5.7163e-09	5.5618e-09	8.1348e-08	3.7264e-10	4.129e-09	5.5316e-11	7.1586e-11	5.2876e-12	1.1389e-11	7.2399e-13	4.2301e-12	7.8907e-13	2.1964e-12	7.1586e-13	2.3591e-12	5.2876e-13	1.3016e-12	2.3591e-13	6.5892e-13	7.728e-14	2.5218e-13	1.3016e-13	3.742e-13	1.2202e-13	3.2539e-13	7.1586e-14	3.8233e-13	8.0534e-14	4.6368e-13	8.9482e-14	2.1964e-13	5.2876e-14	5.4503e-13	4.8809e-14	1.4643e-13	3.498e-14	1.3016e-13	1.5456e-14	1.4643e-13	2.5218e-14	1.1389e-13	2.8472e-14	1.1389e-13	4.3114e-14	7.1586e-14	1.4643e-14	7.2399e-14	1.0575e-14	6.5892e-14	5.9384e-15	6.5892e-14	2.2777e-14	9.7617e-14	6.4265e-14	1.2202e-13	2.2777e-14	3.986e-14	1.2202e-14	1.1389e-13	5.9384e-15	6.5892e-15	3.986e-15
48119.1	0.00031581	1.6792e-05	8.1109e-08	3.0913e-08	6.6754e-08	4.6056e-07	8.4392e-08	5.0685e-07	4.9306e-09	7.0736e-08	9.316e-09	1.0637e-07	1.391e-08	9.1068e-08	1.7995e-09	1.6291e-08	1.6791e-09	4.5703e-09	2.606e-09	1.2473e-08	1.4615e-09	4.0686e-09	2.2528e-09	5.5014e-09	5.3636e-09	7.8556e-08	3.5912e-10	3.9873e-09	5.3418e-11	6.9129e-11	5.1061e-12	1.0998e-11	6.9915e-13	4.0849e-12	7.6199e-13	2.121e-12	6.9129e-13	2.2781e-12	5.1061e-13	1.2569e-12	2.2781e-13	6.363e-13	7.4628e-14	2.4352e-13	1.2569e-13	3.6136e-13	1.1783e-13	3.1422e-13	6.9129e-14	3.6921e-13	7.777e-14	4.4777e-13	8.6411e-14	2.121e-13	5.1061e-14	5.2632e-13	4.7133e-14	1.414e-13	3.3779e-14	1.2569e-13	1.4926e-14	1.414e-13	2.4352e-14	1.0998e-13	2.7495e-14	1.0998e-13	4.1635e-14	6.9129e-14	1.414e-14	6.9915e-14	1.0212e-14	6.363e-14	5.7346e-15	6.363e-14	2.1996e-14	9.4267e-14	6.2059e-14	1.1783e-13	2.1996e-14	3.8492e-14	1.1783e-14	1.0998e-13	5.7346e-15	6.363e-15	3.8492e-15
48787.9	0.00030444	1.6182e-05	7.8216e-08	2.9731e-08	6.4113e-08	4.4385e-07	8.1166e-08	4.888e-07	4.7356e-09	6.8169e-08	8.9598e-09	1.0258e-07	1.3397e-08	8.7883e-08	1.7296e-09	1.571e-08	1.6127e-09	4.3955e-09	2.503e-09	1.2021e-08	1.4056e-09	3.9103e-09	2.1666e-09	5.2946e-09	5.1724e-09	7.5859e-08	3.4608e-10	3.8504e-09	5.1584e-11	6.6756e-11	4.9308e-12	1.062e-11	6.7514e-13	3.9446e-12	7.3583e-13	2.0482e-12	6.6756e-13	2.1999e-12	4.9308e-13	1.2137e-12	2.1999e-13	6.1445e-13	7.2066e-14	2.3516e-13	1.2137e-13	3.4895e-13	1.1379e-13	3.0343e-13	6.6756e-14	3.5654e-13	7.51e-14	4.3239e-13	8.3444e-14	2.0482e-13	4.9308e-14	5.0825e-13	4.5515e-14	1.3655e-13	3.2619e-14	1.2137e-13	1.4413e-14	1.3655e-13	2.3516e-14	1.062e-13	2.6551e-14	1.062e-13	4.0205e-14	6.6756e-14	1.3655e-14	6.7514e-14	9.8616e-15	6.1445e-14	5.5377e-15	6.1445e-14	2.124e-14	9.103e-14	5.9928e-14	1.1379e-13	2.124e-14	3.7171e-14	1.1379e-14	1.062e-13	5.5377e-15	6.1445e-15	3.7171e-15
49465.9	0.00029348	1.5595e-05	7.5426e-08	2.8593e-08	6.1577e-08	4.2775e-07	7.8062e-08	4.7138e-07	4.5483e-09	6.5695e-08	8.617e-09	9.8925e-08	1.2902e-08	8.4809e-08	1.6623e-09	1.515e-08	1.549e-09	4.2273e-09	2.404e-09	1.1585e-08	1.3518e-09	3.7581e-09	2.0837e-09	5.0954e-09	4.9879e-09	7.3253e-08	3.3352e-10	3.7182e-09	4.9812e-11	6.4463e-11	4.7615e-12	1.0255e-11	6.5195e-13	3.8092e-12	7.1056e-13	1.9778e-12	6.4463e-13	2.1243e-12	4.7615e-13	1.172e-12	2.1243e-13	5.9335e-13	6.959e-14	2.2708e-13	1.172e-13	3.3696e-13	1.0988e-13	2.9301e-13	6.4463e-14	3.4429e-13	7.2521e-14	4.1754e-13	8.0578e-14	1.9778e-13	4.7615e-14	4.908e-13	4.3952e-14	1.3186e-13	3.1499e-14	1.172e-13	1.3918e-14	1.3186e-13	2.2708e-14	1.0255e-13	2.5639e-14	1.0255e-13	3.8824e-14	6.4463e-14	1.3186e-14	6.5195e-14	9.5229e-15	5.9335e-14	5.3475e-15	5.9335e-14	2.0511e-14	8.7904e-14	5.787e-14	1.0988e-13	2.0511e-14	3.5894e-14	1.0988e-14	1.0255e-13	5.3475e-15	5.9335e-15	3.5894e-15
50153.3	0.00028291	1.5029e-05	7.2735e-08	2.7498e-08	5.914e-08	4.1222e-07	7.5076e-08	4.5458e-07	4.3683e-09	6.331e-08	8.2873e-09	9.5398e-08	1.2425e-08	8.1841e-08	1.5976e-09	1.461e-08	1.4877e-09	4.0654e-09	2.3089e-09	1.1164e-08	1.3e-09	3.6118e-09	2.0039e-09	4.9037e-09	4.81e-09	7.0736e-08	3.2141e-10	3.5904e-09	4.8101e-11	6.2248e-11	4.5979e-12	9.9031e-12	6.2955e-13	3.6783e-12	6.8614e-13	1.9099e-12	6.2248e-13	2.0514e-12	4.5979e-13	1.1318e-12	2.0514e-13	5.7296e-13	6.7199e-14	2.1928e-13	1.1318e-13	3.2539e-13	1.061e-13	2.8294e-13	6.2248e-14	3.3246e-13	7.0029e-14	4.032e-13	7.781e-14	1.9099e-13	4.5979e-14	4.7393e-13	4.2442e-14	1.2733e-13	3.0417e-14	1.1318e-13	1.344e-14	1.2733e-13	2.1928e-14	9.9031e-14	2.4758e-14	9.9031e-14	3.749e-14	6.2248e-14	1.2733e-14	6.2955e-14	9.1957e-15	5.7296e-14	5.1637e-15	5.7296e-14	1.9806e-14	8.4883e-14	5.5882e-14	1.061e-13	1.9806e-14	3.4661e-14	1.061e-14	9.9031e-14	5.1637e-15	5.7296e-15	3.4661e-15
50850.3	0.00027271	1.4483e-05	7.0139e-08	2.6445e-08	5.6798e-08	3.9725e-07	7.2203e-08	4.3837e-07	4.1954e-09	6.1011e-08	7.97e-09	9.1996e-08	1.1965e-08	7.8976e-08	1.5354e-09	1.4089e-08	1.4288e-09	3.9098e-09	2.2175e-09	1.0759e-08	1.2503e-09	3.4712e-09	1.9272e-09	4.7191e-09	4.6384e-09	6.8305e-08	3.0973e-10	3.4671e-09	4.6447e-11	6.0108e-11	4.4398e-12	9.5627e-12	6.0791e-13	3.5519e-12	6.6256e-13	1.8442e-12	6.0108e-13	1.9808e-12	4.4398e-13	1.0929e-12	1.9808e-13	5.5327e-13	6.489e-14	2.1175e-13	1.0929e-13	3.142e-13	1.0246e-13	2.7322e-13	6.0108e-14	3.2103e-13	6.7622e-14	3.8934e-13	7.5136e-14	1.8442e-13	4.4398e-14	4.5764e-13	4.0983e-14	1.2295e-13	2.9371e-14	1.0929e-13	1.2978e-14	1.2295e-13	2.1175e-14	9.5627e-14	2.3907e-14	9.5627e-14	3.6202e-14	6.0108e-14	1.2295e-14	6.0791e-14	8.8797e-15	5.5327e-14	4.9863e-15	5.5327e-14	1.9125e-14	8.1966e-14	5.3961e-14	1.0246e-13	1.9125e-14	3.3469e-14	1.0246e-14	9.5627e-14	4.9863e-15	5.5327e-15	3.3469e-15
51557	0.00026288	1.3957e-05	6.7635e-08	2.5432e-08	5.4549e-08	3.8282e-07	6.9439e-08	4.2273e-07	4.0292e-09	5.8795e-08	7.6648e-09	8.8714e-08	1.1523e-08	7.621e-08	1.4756e-09	1.3587e-08	1.3722e-09	3.76e-09	2.1297e-09	1.0368e-08	1.2024e-09	3.3359e-09	1.8534e-09	4.5415e-09	4.4728e-09	6.5957e-08	2.9847e-10	3.3479e-09	4.485e-11	5.8042e-11	4.2872e-12	9.2339e-12	5.8701e-13	3.4297e-12	6.3978e-13	1.7808e-12	5.8042e-13	1.9127e-12	4.2872e-13	1.0553e-12	1.9127e-13	5.3425e-13	6.2659e-14	2.0447e-13	1.0553e-13	3.034e-13	9.8935e-14	2.6383e-13	5.8042e-14	3.1e-13	6.5297e-14	3.7595e-13	7.2552e-14	1.7808e-13	4.2872e-14	4.4191e-13	3.9574e-14	1.1872e-13	2.8361e-14	1.0553e-13	1.2532e-14	1.1872e-13	2.0447e-14	9.2339e-14	2.3085e-14	9.2339e-14	3.4957e-14	5.8042e-14	1.1872e-14	5.8701e-14	8.5744e-15	5.3425e-14	4.8148e-15	5.3425e-14	1.8468e-14	7.9148e-14	5.2106e-14	9.8935e-14	1.8468e-14	3.2319e-14	9.8935e-15	9.2339e-14	4.8148e-15	5.3425e-15	3.2319e-15
52273.5	0.00025339	1.345e-05	6.5219e-08	2.4458e-08	5.2388e-08	3.6891e-07	6.678e-08	4.0764e-07	3.8696e-09	5.6658e-08	7.3712e-09	8.5548e-08	1.1096e-08	7.3541e-08	1.4181e-09	1.3102e-08	1.3179e-09	3.6159e-09	2.0454e-09	9.9911e-09	1.1563e-09	3.206e-09	1.7823e-09	4.3704e-09	4.3131e-09	6.3688e-08	2.8762e-10	3.2328e-09	4.3308e-11	5.6045e-11	4.1397e-12	8.9163e-12	5.6682e-13	3.3118e-12	6.1777e-13	1.7196e-12	5.6045e-13	1.847e-12	4.1397e-13	1.019e-12	1.847e-13	5.1587e-13	6.0504e-14	1.9743e-13	1.019e-13	2.9296e-13	9.5532e-14	2.5475e-13	5.6045e-14	2.9933e-13	6.3051e-14	3.6302e-13	7.0057e-14	1.7196e-13	4.1397e-14	4.2671e-13	3.8213e-14	1.1464e-13	2.7386e-14	1.019e-13	1.2101e-14	1.1464e-13	1.9743e-14	8.9163e-14	2.2291e-14	8.9163e-14	3.3755e-14	5.6045e-14	1.1464e-14	5.6682e-14	8.2794e-15	5.1587e-14	4.6492e-15	5.1587e-14	1.7833e-14	7.6426e-14	5.0314e-14	9.5532e-14	1.7833e-14	3.1207e-14	9.5532e-15	8.9163e-14	4.6492e-15	5.1587e-15	3.1207e-15
53000	0.00024425	1.2961e-05	6.2889e-08	2.352e-08	5.0312e-08	3.555e-07	6.4221e-08	3.9309e-07	3.7163e-09	5.4599e-08	7.0887e-09	8.2494e-08	1.0686e-08	7.0964e-08	1.3629e-09	1.2634e-08	1.2657e-09	3.4773e-09	1.9644e-09	9.6279e-09	1.112e-09	3.081e-09	1.714e-09	4.2057e-09	4.159e-09	6.1497e-08	2.7716e-10	3.1216e-09	4.1818e-11	5.4117e-11	3.9973e-12	8.6096e-12	5.4732e-13	3.1978e-12	5.9652e-13	1.6604e-12	5.4117e-13	1.7834e-12	3.9973e-13	9.8395e-13	1.7834e-13	4.9812e-13	5.8422e-14	1.9064e-13	9.8395e-14	2.8289e-13	9.2245e-14	2.4599e-13	5.4117e-14	2.8904e-13	6.0882e-14	3.5053e-13	6.7647e-14	1.6604e-13	3.9973e-14	4.1203e-13	3.6898e-14	1.1069e-13	2.6444e-14	9.8395e-14	1.1684e-14	1.1069e-13	1.9064e-14	8.6096e-14	2.1524e-14	8.6096e-14	3.2593e-14	5.4117e-14	1.1069e-14	5.4732e-14	7.9946e-15	4.9812e-14	4.4893e-15	4.9812e-14	1.7219e-14	7.3796e-14	4.8583e-14	9.2245e-14	1.7219e-14	3.0133e-14	9.2245e-15	8.6096e-14	4.4893e-15	4.9812e-15	3.0133e-15
53736.5	0.00023543	1.249e-05	6.0641e-08	2.2618e-08	4.8317e-08	3.4257e-07	6.176e-08	3.7905e-07	3.569e-09	5.2613e-08	6.817e-09	7.9548e-08	1.029e-08	6.8476e-08	1.3097e-09	1.2183e-08	1.2155e-09	3.344e-09	1.8865e-09	9.2779e-09	1.0694e-09	2.9608e-09	1.6483e-09	4.0472e-09	4.0104e-09	5.938e-08	2.6708e-10	3.0141e-09	4.0379e-11	5.2255e-11	3.8597e-12	8.3132e-12	5.2849e-13	3.0878e-12	5.7599e-13	1.6033e-12	5.2255e-13	1.722e-12	3.8597e-13	9.5009e-13	1.722e-13	4.8098e-13	5.6411e-14	1.8408e-13	9.5009e-14	2.7315e-13	8.9071e-14	2.3752e-13	5.2255e-14	2.7909e-13	5.8787e-14	3.3847e-13	6.5318e-14	1.6033e-13	3.8597e-14	3.9785e-13	3.5628e-14	1.0688e-13	2.5534e-14	9.5009e-14	1.1282e-14	1.0688e-13	1.8408e-14	8.3132e-14	2.0783e-14	8.3132e-14	3.1472e-14	5.2255e-14	1.0688e-14	5.2849e-14	7.7194e-15	4.8098e-14	4.3348e-15	4.8098e-14	1.6626e-14	7.1256e-14	4.691e-14	8.9071e-14	1.6626e-14	2.9096e-14	8.9071e-15	8.3132e-14	4.3348e-15	4.8098e-15	2.9096e-15
54483.3	0.00022692	1.2035e-05	5.8473e-08	2.1751e-08	4.6401e-08	3.3011e-07	5.9393e-08	3.6551e-07	3.4275e-09	5.0699e-08	6.5556e-09	7.6706e-08	9.9089e-09	6.6075e-08	1.2587e-09	1.1748e-08	1.1673e-09	3.2158e-09	1.8117e-09	8.9404e-09	1.0284e-09	2.8454e-09	1.5851e-09	3.8947e-09	3.8671e-09	5.7336e-08	2.5736e-10	2.9104e-09	3.8989e-11	5.0456e-11	3.7268e-12	8.027e-12	5.1029e-13	2.9815e-12	5.5616e-13	1.5481e-12	5.0456e-13	1.6627e-12	3.7268e-13	9.1738e-13	1.6627e-13	4.6442e-13	5.4469e-14	1.7774e-13	9.1738e-14	2.6375e-13	8.6004e-14	2.2934e-13	5.0456e-14	2.6948e-13	5.6763e-14	3.2682e-13	6.307e-14	1.5481e-13	3.7268e-14	3.8415e-13	3.4402e-14	1.032e-13	2.4654e-14	9.1738e-14	1.0894e-14	1.032e-13	1.7774e-14	8.027e-14	2.0068e-14	8.027e-14	3.0388e-14	5.0456e-14	1.032e-14	5.1029e-14	7.4537e-15	4.6442e-14	4.1855e-15	4.6442e-14	1.6054e-14	6.8803e-14	4.5295e-14	8.6004e-14	1.6054e-14	2.8095e-14	8.6004e-15	8.027e-14	4.1855e-15	4.6442e-15	2.8095e-15
55240.5	0.00021872	1.1598e-05	5.6382e-08	2.0916e-08	4.4561e-08	3.181e-07	5.7116e-08	3.5245e-07	3.2916e-09	4.8854e-08	6.3042e-09	7.3965e-08	9.5418e-09	6.3757e-08	1.2096e-09	1.1328e-08	1.121e-09	3.0924e-09	1.7399e-09	8.6151e-09	9.8891e-10	2.7343e-09	1.5242e-09	3.7478e-09	3.7288e-09	5.5361e-08	2.4799e-10	2.8102e-09	3.7646e-11	4.8718e-11	3.5985e-12	7.7506e-12	4.9272e-13	2.8788e-12	5.3701e-13	1.4948e-12	4.8718e-13	1.6055e-12	3.5985e-13	8.8578e-13	1.6055e-13	4.4843e-13	5.2593e-14	1.7162e-13	8.8578e-14	2.5466e-13	8.3042e-14	2.2145e-13	4.8718e-14	2.602e-13	5.4808e-14	3.1556e-13	6.0898e-14	1.4948e-13	3.5985e-14	3.7092e-13	3.3217e-14	9.9651e-14	2.3805e-14	8.8578e-14	1.0519e-14	9.9651e-14	1.7162e-14	7.7506e-14	1.9377e-14	7.7506e-14	2.9342e-14	4.8718e-14	9.9651e-15	4.9272e-14	7.197e-15	4.4843e-14	4.0414e-15	4.4843e-14	1.5501e-14	6.6434e-14	4.3736e-14	8.3042e-14	1.5501e-14	2.7127e-14	8.3042e-15	7.7506e-14	4.0414e-15	4.4843e-15	2.7127e-15
56008.2	0.00021082	1.1175e-05	5.4365e-08	2.0113e-08	4.2793e-08	3.0652e-07	5.4925e-08	3.3986e-07	3.161e-09	4.7076e-08	6.0623e-09	7.1321e-08	9.1882e-09	6.152e-08	1.1624e-09	1.0923e-08	1.0766e-09	2.9737e-09	1.6709e-09	8.3015e-09	9.5096e-10	2.6276e-09	1.4657e-09	3.6064e-09	3.5954e-09	5.3454e-08	2.3896e-10	2.7134e-09	3.6349e-11	4.704e-11	3.4745e-12	7.4836e-12	4.7574e-13	2.7796e-12	5.1851e-13	1.4433e-12	4.704e-13	1.5502e-12	3.4745e-13	8.5527e-13	1.5502e-13	4.3298e-13	5.0782e-14	1.6571e-13	8.5527e-14	2.4589e-13	8.0181e-14	2.1382e-13	4.704e-14	2.5124e-13	5.292e-14	3.0469e-13	5.88e-14	1.4433e-13	3.4745e-14	3.5814e-13	3.2073e-14	9.6218e-14	2.2985e-14	8.5527e-14	1.0156e-14	9.6218e-14	1.6571e-14	7.4836e-14	1.8709e-14	7.4836e-14	2.8331e-14	4.704e-14	9.6218e-15	4.7574e-14	6.9491e-15	4.3298e-14	3.9022e-15	4.3298e-14	1.4967e-14	6.4145e-14	4.2229e-14	8.0181e-14	1.4967e-14	2.6193e-14	8.0181e-15	7.4836e-14	3.9022e-15	4.3298e-15	2.6193e-15
56786.6	0.00020319	1.0769e-05	5.2419e-08	1.9341e-08	4.1094e-08	2.9536e-07	5.2818e-08	3.2771e-07	3.0355e-09	4.5362e-08	5.8296e-09	6.8771e-08	8.8475e-09	5.9361e-08	1.117e-09	1.0533e-08	1.0338e-09	2.8596e-09	1.6046e-09	7.9993e-09	9.1446e-10	2.525e-09	1.4095e-09	3.4703e-09	3.4668e-09	5.1612e-08	2.3025e-10	2.6199e-09	3.5096e-11	4.5419e-11	3.3548e-12	7.2257e-12	4.5935e-13	2.6838e-12	5.0064e-13	1.3935e-12	4.5419e-13	1.4968e-12	3.3548e-13	8.258e-13	1.4968e-13	4.1806e-13	4.9032e-14	1.6e-13	8.258e-14	2.3742e-13	7.7418e-14	2.0645e-13	4.5419e-14	2.4258e-13	5.1096e-14	2.9419e-13	5.6774e-14	1.3935e-13	3.3548e-14	3.458e-13	3.0967e-14	9.2902e-14	2.2193e-14	8.258e-14	9.8063e-15	9.2902e-14	1.6e-14	7.2257e-14	1.8064e-14	7.2257e-14	2.7355e-14	4.5419e-14	9.2902e-15	4.5935e-14	6.7096e-15	4.1806e-14	3.7677e-15	4.1806e-14	1.4451e-14	6.1935e-14	4.0774e-14	7.7418e-14	1.4451e-14	2.529e-14	7.7418e-15	7.2257e-14	3.7677e-15	4.1806e-15	2.529e-15
57575.8	0.00019584	1.0376e-05	5.0543e-08	1.8598e-08	3.9463e-08	2.8461e-07	5.0791e-08	3.1598e-07	2.915e-09	4.371e-08	5.6058e-09	6.6311e-08	8.5195e-09	5.7277e-08	1.0734e-09	1.0156e-08	9.928e-10	2.7498e-09	1.5409e-09	7.708e-09	8.7935e-10	2.4264e-09	1.3553e-09	3.3393e-09	3.3427e-09	4.9833e-08	2.2186e-10	2.5296e-09	3.3887e-11	4.3853e-11	3.2392e-12	6.9766e-12	4.4352e-13	2.5913e-12	4.8338e-13	1.3455e-12	4.3853e-13	1.4452e-12	3.2392e-13	7.9733e-13	1.4452e-13	4.0365e-13	4.7342e-14	1.5448e-13	7.9733e-14	2.2923e-13	7.475e-14	1.9933e-13	4.3853e-14	2.3422e-13	4.9335e-14	2.8405e-13	5.4816e-14	1.3455e-13	3.2392e-14	3.3388e-13	2.99e-14	8.97e-14	2.1428e-14	7.9733e-14	9.4683e-15	8.97e-14	1.5448e-14	6.9766e-14	1.7442e-14	6.9766e-14	2.6412e-14	4.3853e-14	8.97e-15	4.4352e-14	6.4783e-15	4.0365e-14	3.6378e-15	4.0365e-14	1.3953e-14	5.98e-14	3.9368e-14	7.475e-14	1.3953e-14	2.4418e-14	7.475e-15	6.9766e-14	3.6378e-15	4.0365e-15	2.4418e-15
58375.9	0.00018875	9.9983e-06	4.8733e-08	1.7884e-08	3.7896e-08	2.7424e-07	4.8841e-08	3.0468e-07	2.7993e-09	4.2117e-08	5.3906e-09	6.3938e-08	8.2034e-09	5.5265e-08	1.0315e-09	9.7928e-09	9.5339e-10	2.6441e-09	1.4797e-09	7.4272e-09	8.4558e-10	2.3317e-09	1.3033e-09	3.2133e-09	3.2231e-09	4.8115e-08	2.1378e-10	2.4424e-09	3.2718e-11	4.2341e-11	3.1275e-12	6.7361e-12	4.2822e-13	2.502e-12	4.6671e-13	1.2991e-12	4.2341e-13	1.3953e-12	3.1275e-13	7.6984e-13	1.3953e-13	3.8973e-13	4.5709e-14	1.4916e-13	7.6984e-14	2.2133e-13	7.2172e-14	1.9246e-13	4.2341e-14	2.2614e-13	4.7634e-14	2.7425e-13	5.2926e-14	1.2991e-13	3.1275e-14	3.2237e-13	2.8869e-14	8.6607e-14	2.0689e-14	7.6984e-14	9.1418e-15	8.6607e-14	1.4916e-14	6.7361e-14	1.684e-14	6.7361e-14	2.5501e-14	4.2341e-14	8.6607e-15	4.2822e-14	6.2549e-15	3.8973e-14	3.5124e-15	3.8973e-14	1.3472e-14	5.7738e-14	3.8011e-14	7.2172e-14	1.3472e-14	2.3576e-14	7.2172e-15	6.7361e-14	3.5124e-15	3.8973e-15	2.3576e-15
59187.2	0.00018192	9.634e-06	4.6988e-08	1.7197e-08	3.639e-08	2.6424e-07	4.6965e-08	2.9378e-07	2.6881e-09	4.0582e-08	5.1835e-09	6.165e-08	7.8991e-09	5.3323e-08	9.9121e-10	9.4424e-09	9.1552e-10	2.5425e-09	1.421e-09	7.1565e-09	8.1309e-10	2.2405e-09	1.2532e-09	3.0919e-09	3.1077e-09	4.6455e-08	2.0598e-10	2.3582e-09	3.159e-11	4.0881e-11	3.0196e-12	6.5037e-12	4.1345e-13	2.4157e-12	4.5062e-13	1.2543e-12	4.0881e-13	1.3472e-12	3.0196e-13	7.4328e-13	1.3472e-13	3.7629e-13	4.4133e-14	1.4401e-13	7.4329e-14	2.1369e-13	6.9683e-14	1.8582e-13	4.0881e-14	2.1834e-13	4.5991e-14	2.648e-13	5.1101e-14	1.2543e-13	3.0196e-14	3.1125e-13	2.7873e-14	8.362e-14	1.9976e-14	7.4329e-14	8.8265e-15	8.362e-14	1.4401e-14	6.5037e-14	1.6259e-14	6.5037e-14	2.4621e-14	4.0881e-14	8.362e-15	4.1345e-14	6.0392e-15	3.7629e-14	3.3912e-15	3.7629e-14	1.3007e-14	5.5746e-14	3.67e-14	6.9683e-14	1.3007e-14	2.2763e-14	6.9683e-15	6.5037e-14	3.3912e-15	3.7629e-15	2.2763e-15
60009.7	0.00017533	9.2828e-06	4.5304e-08	1.6536e-08	3.4944e-08	2.5461e-07	4.5161e-08	2.8326e-07	2.5813e-09	3.9103e-08	4.9843e-09	5.9443e-08	7.6059e-09	5.145e-08	9.5248e-10	9.1044e-09	8.7915e-10	2.4448e-09	1.3645e-09	6.8956e-09	7.8185e-10	2.153e-09	1.205e-09	2.9751e-09	2.9964e-09	4.4853e-08	1.9847e-10	2.2768e-09	3.05e-11	3.947e-11	2.9154e-12	6.2794e-12	3.9919e-13	2.3323e-12	4.3507e-13	1.211e-12	3.947e-13	1.3007e-12	2.9154e-13	7.1764e-13	1.3007e-13	3.6331e-13	4.261e-14	1.3904e-13	7.1764e-14	2.0632e-13	6.7279e-14	1.7941e-13	3.947e-14	2.1081e-13	4.4404e-14	2.5566e-13	4.9338e-14	1.211e-13	2.9154e-14	3.0051e-13	2.6912e-14	8.0735e-14	1.9287e-14	7.1764e-14	8.522e-15	8.0735e-14	1.3904e-14	6.2794e-14	1.5698e-14	6.2794e-14	2.3772e-14	3.947e-14	8.0735e-15	3.9919e-14	5.8308e-15	3.6331e-14	3.2742e-15	3.6331e-14	1.2559e-14	5.3823e-14	3.5434e-14	6.7279e-14	1.2559e-14	2.1978e-14	6.7279e-15	6.2794e-14	3.2742e-15	3.6331e-15	2.1978e-15
60843.7	0.00016897	8.9443e-06	4.3681e-08	1.59e-08	3.3555e-08	2.4533e-07	4.3426e-08	2.7312e-07	2.4787e-09	3.7677e-08	4.7927e-09	5.7314e-08	7.3235e-09	4.9641e-08	9.1525e-10	8.7784e-09	8.4422e-10	2.3508e-09	1.3103e-09	6.6442e-09	7.5179e-10	2.0688e-09	1.1587e-09	2.8627e-09	2.889e-09	4.3305e-08	1.9123e-10	2.1983e-09	2.9447e-11	3.8108e-11	2.8148e-12	6.0626e-12	3.8541e-13	2.2518e-12	4.2005e-13	1.1692e-12	3.8108e-13	1.2558e-12	2.8148e-13	6.9287e-13	1.2558e-13	3.5077e-13	4.1139e-14	1.3424e-13	6.9287e-14	1.992e-13	6.4957e-14	1.7322e-13	3.8108e-14	2.0353e-13	4.2872e-14	2.4684e-13	4.7635e-14	1.1692e-13	2.8148e-14	2.9014e-13	2.5983e-14	7.7948e-14	1.8621e-14	6.9287e-14	8.2279e-15	7.7948e-14	1.3424e-14	6.0626e-14	1.5157e-14	6.0626e-14	2.2951e-14	3.8108e-14	7.7948e-15	3.8541e-14	5.6296e-15	3.5077e-14	3.1612e-15	3.5077e-14	1.2125e-14	5.1966e-14	3.4211e-14	6.4957e-14	1.2125e-14	2.1219e-14	6.4957e-15	6.0626e-14	3.1612e-15	3.5077e-15	2.1219e-15
61689.3	0.00016285	8.6181e-06	4.2115e-08	1.5289e-08	3.2221e-08	2.3638e-07	4.1757e-08	2.6333e-07	2.3802e-09	3.6303e-08	4.6085e-09	5.5261e-08	7.0515e-09	4.7895e-08	8.7947e-10	8.4639e-09	8.1066e-10	2.2604e-09	1.2582e-09	6.4019e-09	7.2289e-10	1.9879e-09	1.1141e-09	2.7545e-09	2.7855e-09	4.181e-08	1.8425e-10	2.1224e-09	2.8431e-11	3.6793e-11	2.7176e-12	5.8534e-12	3.7211e-13	2.1741e-12	4.0555e-13	1.1289e-12	3.6793e-13	1.2125e-12	2.7176e-13	6.6896e-13	1.2125e-13	3.3866e-13	3.9719e-14	1.2961e-13	6.6896e-14	1.9232e-13	6.2715e-14	1.6724e-13	3.6793e-14	1.9651e-13	4.1392e-14	2.3832e-13	4.5991e-14	1.1289e-13	2.7176e-14	2.8012e-13	2.5086e-14	7.5257e-14	1.7978e-14	6.6896e-14	7.9438e-15	7.5257e-14	1.2961e-14	5.8534e-14	1.4633e-14	5.8534e-14	2.2159e-14	3.6793e-14	7.5257e-15	3.7211e-14	5.4353e-15	3.3866e-14	3.0521e-15	3.3866e-14	1.1707e-14	5.0172e-14	3.303e-14	6.2715e-14	1.1707e-14	2.0487e-14	6.2715e-15	5.8534e-14	3.0521e-15	3.3866e-15	2.0487e-15
62546.6	0.00015694	8.3037e-06	4.0605e-08	1.47e-08	3.094e-08	2.2776e-07	4.0151e-08	2.539e-07	2.2855e-09	3.4978e-08	4.4313e-09	5.3281e-08	6.7896e-09	4.6211e-08	8.4508e-10	8.1607e-09	7.7843e-10	2.1735e-09	1.2082e-09	6.1683e-09	6.9508e-10	1.9101e-09	1.0713e-09	2.6503e-09	2.6856e-09	4.0366e-08	1.7753e-10	2.0491e-09	2.7449e-11	3.5522e-11	2.6238e-12	5.6512e-12	3.5926e-13	2.099e-12	3.9155e-13	1.0899e-12	3.5522e-13	1.1706e-12	2.6238e-13	6.4586e-13	1.1706e-13	3.2696e-13	3.8348e-14	1.2513e-13	6.4586e-14	1.8568e-13	6.0549e-14	1.6146e-13	3.5522e-14	1.8972e-13	3.9962e-14	2.3009e-13	4.4403e-14	1.0899e-13	2.6238e-14	2.7045e-13	2.422e-14	7.2659e-14	1.7357e-14	6.4586e-14	7.6695e-15	7.2659e-14	1.2513e-14	5.6512e-14	1.4128e-14	5.6512e-14	2.1394e-14	3.5522e-14	7.2659e-15	3.5926e-14	5.2476e-15	3.2696e-14	2.9467e-15	3.2696e-14	1.1302e-14	4.8439e-14	3.1889e-14	6.0549e-14	1.1302e-14	1.9779e-14	6.0549e-15	5.6512e-14	2.9467e-15	3.2696e-15	1.9779e-15
63415.8	0.00015125	8.0006e-06	3.9149e-08	1.4135e-08	2.9709e-08	2.1944e-07	3.8607e-08	2.448e-07	2.1946e-09	3.3702e-08	4.2608e-09	5.1371e-08	6.5373e-09	4.4585e-08	8.1202e-10	7.8682e-09	7.4747e-10	2.0899e-09	1.1602e-09	5.9432e-09	6.6834e-10	1.8354e-09	1.0301e-09	2.5501e-09	2.5893e-09	3.8972e-08	1.7105e-10	1.9783e-09	2.6501e-11	3.4295e-11	2.5332e-12	5.456e-12	3.4685e-13	2.0265e-12	3.7803e-13	1.0522e-12	3.4295e-13	1.1302e-12	2.5332e-13	6.2355e-13	1.1302e-13	3.1567e-13	3.7023e-14	1.2081e-13	6.2355e-14	1.7927e-13	5.8458e-14	1.5589e-13	3.4295e-14	1.8317e-13	3.8582e-14	2.2214e-13	4.2869e-14	1.0522e-13	2.5332e-14	2.6111e-13	2.3383e-14	7.0149e-14	1.6758e-14	6.2355e-14	7.4046e-15	7.0149e-14	1.2081e-14	5.456e-14	1.364e-14	5.456e-14	2.0655e-14	3.4295e-14	7.0149e-15	3.4685e-14	5.0663e-15	3.1567e-14	2.8449e-15	3.1567e-14	1.0912e-14	4.6766e-14	3.0788e-14	5.8458e-14	1.0912e-14	1.9096e-14	5.8458e-15	5.456e-14	2.8449e-15	3.1567e-15	1.9096e-15
64297.2	0.00014576	7.7086e-06	3.7744e-08	1.3591e-08	2.8527e-08	2.1143e-07	3.7122e-08	2.3602e-07	2.1073e-09	3.2471e-08	4.0969e-09	4.953e-08	6.2943e-09	4.3016e-08	7.8025e-10	7.5862e-09	7.1773e-10	2.0094e-09	1.114e-09	5.7262e-09	6.4262e-10	1.7636e-09	9.9041e-10	2.4536e-09	2.4964e-09	3.7625e-08	1.648e-10	1.91e-09	2.5585e-11	3.311e-11	2.4456e-12	5.2675e-12	3.3486e-13	1.9565e-12	3.6496e-13	1.0159e-12	3.311e-13	1.0911e-12	2.4456e-13	6.02e-13	1.0911e-13	3.0476e-13	3.5744e-14	1.1664e-13	6.02e-14	1.7308e-13	5.6438e-14	1.505e-13	3.311e-14	1.7684e-13	3.7249e-14	2.1446e-13	4.1388e-14	1.0159e-13	2.4456e-14	2.5209e-13	2.2575e-14	6.7725e-14	1.6179e-14	6.02e-14	7.1488e-15	6.7725e-14	1.1664e-14	5.2675e-14	1.3169e-14	5.2675e-14	1.9941e-14	3.311e-14	6.7725e-15	3.3486e-14	4.8913e-15	3.0476e-14	2.7466e-15	3.0476e-14	1.0535e-14	4.515e-14	2.9724e-14	5.6438e-14	1.0535e-14	1.8436e-14	5.6438e-15	5.2675e-14	2.7466e-15	3.0476e-15	1.8436e-15
65190.7	0.00014047	7.4271e-06	3.639e-08	1.3068e-08	2.7392e-08	2.0371e-07	3.5694e-08	2.2756e-07	2.0234e-09	3.1286e-08	3.9392e-09	4.7754e-08	6.0603e-09	4.1502e-08	7.4972e-10	7.3142e-09	6.8917e-10	1.9321e-09	1.0697e-09	5.5172e-09	6.1789e-10	1.6945e-09	9.5228e-10	2.3608e-09	2.4069e-09	3.6325e-08	1.5878e-10	1.844e-09	2.4701e-11	3.1966e-11	2.3611e-12	5.0855e-12	3.2329e-13	1.8889e-12	3.5235e-13	9.8077e-13	3.1966e-13	1.0534e-12	2.3611e-13	5.812e-13	1.0534e-13	2.9423e-13	3.4509e-14	1.1261e-13	5.812e-14	1.6709e-13	5.4487e-14	1.453e-13	3.1966e-14	1.7073e-13	3.5962e-14	2.0705e-13	3.9957e-14	9.8077e-14	2.3611e-14	2.4338e-13	2.1795e-14	6.5385e-14	1.562e-14	5.812e-14	6.9017e-15	6.5385e-14	1.1261e-14	5.0855e-14	1.2714e-14	5.0855e-14	1.9252e-14	3.1966e-14	6.5385e-15	3.2329e-14	4.7222e-15	2.9423e-14	2.6517e-15	2.9423e-14	1.0171e-14	4.359e-14	2.8697e-14	5.4487e-14	1.0171e-14	1.7799e-14	5.4487e-15	5.0855e-14	2.6517e-15	2.9423e-15	1.7799e-15
66096.7	0.00013537	7.1558e-06	3.5084e-08	1.2564e-08	2.6301e-08	1.9627e-07	3.432e-08	2.194e-07	1.9429e-09	3.0143e-08	3.7875e-09	4.6041e-08	5.835e-09	4.004e-08	7.2037e-10	7.0518e-09	6.6174e-10	1.8577e-09	1.0271e-09	5.3157e-09	5.941e-10	1.6282e-09	9.1561e-10	2.2714e-09	2.3205e-09	3.5069e-08	1.5298e-10	1.7803e-09	2.3847e-11	3.0861e-11	2.2795e-12	4.9097e-12	3.1212e-13	1.8236e-12	3.4017e-13	9.4687e-13	3.0861e-13	1.017e-12	2.2795e-13	5.6111e-13	1.017e-13	2.8406e-13	3.3316e-14	1.0871e-13	5.6111e-14	1.6132e-13	5.2604e-14	1.4028e-13	3.0861e-14	1.6483e-13	3.4718e-14	1.9989e-13	3.8576e-14	9.4687e-14	2.2795e-14	2.3496e-13	2.1042e-14	6.3125e-14	1.508e-14	5.6111e-14	6.6631e-15	6.3125e-14	1.0871e-14	4.9097e-14	1.2274e-14	4.9097e-14	1.8587e-14	3.0861e-14	6.3125e-15	3.1212e-14	4.559e-15	2.8406e-14	2.5601e-15	2.8406e-14	9.8194e-15	4.2083e-14	2.7705e-14	5.2604e-14	9.8194e-15	1.7184e-14	5.2604e-15	4.9097e-14	2.5601e-15	2.8406e-15	1.7184e-15
67015.3	0.00013045	6.8944e-06	3.3824e-08	1.208e-08	2.5254e-08	1.891e-07	3.2999e-08	2.1153e-07	1.8655e-09	2.9042e-08	3.6417e-09	4.4389e-08	5.6179e-09	3.863e-08	6.9216e-10	6.7988e-09	6.354e-10	1.7861e-09	9.8622e-10	5.1215e-09	5.7122e-10	1.5644e-09	8.8034e-10	2.1854e-09	2.2372e-09	3.3857e-08	1.4739e-10	1.7187e-09	2.3022e-11	2.9794e-11	2.2007e-12	4.7399e-12	3.0132e-13	1.7605e-12	3.2841e-13	9.1413e-13	2.9794e-13	9.8184e-13	2.2007e-13	5.4171e-13	9.8184e-14	2.7424e-13	3.2164e-14	1.0496e-13	5.4171e-14	1.5574e-13	5.0785e-14	1.3543e-13	2.9794e-14	1.5913e-13	3.3518e-14	1.9298e-13	3.7242e-14	9.1413e-14	2.2007e-14	2.2684e-13	2.0314e-14	6.0942e-14	1.4558e-14	5.4171e-14	6.4327e-15	6.0942e-14	1.0496e-14	4.7399e-14	1.185e-14	4.7399e-14	1.7944e-14	2.9794e-14	6.0942e-15	3.0132e-14	4.4014e-15	2.7424e-14	2.4715e-15	2.7424e-14	9.4798e-15	4.0628e-14	2.6747e-14	5.0785e-14	9.4798e-15	1.659e-14	5.0785e-15	4.7399e-14	2.4715e-15	2.7424e-15	1.659e-15
67946.6	0.00012571	6.6425e-06	3.2609e-08	1.1615e-08	2.4248e-08	1.8219e-07	3.1728e-08	2.0394e-07	1.7912e-09	2.798e-08	3.5014e-09	4.2796e-08	5.4089e-09	3.7269e-08	6.6505e-10	6.5549e-09	6.101e-10	1.7173e-09	9.4695e-10	4.9343e-09	5.4922e-10	1.5031e-09	8.4643e-10	2.1027e-09	2.1569e-09	3.2686e-08	1.42e-10	1.6593e-09	2.2226e-11	2.8763e-11	2.1246e-12	4.576e-12	2.909e-13	1.6997e-12	3.1705e-13	8.8251e-13	2.8763e-13	9.4788e-13	2.1246e-13	5.2297e-13	9.4788e-14	2.6475e-13	3.1051e-14	1.0133e-13	5.2297e-14	1.5035e-13	4.9028e-14	1.3074e-13	2.8763e-14	1.5362e-13	3.2359e-14	1.8631e-13	3.5954e-14	8.8251e-14	2.1246e-14	2.1899e-13	1.9611e-14	5.8834e-14	1.4055e-14	5.2297e-14	6.2103e-15	5.8834e-14	1.0133e-14	4.576e-14	1.144e-14	4.576e-14	1.7323e-14	2.8763e-14	5.8834e-15	2.909e-14	4.2491e-15	2.6475e-14	2.386e-15	2.6475e-14	9.152e-15	3.9223e-14	2.5822e-14	4.9028e-14	9.152e-15	1.6016e-14	4.9028e-15	4.576e-14	2.386e-15	2.6475e-15	1.6016e-15
68890.9	0.00012114	6.3997e-06	3.1438e-08	1.1167e-08	2.3282e-08	1.7553e-07	3.0506e-08	1.9662e-07	1.7199e-09	2.6958e-08	3.3665e-09	4.1259e-08	5.2076e-09	3.5956e-08	6.3899e-10	6.3196e-09	5.8579e-10	1.6511e-09	9.0923e-10	4.754e-09	5.2805e-10	1.4442e-09	8.1381e-10	2.023e-09	2.0794e-09	3.1555e-08	1.3681e-10	1.6019e-09	2.1457e-11	2.7768e-11	2.0511e-12	4.4177e-12	2.8084e-13	1.6408e-12	3.0608e-13	8.5198e-13	2.7768e-13	9.1509e-13	2.0511e-13	5.0488e-13	9.1509e-14	2.5559e-13	2.9977e-14	9.782e-14	5.0488e-14	1.4515e-13	4.7332e-14	1.2622e-13	2.7768e-14	1.4831e-13	3.1239e-14	1.7986e-13	3.471e-14	8.5198e-14	2.0511e-14	2.1142e-13	1.8933e-14	5.6799e-14	1.3569e-14	5.0488e-14	5.9954e-15	5.6799e-14	9.782e-15	4.4177e-14	1.1044e-14	4.4177e-14	1.6724e-14	2.7768e-14	5.6799e-15	2.8084e-14	4.1021e-15	2.5559e-14	2.3035e-15	2.5559e-14	8.8353e-15	3.7866e-14	2.4928e-14	4.7332e-14	8.8353e-15	1.5462e-14	4.7332e-15	4.4177e-14	2.3035e-15	2.5559e-15	1.5462e-15
69848.3	0.00011674	6.1657e-06	3.0308e-08	1.0737e-08	2.2354e-08	1.6911e-07	2.9331e-08	1.8956e-07	1.6514e-09	2.5972e-08	3.2368e-09	3.9778e-08	5.0138e-09	3.4688e-08	6.1395e-10	6.0927e-09	5.6246e-10	1.5875e-09	8.7301e-10	4.5801e-09	5.077e-10	1.3876e-09	7.8244e-10	1.9464e-09	2.0047e-09	3.0463e-08	1.318e-10	1.5465e-09	2.0715e-11	2.6807e-11	1.9801e-12	4.2648e-12	2.7112e-13	1.5841e-12	2.9549e-13	8.225e-13	2.6807e-13	8.8342e-13	1.9801e-13	4.8741e-13	8.8342e-14	2.4675e-13	2.894e-14	9.4435e-14	4.8741e-14	1.4013e-13	4.5694e-14	1.2185e-13	2.6807e-14	1.4318e-13	3.0158e-14	1.7364e-13	3.3509e-14	8.225e-14	1.9801e-14	2.041e-13	1.8278e-14	5.4833e-14	1.3099e-14	4.8741e-14	5.7879e-15	5.4833e-14	9.4435e-15	4.2648e-14	1.0662e-14	4.2648e-14	1.6145e-14	2.6807e-14	5.4833e-15	2.7112e-14	3.9602e-15	2.4675e-14	2.2238e-15	2.4675e-14	8.5296e-15	3.6555e-14	2.4066e-14	4.5694e-14	8.5296e-15	1.4927e-14	4.5694e-15	4.2648e-14	2.2238e-15	2.4675e-15	1.4927e-15
70819	0.00011249	5.9402e-06	2.9219e-08	1.0323e-08	2.1463e-08	1.6293e-07	2.82e-08	1.8275e-07	1.5855e-09	2.5022e-08	3.112e-09	3.8349e-08	4.8271e-09	3.3465e-08	5.8989e-10	5.8739e-09	5.4004e-10	1.5263e-09	8.3822e-10	4.4126e-09	4.8813e-10	1.3332e-09	7.5227e-10	1.8726e-09	1.9327e-09	2.9408e-08	1.2698e-10	1.4929e-09	1.9998e-11	2.5879e-11	1.9115e-12	4.1172e-12	2.6174e-13	1.5292e-12	2.8526e-13	7.9403e-13	2.5879e-13	8.5284e-13	1.9115e-13	4.7054e-13	8.5284e-14	2.3821e-13	2.7938e-14	9.1166e-14	4.7054e-14	1.3528e-13	4.4113e-14	1.1763e-13	2.5879e-14	1.3822e-13	2.9114e-14	1.6763e-13	3.2349e-14	7.9403e-14	1.9115e-14	1.9704e-13	1.7645e-14	5.2935e-14	1.2646e-14	4.7054e-14	5.5876e-15	5.2935e-14	9.1166e-15	4.1172e-14	1.0293e-14	4.1172e-14	1.5586e-14	2.5879e-14	5.2935e-15	2.6174e-14	3.8231e-15	2.3821e-14	2.1468e-15	2.3821e-14	8.2344e-15	3.529e-14	2.3233e-14	4.4113e-14	8.2344e-15	1.441e-14	4.4113e-15	4.1172e-14	2.1468e-15	2.3821e-15	1.441e-15
71803.2	0.0001084	5.7229e-06	2.8169e-08	9.9248e-09	2.0607e-08	1.5697e-07	2.7113e-08	1.7618e-07	1.5223e-09	2.4107e-08	2.9921e-09	3.6971e-08	4.6473e-09	3.2285e-08	5.6676e-10	5.6629e-09	5.1851e-10	1.4674e-09	8.0481e-10	4.2512e-09	4.6931e-10	1.2809e-09	7.2326e-10	1.8016e-09	1.8632e-09	2.839e-08	1.2233e-10	1.4412e-09	1.9305e-11	2.4983e-11	1.8454e-12	3.9746e-12	2.5267e-13	1.4763e-12	2.7539e-13	7.6654e-13	2.4983e-13	8.2332e-13	1.8454e-13	4.5424e-13	8.2332e-14	2.2996e-13	2.6971e-14	8.801e-14	4.5424e-14	1.306e-13	4.2585e-14	1.1356e-13	2.4983e-14	1.3343e-13	2.8106e-14	1.6182e-13	3.1229e-14	7.6654e-14	1.8454e-14	1.9021e-13	1.7034e-14	5.1102e-14	1.2208e-14	4.5424e-14	5.3941e-15	5.1102e-14	8.801e-15	3.9746e-14	9.9366e-15	3.9746e-14	1.5047e-14	2.4983e-14	5.1102e-15	2.5267e-14	3.6907e-15	2.2996e-14	2.0725e-15	2.2996e-14	7.9493e-15	3.4068e-14	2.2428e-14	4.2585e-14	7.9493e-15	1.3911e-14	4.2585e-15	3.9746e-14	2.0725e-15	2.2996e-15	1.3911e-15
72801.1	0.00010445	5.5135e-06	2.7156e-08	9.542e-09	1.9786e-08	1.5123e-07	2.6068e-08	1.6985e-07	1.4616e-09	2.3225e-08	2.8767e-09	3.5643e-08	4.4742e-09	3.1146e-08	5.4454e-10	5.4594e-09	4.9784e-10	1.4108e-09	7.7272e-10	4.0957e-09	4.5121e-10	1.2307e-09	6.9536e-10	1.7333e-09	1.7962e-09	2.7407e-08	1.1786e-10	1.3913e-09	1.8637e-11	2.4118e-11	1.7815e-12	3.837e-12	2.4392e-13	1.4252e-12	2.6585e-13	7.3999e-13	2.4118e-13	7.9481e-13	1.7815e-13	4.3851e-13	7.9481e-14	2.22e-13	2.6037e-14	8.4962e-14	4.3851e-14	1.2607e-13	4.1111e-14	1.0963e-13	2.4118e-14	1.2881e-13	2.7133e-14	1.5622e-13	3.0148e-14	7.3999e-14	1.7815e-14	1.8363e-13	1.6444e-14	4.9333e-14	1.1785e-14	4.3851e-14	5.2073e-15	4.9333e-14	8.4962e-15	3.837e-14	9.5925e-15	3.837e-14	1.4526e-14	2.4118e-14	4.9333e-15	2.4392e-14	3.5629e-15	2.22e-14	2.0007e-15	2.22e-14	7.674e-15	3.2889e-14	2.1652e-14	4.1111e-14	7.674e-15	1.3429e-14	4.1111e-15	3.837e-14	2.0007e-15	2.22e-15	1.3429e-15
73812.8	0.00010065	5.3117e-06	2.6179e-08	9.1738e-09	1.8997e-08	1.4569e-07	2.5063e-08	1.6375e-07	1.4033e-09	2.2375e-08	2.7657e-09	3.4362e-08	4.3075e-09	3.0047e-08	5.2318e-10	5.2632e-09	4.7799e-10	1.3564e-09	7.4191e-10	3.9458e-09	4.338e-10	1.1824e-09	6.6853e-10	1.6676e-09	1.7316e-09	2.6458e-08	1.1354e-10	1.3432e-09	1.7991e-11	2.3283e-11	1.7198e-12	3.7041e-12	2.3547e-13	1.3758e-12	2.5664e-13	7.1436e-13	2.3283e-13	7.6727e-13	1.7198e-13	4.2332e-13	7.6727e-14	2.1431e-13	2.5135e-14	8.2019e-14	4.2332e-14	1.2171e-13	3.9687e-14	1.0583e-13	2.3283e-14	1.2435e-13	2.6193e-14	1.5081e-13	2.9104e-14	7.1436e-14	1.7198e-14	1.7727e-13	1.5875e-14	4.7624e-14	1.1377e-14	4.2332e-14	5.027e-15	4.7624e-14	8.2019e-15	3.7041e-14	9.2602e-15	3.7041e-14	1.4023e-14	2.3283e-14	4.7624e-15	2.3547e-14	3.4395e-15	2.1431e-14	1.9314e-15	2.1431e-14	7.4082e-15	3.1749e-14	2.0902e-14	3.9687e-14	7.4082e-15	1.2964e-14	3.9687e-15	3.7041e-14	1.9314e-15	2.1431e-15	1.2964e-15
74838.6	9.6982e-05	5.1173e-06	2.5237e-08	8.8198e-09	1.8239e-08	1.4036e-07	2.4096e-08	1.5786e-07	1.3474e-09	2.1555e-08	2.659e-09	3.3126e-08	4.1469e-09	2.8987e-08	5.0265e-10	5.074e-09	4.5892e-10	1.3041e-09	7.1232e-10	3.8014e-09	4.1706e-10	1.136e-09	6.4273e-10	1.6043e-09	1.6694e-09	2.5541e-08	1.0938e-10	1.2966e-09	1.7368e-11	2.2476e-11	1.6602e-12	3.5758e-12	2.2732e-13	1.3281e-12	2.4775e-13	6.8961e-13	2.2476e-13	7.4069e-13	1.6602e-13	4.0866e-13	7.4069e-14	2.0688e-13	2.4264e-14	7.9177e-14	4.0866e-14	1.1749e-13	3.8312e-14	1.0216e-13	2.2476e-14	1.2004e-13	2.5286e-14	1.4558e-13	2.8095e-14	6.8961e-14	1.6602e-14	1.7113e-13	1.5325e-14	4.5974e-14	1.0983e-14	4.0866e-14	4.8528e-15	4.5974e-14	7.9177e-15	3.5758e-14	8.9394e-15	3.5758e-14	1.3537e-14	2.2476e-14	4.5974e-15	2.2732e-14	3.3203e-15	2.0688e-14	1.8645e-15	2.0688e-14	7.1515e-15	3.0649e-14	2.0177e-14	3.8312e-14	7.1515e-15	1.2515e-14	3.8312e-15	3.5758e-14	1.8645e-15	2.0688e-15	1.2515e-15
75878.7	9.3448e-05	4.9299e-06	2.4329e-08	8.4793e-09	1.7511e-08	1.3522e-07	2.3166e-08	1.5218e-07	1.2936e-09	2.0766e-08	2.5564e-09	3.1935e-08	3.9924e-09	2.7964e-08	4.8293e-10	4.8915e-09	4.4061e-10	1.2537e-09	6.839e-10	3.6622e-09	4.0097e-10	1.0914e-09	6.1792e-10	1.5435e-09	1.6093e-09	2.4656e-08	1.0538e-10	1.2517e-09	1.6766e-11	2.1697e-11	1.6026e-12	3.4518e-12	2.1944e-13	1.2821e-12	2.3916e-13	6.6571e-13	2.1697e-13	7.1502e-13	1.6026e-13	3.945e-13	7.1502e-14	1.9971e-13	2.3423e-14	7.6433e-14	3.945e-14	1.1342e-13	3.6984e-14	9.8624e-14	2.1697e-14	1.1588e-13	2.4409e-14	1.4054e-13	2.7122e-14	6.6571e-14	1.6026e-14	1.6519e-13	1.4794e-14	4.4381e-14	1.0602e-14	3.945e-14	4.6846e-15	4.4381e-14	7.6433e-15	3.4518e-14	8.6296e-15	3.4518e-14	1.3068e-14	2.1697e-14	4.4381e-15	2.1944e-14	3.2053e-15	1.9971e-14	1.7999e-15	1.9971e-14	6.9037e-15	2.9587e-14	1.9478e-14	3.6984e-14	6.9037e-15	1.2081e-14	3.6984e-15	3.4518e-14	1.7999e-15	1.9971e-15	1.2081e-15
76933.2	9.0043e-05	4.7494e-06	2.3454e-08	8.1519e-09	1.6812e-08	1.3027e-07	2.2272e-08	1.4671e-07	1.242e-09	2.0006e-08	2.4577e-09	3.0786e-08	3.8435e-09	2.6976e-08	4.6397e-10	4.7156e-09	4.2303e-10	1.2053e-09	6.5661e-10	3.528e-09	3.8549e-10	1.0485e-09	5.9406e-10	1.4849e-09	1.5514e-09	2.3801e-08	1.0152e-10	1.2083e-09	1.6185e-11	2.0945e-11	1.5471e-12	3.3322e-12	2.1183e-13	1.2377e-12	2.3087e-13	6.4264e-13	2.0945e-13	6.9024e-13	1.5471e-13	3.8082e-13	6.9024e-14	1.9279e-13	2.2611e-14	7.3784e-14	3.8082e-14	1.0949e-13	3.5702e-14	9.5205e-14	2.0945e-14	1.1187e-13	2.3563e-14	1.3567e-13	2.6181e-14	6.4264e-14	1.5471e-14	1.5947e-13	1.4281e-14	4.2842e-14	1.0235e-14	3.8082e-14	4.5222e-15	4.2842e-14	7.3784e-15	3.3322e-14	8.3305e-15	3.3322e-14	1.2615e-14	2.0945e-14	4.2842e-15	2.1183e-14	3.0942e-15	1.9279e-14	1.7375e-15	1.9279e-14	6.6644e-15	2.8562e-14	1.8803e-14	3.5702e-14	6.6644e-15	1.1663e-14	3.5702e-15	3.3322e-14	1.7375e-15	1.9279e-15	1.1663e-15
78002.4	8.6761e-05	4.5754e-06	2.2609e-08	7.8371e-09	1.6141e-08	1.255e-07	2.1413e-08	1.4143e-07	1.1924e-09	1.9273e-08	2.3628e-09	2.9679e-08	3.7002e-09	2.6024e-08	4.4575e-10	4.546e-09	4.0614e-10	1.1588e-09	6.304e-10	3.3988e-09	3.706e-10	1.0074e-09	5.7112e-10	1.4285e-09	1.4956e-09	2.2976e-08	9.7797e-11	1.1664e-09	1.5624e-11	2.0219e-11	1.4934e-12	3.2167e-12	2.0449e-13	1.1948e-12	2.2287e-13	6.2035e-13	2.0219e-13	6.6631e-13	1.4934e-13	3.6762e-13	6.6631e-14	1.8611e-13	2.1827e-14	7.1226e-14	3.6762e-14	1.0569e-13	3.4464e-14	9.1904e-14	2.0219e-14	1.0799e-13	2.2746e-14	1.3096e-13	2.5274e-14	6.2035e-14	1.4934e-14	1.5394e-13	1.3786e-14	4.1357e-14	9.8797e-15	3.6762e-14	4.3655e-15	4.1357e-14	7.1226e-15	3.2167e-14	8.0416e-15	3.2167e-14	1.2177e-14	2.0219e-14	4.1357e-15	2.0449e-14	2.9869e-15	1.8611e-14	1.6773e-15	1.8611e-14	6.4333e-15	2.7571e-14	1.8151e-14	3.4464e-14	6.4333e-15	1.1258e-14	3.4464e-15	3.2167e-14	1.6773e-15	1.8611e-15	1.1258e-15
79086.4	8.3597e-05	4.4077e-06	2.1795e-08	7.5344e-09	1.5496e-08	1.209e-07	2.0586e-08	1.3634e-07	1.1448e-09	1.8567e-08	2.2716e-09	2.8611e-08	3.5621e-09	2.5104e-08	4.2825e-10	4.3824e-09	3.8993e-10	1.114e-09	6.0523e-10	3.2743e-09	3.5629e-10	9.6779e-10	5.4906e-10	1.3743e-09	1.4417e-09	2.2179e-08	9.4212e-11	1.126e-09	1.5082e-11	1.9518e-11	1.4417e-12	3.1051e-12	1.974e-13	1.1533e-12	2.1514e-13	5.9884e-13	1.9518e-13	6.432e-13	1.4417e-13	3.5487e-13	6.432e-14	1.7965e-13	2.107e-14	6.8756e-14	3.5487e-14	1.0202e-13	3.3269e-14	8.8717e-14	1.9518e-14	1.0424e-13	2.1958e-14	1.2642e-13	2.4397e-14	5.9884e-14	1.4417e-14	1.486e-13	1.3308e-14	3.9923e-14	9.5371e-15	3.5487e-14	4.2141e-15	3.9923e-14	6.8756e-15	3.1051e-14	7.7628e-15	3.1051e-14	1.1755e-14	1.9518e-14	3.9923e-15	1.974e-14	2.8833e-15	1.7965e-14	1.6191e-15	1.7965e-14	6.2102e-15	2.6615e-14	1.7522e-14	3.3269e-14	6.2102e-15	1.0868e-14	3.3269e-15	3.1051e-14	1.6191e-15	1.7965e-15	1.0868e-15
80185.5	8.0548e-05	4.2462e-06	2.101e-08	7.2433e-09	1.4877e-08	1.1647e-07	1.9791e-08	1.3144e-07	1.0991e-09	1.7886e-08	2.1838e-09	2.7581e-08	3.4292e-09	2.4217e-08	4.1143e-10	4.2247e-09	3.7435e-10	1.071e-09	5.8107e-10	3.1543e-09	3.4253e-10	9.2977e-10	5.2785e-10	1.3221e-09	1.3898e-09	2.141e-08	9.0758e-11	1.0869e-09	1.4559e-11	1.8841e-11	1.3916e-12	2.9974e-12	1.9055e-13	1.1133e-12	2.0768e-13	5.7807e-13	1.8841e-13	6.2089e-13	1.3916e-13	3.4256e-13	6.2089e-14	1.7342e-13	2.0339e-14	6.6371e-14	3.4256e-14	9.8486e-14	3.2115e-14	8.564e-14	1.8841e-14	1.0063e-13	2.1196e-14	1.2204e-13	2.3551e-14	5.7807e-14	1.3916e-14	1.4345e-13	1.2846e-14	3.8538e-14	9.2063e-15	3.4256e-14	4.0679e-15	3.8538e-14	6.6371e-15	2.9974e-14	7.4935e-15	2.9974e-14	1.1347e-14	1.8841e-14	3.8538e-15	1.9055e-14	2.7833e-15	1.7342e-14	1.5629e-15	1.7342e-14	5.9948e-15	2.5692e-14	1.6914e-14	3.2115e-14	5.9948e-15	1.0491e-14	3.2115e-15	2.9974e-14	1.5629e-15	1.7342e-15	1.0491e-15
81299.9	7.7609e-05	4.0906e-06	2.0254e-08	6.9634e-09	1.4283e-08	1.122e-07	1.9026e-08	1.2671e-07	1.0552e-09	1.723e-08	2.0995e-09	2.6588e-08	3.3012e-09	2.3361e-08	3.9527e-10	4.0726e-09	3.594e-10	1.0296e-09	5.5786e-10	3.0387e-09	3.293e-10	8.9323e-10	5.0745e-10	1.2719e-09	1.3398e-09	2.0667e-08	8.743e-11	1.0492e-09	1.4054e-11	1.8187e-11	1.3434e-12	2.8934e-12	1.8394e-13	1.0747e-12	2.0047e-13	5.5801e-13	1.8187e-13	5.9935e-13	1.3434e-13	3.3068e-13	5.9935e-14	1.674e-13	1.9634e-14	6.4068e-14	3.3068e-14	9.5069e-14	3.1001e-14	8.2669e-14	1.8187e-14	9.7136e-14	2.0461e-14	1.178e-13	2.2734e-14	5.5801e-14	1.3434e-14	1.3847e-13	1.24e-14	3.7201e-14	8.8869e-15	3.3068e-14	3.9268e-15	3.7201e-14	6.4068e-15	2.8934e-14	7.2335e-15	2.8934e-14	1.0954e-14	1.8187e-14	3.7201e-15	1.8394e-14	2.6867e-15	1.674e-14	1.5087e-15	1.674e-14	5.7868e-15	2.4801e-14	1.6327e-14	3.1001e-14	5.7868e-15	1.0127e-14	3.1001e-15	2.8934e-14	1.5087e-15	1.674e-15	1.0127e-15
82429.7	7.4777e-05	3.9406e-06	1.9524e-08	6.6943e-09	1.3712e-08	1.0808e-07	1.8291e-08	1.2214e-07	1.013e-09	1.6599e-08	2.0183e-09	2.5631e-08	3.178e-09	2.2536e-08	3.7973e-10	3.9259e-09	3.4504e-10	9.8981e-10	5.3557e-10	2.9273e-09	3.1657e-10	8.5813e-10	4.8784e-10	1.2236e-09	1.2915e-09	1.995e-08	8.4224e-11	1.0128e-09	1.3566e-11	1.7556e-11	1.2968e-12	2.793e-12	1.7756e-13	1.0374e-12	1.9352e-13	5.3865e-13	1.7556e-13	5.7855e-13	1.2968e-13	3.192e-13	5.7855e-14	1.616e-13	1.8953e-14	6.1845e-14	3.192e-14	9.177e-14	2.9925e-14	7.98e-14	1.7556e-14	9.3765e-14	1.9751e-14	1.1372e-13	2.1945e-14	5.3865e-14	1.2968e-14	1.3367e-13	1.197e-14	3.591e-14	8.5785e-15	3.192e-14	3.7905e-15	3.591e-14	6.1845e-15	2.793e-14	6.9825e-15	2.793e-14	1.0574e-14	1.7556e-14	3.591e-15	1.7756e-14	2.5935e-15	1.616e-14	1.4564e-15	1.616e-14	5.586e-15	2.394e-14	1.5761e-14	2.9925e-14	5.586e-15	9.7755e-15	2.9925e-15	2.793e-14	1.4564e-15	1.616e-15	9.7755e-16
83575.3	7.2047e-05	3.7961e-06	1.882e-08	6.4355e-09	1.3164e-08	1.0412e-07	1.7585e-08	1.1774e-07	9.7252e-10	1.599e-08	1.9403e-09	2.4708e-08	3.0594e-09	2.1739e-08	3.6481e-10	3.7846e-09	3.3126e-10	9.5155e-10	5.1417e-10	2.8199e-09	3.0433e-10	8.2439e-10	4.6898e-10	1.1771e-09	1.245e-09	1.9258e-08	8.1134e-11	9.7767e-10	1.3095e-11	1.6947e-11	1.2517e-12	2.6961e-12	1.7139e-13	1.0014e-12	1.868e-13	5.1995e-13	1.6947e-13	5.5847e-13	1.2517e-13	3.0812e-13	5.5847e-14	1.5599e-13	1.8295e-14	5.9699e-14	3.0812e-14	8.8585e-14	2.8886e-14	7.703e-14	1.6947e-14	9.0511e-14	1.9065e-14	1.0977e-13	2.1183e-14	5.1995e-14	1.2517e-14	1.2903e-13	1.1555e-14	3.4664e-14	8.2808e-15	3.0812e-14	3.6589e-15	3.4664e-14	5.9699e-15	2.6961e-14	6.7402e-15	2.6961e-14	1.0207e-14	1.6947e-14	3.4664e-15	1.7139e-14	2.5035e-15	1.5599e-14	1.4058e-15	1.5599e-14	5.3921e-15	2.3109e-14	1.5213e-14	2.8886e-14	5.3921e-15	9.4362e-15	2.8886e-15	2.6961e-14	1.4058e-15	1.5599e-15	9.4362e-16
84736.8	6.9416e-05	3.6568e-06	1.8142e-08	6.1866e-09	1.2638e-08	1.003e-07	1.6905e-08	1.135e-07	9.3365e-10	1.5403e-08	1.8653e-09	2.3818e-08	2.9451e-09	2.097e-08	3.5047e-10	3.6482e-09	3.1802e-10	9.1476e-10	4.9363e-10	2.7165e-09	2.9257e-10	7.9198e-10	4.5085e-10	1.1323e-09	1.2001e-09	1.8589e-08	7.8157e-11	9.4373e-10	1.2641e-11	1.6358e-11	1.2083e-12	2.6025e-12	1.6544e-13	9.6663e-13	1.8031e-13	5.019e-13	1.6358e-13	5.3908e-13	1.2083e-13	2.9742e-13	5.3908e-14	1.5057e-13	1.766e-14	5.7626e-14	2.9742e-14	8.551e-14	2.7884e-14	7.4356e-14	1.6358e-14	8.7369e-14	1.8403e-14	1.0596e-13	2.0448e-14	5.019e-14	1.2083e-14	1.2455e-13	1.1153e-14	3.346e-14	7.9933e-15	2.9742e-14	3.5319e-15	3.346e-14	5.7626e-15	2.6025e-14	6.5062e-15	2.6025e-14	9.8522e-15	1.6358e-14	3.346e-15	1.6544e-14	2.4166e-15	1.5057e-14	1.357e-15	1.5057e-14	5.2049e-15	2.2307e-14	1.4685e-14	2.7884e-14	5.2049e-15	9.1086e-15	2.7884e-15	2.6025e-14	1.357e-15	1.5057e-15	9.1086e-16
85914.4	6.6881e-05	3.5227e-06	1.7488e-08	5.9474e-09	1.2133e-08	9.6621e-08	1.6251e-08	1.0941e-07	8.9632e-10	1.4838e-08	1.7932e-09	2.2959e-08	2.8351e-09	2.0228e-08	3.3669e-10	3.5168e-09	3.0531e-10	8.7938e-10	4.7389e-10	2.6168e-09	2.8125e-10	7.6083e-10	4.3341e-10	1.0893e-09	1.1569e-09	1.7944e-08	7.5289e-11	9.1097e-10	1.2202e-11	1.579e-11	1.1663e-12	2.5121e-12	1.597e-13	9.3307e-13	1.7405e-13	4.8448e-13	1.579e-13	5.2036e-13	1.1663e-13	2.871e-13	5.2036e-14	1.4534e-13	1.7046e-14	5.5625e-14	2.871e-14	8.254e-14	2.6915e-14	7.1774e-14	1.579e-14	8.4335e-14	1.7764e-14	1.0228e-13	1.9738e-14	4.8448e-14	1.1663e-14	1.2022e-13	1.0766e-14	3.2298e-14	7.7157e-15	2.871e-14	3.4093e-15	3.2298e-14	5.5625e-15	2.5121e-14	6.2802e-15	2.5121e-14	9.5101e-15	1.579e-14	3.2298e-15	1.597e-14	2.3327e-15	1.4534e-14	1.3099e-15	1.4534e-14	5.0242e-15	2.1532e-14	1.4175e-14	2.6915e-14	5.0242e-15	8.7923e-15	2.6915e-15	2.5121e-14	1.3099e-15	1.4534e-15	8.7923e-16
87108.4	6.4437e-05	3.3934e-06	1.6858e-08	5.7173e-09	1.1648e-08	9.3076e-08	1.5623e-08	1.0547e-07	8.6048e-10	1.4294e-08	1.7239e-09	2.2132e-08	2.7292e-09	1.9513e-08	3.2345e-10	3.3901e-09	2.931e-10	8.4537e-10	4.5495e-10	2.5208e-09	2.7038e-10	7.3091e-10	4.1665e-10	1.0479e-09	1.1151e-09	1.732e-08	7.2525e-11	8.7933e-10	1.1778e-11	1.5242e-11	1.1258e-12	2.4249e-12	1.5415e-13	9.0066e-13	1.6801e-13	4.6765e-13	1.5242e-13	5.0229e-13	1.1258e-13	2.7713e-13	5.0229e-14	1.403e-13	1.6454e-14	5.3693e-14	2.7713e-14	7.9674e-14	2.5981e-14	6.9282e-14	1.5242e-14	8.1406e-14	1.7147e-14	9.8726e-14	1.9052e-14	4.6765e-14	1.1258e-14	1.1605e-13	1.0392e-14	3.1177e-14	7.4478e-15	2.7713e-14	3.2909e-15	3.1177e-14	5.3693e-15	2.4249e-14	6.0621e-15	2.4249e-14	9.1798e-15	1.5242e-14	3.1177e-15	1.5415e-14	2.2517e-15	1.403e-14	1.2644e-15	1.403e-14	4.8497e-15	2.0784e-14	1.3683e-14	2.5981e-14	4.8497e-15	8.487e-15	2.5981e-15	2.4249e-14	1.2644e-15	1.403e-15	8.487e-16
88319	6.2082e-05	3.2689e-06	1.625e-08	5.4961e-09	1.1182e-08	8.966e-08	1.5019e-08	1.0167e-07	8.2607e-10	1.3769e-08	1.6572e-09	2.1334e-08	2.6272e-09	1.8822e-08	3.1073e-10	3.2679e-09	2.8138e-10	8.1266e-10	4.3675e-10	2.4283e-09	2.5992e-10	7.0215e-10	4.0053e-10	1.008e-09	1.0749e-09	1.6719e-08	6.9863e-11	8.4879e-10	1.1369e-11	1.4712e-11	1.0867e-12	2.3406e-12	1.488e-13	8.6937e-13	1.6217e-13	4.5141e-13	1.4712e-13	4.8484e-13	1.0867e-13	2.675e-13	4.8484e-14	1.3542e-13	1.5883e-14	5.1828e-14	2.675e-14	7.6906e-14	2.5078e-14	6.6875e-14	1.4712e-14	7.8578e-14	1.6552e-14	9.5297e-14	1.8391e-14	4.5141e-14	1.0867e-14	1.1202e-13	1.0031e-14	3.0094e-14	7.1891e-15	2.675e-14	3.1766e-15	3.0094e-14	5.1828e-15	2.3406e-14	5.8516e-15	2.3406e-14	8.8609e-15	1.4712e-14	3.0094e-15	1.488e-14	2.1734e-15	1.3542e-14	1.2205e-15	1.3542e-14	4.6812e-15	2.0062e-14	1.3208e-14	2.5078e-14	4.6812e-15	8.1922e-15	2.5078e-15	2.3406e-14	1.2205e-15	1.3542e-15	8.1922e-16
89546.4	5.9813e-05	3.1489e-06	1.5663e-08	5.2835e-09	1.0734e-08	8.6368e-08	1.4438e-08	9.8004e-08	7.9303e-10	1.3264e-08	1.5931e-09	2.0565e-08	2.529e-09	1.8156e-08	2.985e-10	3.1501e-09	2.7012e-10	7.8122e-10	4.1929e-10	2.3391e-09	2.4986e-10	6.7452e-10	3.8503e-10	9.6968e-10	1.0362e-09	1.6138e-08	6.7297e-11	8.193e-10	1.0974e-11	1.4201e-11	1.049e-12	2.2593e-12	1.4363e-13	8.3917e-13	1.5654e-13	4.3572e-13	1.4201e-13	4.68e-13	1.049e-13	2.5821e-13	4.68e-14	1.3072e-13	1.5331e-14	5.0027e-14	2.5821e-14	7.4234e-14	2.4207e-14	6.4551e-14	1.4201e-14	7.5848e-14	1.5976e-14	9.1986e-14	1.7752e-14	4.3572e-14	1.049e-14	1.0812e-13	9.6827e-15	2.9048e-14	6.9393e-15	2.5821e-14	3.0662e-15	2.9048e-14	5.0027e-15	2.2593e-14	5.6482e-15	2.2593e-14	8.5531e-15	1.4201e-14	2.9048e-15	1.4363e-14	2.0979e-15	1.3072e-14	1.1781e-15	1.3072e-14	4.5186e-15	1.9365e-14	1.2749e-14	2.4207e-14	4.5186e-15	7.9075e-15	2.4207e-15	2.2593e-14	1.1781e-15	1.3072e-15	7.9075e-16
90790.8	5.7626e-05	3.0333e-06	1.5098e-08	5.079e-09	1.0305e-08	8.3197e-08	1.3879e-08	9.447e-08	7.613e-10	1.2777e-08	1.5314e-09	1.9823e-08	2.4345e-09	1.7513e-08	2.8676e-10	3.0365e-09	2.5932e-10	7.5099e-10	4.0251e-10	2.2532e-09	2.4019e-10	6.4798e-10	3.7013e-10	9.3279e-10	9.9879e-10	1.5577e-08	6.4825e-11	7.9083e-10	1.0592e-11	1.3708e-11	1.0125e-12	2.1808e-12	1.3864e-13	8.1001e-13	1.511e-13	4.2058e-13	1.3708e-13	4.5173e-13	1.0125e-13	2.4923e-13	4.5173e-14	1.2617e-13	1.4798e-14	4.8289e-14	2.4923e-14	7.1654e-14	2.3366e-14	6.2308e-14	1.3708e-14	7.3212e-14	1.5421e-14	8.8789e-14	1.7135e-14	4.2058e-14	1.0125e-14	1.0437e-13	9.3462e-15	2.8039e-14	6.6981e-15	2.4923e-14	2.9596e-15	2.8039e-14	4.8289e-15	2.1808e-14	5.452e-15	2.1808e-14	8.2558e-15	1.3708e-14	2.8039e-15	1.3864e-14	2.025e-15	1.2617e-14	1.1371e-15	1.2617e-14	4.3616e-15	1.8692e-14	1.2306e-14	2.3366e-14	4.3616e-15	7.6328e-15	2.3366e-15	2.1808e-14	1.1371e-15	1.2617e-15	7.6327e-16
92052.6	5.5519e-05	2.9219e-06	1.4553e-08	4.8824e-09	9.8925e-09	8.0142e-08	1.3342e-08	9.1063e-08	7.3084e-10	1.2307e-08	1.4722e-09	1.9108e-08	2.3435e-09	1.6893e-08	2.7547e-10	2.927e-09	2.4894e-10	7.2192e-10	3.8641e-10	2.1705e-09	2.309e-10	6.2247e-10	3.558e-10	8.973e-10	9.6276e-10	1.5036e-08	6.2444e-11	7.6335e-10	1.0224e-11	1.3231e-11	9.7732e-13	2.105e-12	1.3382e-13	7.8185e-13	1.4585e-13	4.0596e-13	1.3231e-13	4.3603e-13	9.7732e-14	2.4057e-13	4.3603e-14	1.2179e-13	1.4284e-14	4.661e-14	2.4057e-14	6.9164e-14	2.2553e-14	6.0143e-14	1.3231e-14	7.0667e-14	1.4885e-14	8.5703e-14	1.6539e-14	4.0596e-14	9.7732e-15	1.0074e-13	9.0214e-15	2.7064e-14	6.4653e-15	2.4057e-14	2.8568e-15	2.7064e-14	4.661e-15	2.105e-14	5.2625e-15	2.105e-14	7.9689e-15	1.3231e-14	2.7064e-15	1.3382e-14	1.9546e-15	1.2179e-14	1.0976e-15	1.2179e-14	4.21e-15	1.8043e-14	1.1878e-14	2.2553e-14	4.21e-15	7.3675e-15	2.2553e-15	2.105e-14	1.0976e-15	1.2179e-15	7.3675e-16
93331.9	5.3488e-05	2.8145e-06	1.4028e-08	4.6933e-09	9.4966e-09	7.7198e-08	1.2826e-08	8.7778e-08	7.0159e-10	1.1855e-08	1.4152e-09	1.8419e-08	2.2559e-09	1.6295e-08	2.6463e-10	2.8214e-09	2.3898e-10	6.9397e-10	3.7095e-10	2.0908e-09	2.2196e-10	5.9796e-10	3.4202e-10	8.6315e-10	9.2802e-10	1.4513e-08	6.015e-11	7.3681e-10	9.8688e-12	1.2771e-11	9.4334e-13	2.0318e-12	1.2916e-13	7.5467e-13	1.4078e-13	3.9185e-13	1.2771e-13	4.2087e-13	9.4334e-14	2.3221e-13	4.2087e-14	1.1755e-13	1.3787e-14	4.499e-14	2.3221e-14	6.6759e-14	2.1769e-14	5.8052e-14	1.2771e-14	6.8211e-14	1.4368e-14	8.2724e-14	1.5964e-14	3.9185e-14	9.4334e-15	9.7237e-14	8.7078e-15	2.6123e-14	6.2406e-15	2.3221e-14	2.7575e-15	2.6123e-14	4.499e-15	2.0318e-14	5.0795e-15	2.0318e-14	7.6918e-15	1.2771e-14	2.6123e-15	1.2916e-14	1.8867e-15	1.1755e-14	1.0594e-15	1.1755e-14	4.0636e-15	1.7416e-14	1.1465e-14	2.1769e-14	4.0636e-15	7.1113e-15	2.1769e-15	2.0318e-14	1.0594e-15	1.1755e-15	7.1113e-16
94628.9	5.1531e-05	2.7111e-06	1.3522e-08	4.5116e-09	9.1164e-09	7.4362e-08	1.2329e-08	8.4611e-08	6.735e-10	1.142e-08	1.3604e-09	1.7755e-08	2.1715e-09	1.5718e-08	2.5421e-10	2.7196e-09	2.2941e-10	6.6709e-10	3.561e-10	2.014e-09	2.1336e-10	5.7441e-10	3.2878e-10	8.3029e-10	8.9452e-10	1.4008e-08	5.7939e-11	7.112e-10	9.5256e-12	1.2327e-11	9.1054e-13	1.9612e-12	1.2467e-13	7.2843e-13	1.3588e-13	3.7822e-13	1.2327e-13	4.0624e-13	9.1054e-14	2.2413e-13	4.0624e-14	1.1347e-13	1.3308e-14	4.3426e-14	2.2413e-14	6.4438e-14	2.1012e-14	5.6033e-14	1.2327e-14	6.5839e-14	1.3868e-14	7.9847e-14	1.5409e-14	3.7822e-14	9.1054e-15	9.3856e-14	8.405e-15	2.5215e-14	6.0236e-15	2.2413e-14	2.6616e-15	2.5215e-14	4.3426e-15	1.9612e-14	4.9029e-15	1.9612e-14	7.4244e-15	1.2327e-14	2.5215e-15	1.2467e-14	1.8211e-15	1.1347e-14	1.0226e-15	1.1347e-14	3.9223e-15	1.681e-14	1.1067e-14	2.1012e-14	3.9223e-15	6.8641e-15	2.1012e-15	1.9612e-14	1.0226e-15	1.1347e-15	6.8641e-16
95944	4.9645e-05	2.6115e-06	1.3034e-08	4.3368e-09	8.7514e-09	7.163e-08	1.1852e-08	8.1558e-08	6.4654e-10	1.1e-08	1.3077e-09	1.7114e-08	2.0903e-09	1.5161e-08	2.442e-10	2.6215e-09	2.2023e-10	6.4126e-10	3.4184e-10	1.94e-09	2.051e-10	5.5179e-10	3.1605e-10	7.9868e-10	8.6223e-10	1.3521e-08	5.581e-11	6.8647e-10	9.1944e-12	1.1899e-11	8.7887e-13	1.893e-12	1.2034e-13	7.031e-13	1.3115e-13	3.6507e-13	1.1899e-13	3.9211e-13	8.7887e-14	2.1634e-13	3.9211e-14	1.0952e-13	1.2845e-14	4.1915e-14	2.1634e-14	6.2197e-14	2.0282e-14	5.4085e-14	1.1899e-14	6.3549e-14	1.3386e-14	7.707e-14	1.4873e-14	3.6507e-14	8.7887e-15	9.0592e-14	8.1127e-15	2.4338e-14	5.8141e-15	2.1634e-14	2.569e-15	2.4338e-14	4.1915e-15	1.893e-14	4.7324e-15	1.893e-14	7.1662e-15	1.1899e-14	2.4338e-15	1.2034e-14	1.7577e-15	1.0952e-14	9.8704e-16	1.0952e-14	3.7859e-15	1.6225e-14	1.0682e-14	2.0282e-14	3.7859e-15	6.6254e-15	2.0282e-15	1.893e-14	9.8704e-16	1.0952e-15	6.6254e-16
97277.4	4.7827e-05	2.5155e-06	1.2563e-08	4.1688e-09	8.4009e-09	6.8997e-08	1.1393e-08	7.8614e-08	6.2065e-10	1.0596e-08	1.2571e-09	1.6496e-08	2.012e-09	1.4624e-08	2.3458e-10	2.5268e-09	2.1141e-10	6.1642e-10	3.2815e-10	1.8687e-09	1.9716e-10	5.3005e-10	3.038e-10	7.6827e-10	8.311e-10	1.3051e-08	5.3758e-11	6.6259e-10	8.8746e-12	1.1485e-11	8.483e-13	1.8271e-12	1.1615e-13	6.7864e-13	1.2659e-13	3.5237e-13	1.1485e-13	3.7847e-13	8.483e-14	2.0881e-13	3.7847e-14	1.0571e-13	1.2398e-14	4.0458e-14	2.0881e-14	6.0034e-14	1.9576e-14	5.2203e-14	1.1485e-14	6.1339e-14	1.292e-14	7.439e-14	1.4356e-14	3.5237e-14	8.483e-15	8.744e-14	7.8305e-15	2.3491e-14	5.6118e-15	2.0881e-14	2.4797e-15	2.3491e-14	4.0458e-15	1.8271e-14	4.5678e-15	1.8271e-14	6.9169e-15	1.1485e-14	2.3491e-15	1.1615e-14	1.6966e-15	1.0571e-14	9.5271e-16	1.0571e-14	3.6542e-15	1.5661e-14	1.031e-14	1.9576e-14	3.6542e-15	6.3949e-15	1.9576e-15	1.8271e-14	9.5271e-16	1.0571e-15	6.3949e-16
98629.3	4.6076e-05	2.4231e-06	1.2109e-08	4.0073e-09	8.0644e-09	6.6461e-08	1.0952e-08	7.5776e-08	5.9579e-10	1.0206e-08	1.2084e-09	1.5901e-08	1.9368e-09	1.4106e-08	2.2534e-10	2.4356e-09	2.0294e-10	5.9253e-10	3.1501e-10	1.8e-09	1.8952e-10	5.0917e-10	2.9203e-10	7.3901e-10	8.0109e-10	1.2597e-08	5.1781e-11	6.3954e-10	8.5658e-12	1.1085e-11	8.1879e-13	1.7635e-12	1.1211e-13	6.5503e-13	1.2219e-13	3.4011e-13	1.1085e-13	3.6531e-13	8.1879e-14	2.0155e-13	3.6531e-14	1.0203e-13	1.1967e-14	3.905e-14	2.0155e-14	5.7945e-14	1.8895e-14	5.0387e-14	1.1085e-14	5.9205e-14	1.2471e-14	7.1802e-14	1.3856e-14	3.4011e-14	8.1879e-15	8.4398e-14	7.5581e-15	2.2674e-14	5.4166e-15	2.0155e-14	2.3934e-15	2.2674e-14	3.905e-15	1.7635e-14	4.4089e-15	1.7635e-14	6.6763e-15	1.1085e-14	2.2674e-15	1.1211e-14	1.6376e-15	1.0203e-14	9.1956e-16	1.0203e-14	3.5271e-15	1.5116e-14	9.9515e-15	1.8895e-14	3.5271e-15	6.1724e-15	1.8895e-15	1.7635e-14	9.1956e-16	1.0203e-15	6.1724e-16
100000	4.4392e-05	2.3342e-06	1.1673e-08	3.8523e-09	7.7419e-09	6.4022e-08	1.0528e-08	7.3046e-08	5.7197e-10	9.8318e-09	1.1616e-09	1.5328e-08	1.8644e-09	1.3607e-08	2.1648e-10	2.3479e-09	1.9483e-10	5.6962e-10	3.0242e-10	1.7339e-09	1.8219e-10	4.8914e-10	2.8074e-10	7.1091e-10	7.7221e-10	1.2159e-08	4.9881e-11	6.1733e-10	8.2683e-12	1.07e-11	7.9035e-13	1.7023e-12	1.0822e-13	6.3228e-13	1.1795e-13	3.283e-13	1.07e-13	3.5262e-13	7.9035e-14	1.9455e-13	3.5262e-14	9.849e-14	1.1551e-14	3.7694e-14	1.9455e-14	5.5933e-14	1.8239e-14	4.8637e-14	1.07e-14	5.7149e-14	1.2038e-14	6.9308e-14	1.3375e-14	3.283e-14	7.9035e-15	8.1467e-14	7.2956e-15	2.1887e-14	5.2285e-15	1.9455e-14	2.3103e-15	2.1887e-14	3.7694e-15	1.7023e-14	4.2557e-15	1.7023e-14	6.4444e-15	1.07e-14	2.1887e-15	1.0822e-14	1.5807e-15	9.849e-15	8.8763e-16	9.849e-15	3.4046e-15	1.4591e-14	9.6058e-15	1.8239e-14	3.4046e-15	5.958e-15	1.8239e-15	1.7023e-14	8.8763e-16	9.849e-16	5.958e-16
