"Energy (MeV/nuc)"	"Flux (particles/m2-s-sr-MeV/nuc)"
""	Z=1	Z=2	Z=6	Z=7	Z=8	Z=9	Z=10	Z=11	Z=12	Z=13	Z=14	Z=15	Z=16	Z=17	Z=18	Z=19	Z=20	Z=21	Z=22	Z=23	Z=24	Z=25	Z=26	Z=27	Z=28	Z=29	Z=30	Z=31	Z=32	Z=33	Z=34	Z=35	Z=36	Z=37	Z=38	Z=39	Z=40	Z=41	Z=42	Z=44	Z=45	Z=46	Z=47	Z=48	Z=49	Z=50	Z=51	Z=52	Z=53	Z=54	Z=55	Z=56	Z=57	Z=58	Z=59	Z=60	Z=62	Z=63	Z=64	Z=65	Z=66	Z=67	Z=68	Z=69	Z=70	Z=71	Z=72	Z=73	Z=74	Z=75	Z=76	Z=77	Z=78	Z=79	Z=80	Z=81	Z=82	Z=83	Z=90	Z=92
3.15139	 	 	 	 	 	 	 	 	 	 	 	 	 	 	 	 	 	 	 	 	 	 	 	 	 	 	 	 	 	 	 	 	 	 	 	 	 	 	 	 	 	 	 	 	 	 	 	 	 	 	 	 	 	 	 	 	 	 	 	 	 	 	 	 	 	 	 	 	 	 	 	 	 	 	 	 	 	 	 	4.9812e-13
3.19518	 	 	 	 	 	 	 	 	 	 	 	 	 	 	 	 	 	 	 	 	 	 	 	 	 	 	 	 	 	 	 	 	 	 	 	 	 	 	 	 	 	 	 	 	 	 	 	 	 	 	 	 	 	 	 	 	 	 	 	 	 	 	 	 	 	 	 	 	 	 	 	 	 	 	 	 	 	 	 	1.5915e-12
3.23959	 	 	 	 	 	 	 	 	 	 	 	 	 	 	 	 	 	 	 	 	 	 	 	 	 	 	 	 	 	 	 	 	 	 	 	 	 	 	 	 	 	 	 	 	 	 	 	 	 	 	 	 	 	 	 	 	 	 	 	 	 	 	 	 	 	 	 	 	 	 	 	 	 	 	 	 	 	 	 	4.0188e-12
3.28461	 	 	 	 	 	 	 	 	 	 	 	 	 	 	 	 	 	 	 	 	 	 	 	 	 	 	 	 	 	 	 	 	 	 	 	 	 	 	 	 	 	 	 	 	 	 	 	 	 	 	 	 	 	 	 	 	 	 	 	 	 	 	 	 	 	 	 	 	 	 	 	 	 	 	 	 	 	 	 	5.502e-12
3.33026	 	 	 	 	 	 	 	 	 	 	 	 	 	 	 	 	 	 	 	 	 	 	 	 	 	 	 	 	 	 	 	 	 	 	 	 	 	 	 	 	 	 	 	 	 	 	 	 	 	 	 	 	 	 	 	 	 	 	 	 	 	 	 	 	 	 	 	 	 	 	 	 	 	 	 	 	 	 	1.1621e-12	6.5357e-12
3.37654	 	 	 	 	 	 	 	 	 	 	 	 	 	 	 	 	 	 	 	 	 	 	 	 	 	 	 	 	 	 	 	 	 	 	 	 	 	 	 	 	 	 	 	 	 	 	 	 	 	 	 	 	 	 	 	 	 	 	 	 	 	 	 	 	 	 	 	 	 	 	 	 	 	 	 	 	 	 	3.6139e-12	7.3234e-12
3.42346	 	 	 	 	 	 	 	 	 	 	 	 	 	 	 	 	 	 	 	 	 	 	 	 	 	 	 	 	 	 	 	 	 	 	 	 	 	 	 	 	 	 	 	 	 	 	 	 	 	 	 	 	 	 	 	 	 	 	 	 	 	 	 	 	 	 	 	 	 	 	 	 	 	 	 	 	 	 	7.1713e-12	7.7808e-12
3.47104	 	 	 	 	 	 	 	 	 	 	 	 	 	 	 	 	 	 	 	 	 	 	 	 	 	 	 	 	 	 	 	 	 	 	 	 	 	 	 	 	 	 	 	 	 	 	 	 	 	 	 	 	 	 	 	 	 	 	 	 	 	 	 	 	 	 	 	 	 	 	 	 	 	 	 	 	 	 	8.9735e-12	8.3886e-12
3.51928	 	 	 	 	 	 	 	 	 	 	 	 	 	 	 	 	 	 	 	 	 	 	 	 	 	 	 	 	 	 	 	 	 	 	 	 	 	 	 	 	 	 	 	 	 	 	 	 	 	 	 	 	 	 	 	 	 	 	 	 	 	 	 	 	 	 	 	 	 	 	 	 	 	 	 	 	 	 	1.0377e-11	9.0527e-12
3.56819	 	 	 	 	 	 	 	 	 	 	 	 	 	 	 	 	 	 	 	 	 	 	 	 	 	 	 	 	 	 	 	 	 	 	 	 	 	 	 	 	 	 	 	 	 	 	 	 	 	 	 	 	 	 	 	 	 	 	 	 	 	 	 	 	 	 	 	 	 	 	 	 	 	 	 	 	 	 	1.1428e-11	9.575e-12
3.61778	 	 	 	 	 	 	 	 	 	 	 	 	 	 	 	 	 	 	 	 	 	 	 	 	 	 	 	 	 	 	 	 	 	 	 	 	 	 	 	 	 	 	 	 	 	 	 	 	 	 	 	 	 	 	 	 	 	 	 	 	 	 	 	 	 	 	 	 	 	 	 	 	 	 	 	 	 	 	1.2098e-11	9.8145e-12
3.66805	 	 	 	 	 	 	 	 	 	 	 	 	 	 	 	 	 	 	 	 	 	 	 	 	 	 	 	 	 	 	 	 	 	 	 	 	 	 	 	 	 	 	 	 	 	 	 	 	 	 	 	 	 	 	 	 	 	 	 	 	 	 	 	 	 	 	 	 	 	 	 	 	 	 	 	 	 	 	1.3155e-11	1.0169e-11
3.71903	 	 	 	 	 	 	 	 	 	 	 	 	 	 	 	 	 	 	 	 	 	 	 	 	 	 	 	 	 	 	 	 	 	 	 	 	 	 	 	 	 	 	 	 	 	 	 	 	 	 	 	 	 	 	 	 	 	 	 	 	 	 	 	 	 	 	 	 	 	 	 	 	 	 	 	 	 	 	1.4079e-11	1.0593e-11
3.77071	 	 	 	 	 	 	 	 	 	 	 	 	 	 	 	 	 	 	 	 	 	 	 	 	 	 	 	 	 	 	 	 	 	 	 	 	 	 	 	 	 	 	 	 	 	 	 	 	 	 	 	 	 	 	 	 	 	 	 	 	 	 	 	 	 	 	 	 	 	 	 	 	 	 	 	 	 	 	1.4767e-11	1.0891e-11
3.82312	 	 	 	 	 	 	 	 	 	 	 	 	 	 	 	 	 	 	 	 	 	 	 	 	 	 	 	 	 	 	 	 	 	 	 	 	 	 	 	 	 	 	 	 	 	 	 	 	 	 	 	 	 	 	 	 	 	 	 	 	 	 	 	 	 	 	 	 	 	 	 	 	 	 	 	 	 	 	1.5074e-11	1.305e-11
3.87625	 	 	 	 	 	 	 	 	 	 	 	 	 	 	 	 	 	 	 	 	 	 	 	 	 	 	 	 	 	 	 	 	 	 	 	 	 	 	 	 	 	 	 	 	 	 	 	 	 	 	 	 	 	 	 	 	 	 	 	 	 	 	 	 	 	 	 	 	 	 	 	 	 	 	 	 	 	 	1.5737e-11	2.337e-11
3.93012	 	 	 	 	 	 	 	 	 	 	 	 	 	 	 	 	 	 	 	 	 	 	 	 	 	 	 	 	 	 	 	 	 	 	 	 	 	 	 	 	 	 	 	 	 	 	 	 	 	 	 	 	 	 	 	 	 	 	 	 	 	 	 	 	 	 	 	 	 	 	 	 	 	 	 	 	 	 	1.63e-11	4.5783e-11
3.98474	 	 	 	 	 	 	 	 	 	 	 	 	 	 	 	 	 	 	 	 	 	 	 	 	 	 	 	 	 	 	 	 	 	 	 	 	 	 	 	 	 	 	 	 	 	 	 	 	 	 	 	 	 	 	 	 	 	 	 	 	 	 	 	 	 	 	 	 	 	 	 	 	 	 	 	 	 	 	1.7505e-11	1.0043e-10
4.04011	 	 	 	 	 	 	 	 	 	 	 	 	 	 	 	 	 	 	 	 	 	 	 	 	 	 	 	 	 	 	 	 	 	 	 	 	 	 	 	 	 	 	 	 	 	 	 	 	 	 	 	 	 	 	 	 	 	 	 	 	 	 	 	 	 	 	 	 	 	 	 	 	 	 	 	 	 	 	2.0957e-11	1.4251e-10
4.09626	 	 	 	 	 	 	 	 	 	 	 	 	 	 	 	 	 	 	 	 	 	 	 	 	 	 	 	 	 	 	 	 	 	 	 	 	 	 	 	 	 	 	 	 	 	 	 	 	 	 	 	 	 	 	 	 	 	 	 	 	 	 	 	 	 	 	 	 	 	 	 	 	 	 	 	 	 	2.0675e-12	4.677e-11	1.7043e-10
4.15319	 	 	 	 	 	 	 	 	 	 	 	 	 	 	 	 	 	 	 	 	 	 	 	 	 	 	 	 	 	 	 	 	 	 	 	 	 	 	 	 	 	 	 	 	 	 	 	 	 	 	 	 	 	 	 	 	 	 	 	 	 	 	 	 	 	 	 	 	 	 	 	 	 	 	 	 	2.3156e-11	6.4822e-12	9.3216e-11	1.9055e-10
4.21091	 	 	 	 	 	 	 	 	 	 	 	 	 	 	 	 	 	 	 	 	 	 	 	 	 	 	 	 	 	 	 	 	 	 	 	 	 	 	 	 	 	 	 	 	 	 	 	 	 	 	 	 	 	 	 	 	 	 	 	 	 	 	 	 	 	 	 	 	 	 	 	 	 	 	 	 	7.4565e-11	1.4168e-11	1.7968e-10	2.0468e-10
4.26943	 	 	 	 	 	 	 	 	 	 	 	 	 	 	 	 	 	 	 	 	 	 	 	 	 	 	 	 	 	 	 	 	 	 	 	 	 	 	 	 	 	 	 	 	 	 	 	 	 	 	 	 	 	 	 	 	 	 	 	 	 	 	 	 	 	 	 	 	 	 	 	 	 	 	 	2.0629e-12	2.0011e-10	1.8191e-11	2.3067e-10	2.1951e-10
4.32876	 	 	 	 	 	 	 	 	 	 	 	 	 	 	 	 	 	 	 	 	 	 	 	 	 	 	 	 	 	 	 	 	 	 	 	 	 	 	 	 	 	 	 	 	 	 	 	 	 	 	 	 	 	 	 	 	 	 	 	 	 	 	 	 	 	 	 	 	 	 	 	 	 	 	 	6.6208e-12	2.7994e-10	2.1242e-11	2.693e-10	2.3829e-10
4.38892	 	 	 	 	 	 	 	 	 	 	 	 	 	 	 	 	 	 	 	 	 	 	 	 	 	 	 	 	 	 	 	 	 	 	 	 	 	 	 	 	 	 	 	 	 	 	 	 	 	 	 	 	 	 	 	 	 	 	 	 	 	 	 	 	 	 	 	 	 	 	 	 	 	 	 	1.7365e-11	3.3371e-10	2.3542e-11	2.9846e-10	2.5151e-10
4.44991	 	 	 	 	 	 	 	 	 	 	 	 	 	 	 	 	 	 	 	 	 	 	 	 	 	 	 	 	 	 	 	 	 	 	 	 	 	 	 	 	 	 	 	 	 	 	 	 	 	 	 	 	 	 	 	 	 	 	 	 	 	 	 	 	 	 	 	 	 	 	 	 	 	 	3.2649e-12	2.4085e-11	3.7365e-10	2.4907e-11	3.1717e-10	2.6039e-10
4.51176	 	 	 	 	 	 	 	 	 	 	 	 	 	 	 	 	 	 	 	 	 	 	 	 	 	 	 	 	 	 	 	 	 	 	 	 	 	 	 	 	 	 	 	 	 	 	 	 	 	 	 	 	 	 	 	 	 	 	 	 	 	 	 	 	 	 	 	 	 	 	 	 	 	 	1.0178e-11	2.8651e-11	3.9739e-10	2.6944e-11	3.4274e-10	2.6892e-10
4.57446	 	 	 	 	 	 	 	 	 	 	 	 	 	 	 	 	 	 	 	 	 	 	 	 	 	 	 	 	 	 	 	 	 	 	 	 	 	 	 	 	 	 	 	 	 	 	 	 	 	 	 	 	 	 	 	 	 	 	 	 	 	 	 	 	 	 	 	 	 	 	 	 	 	7.4956e-13	2.1168e-11	3.2062e-11	4.2691e-10	2.8891e-11	3.6866e-10	2.807e-10
4.63803	 	 	 	 	 	 	 	 	 	 	 	 	 	 	 	 	 	 	 	 	 	 	 	 	 	 	 	 	 	 	 	 	 	 	 	 	 	 	 	 	 	 	 	 	 	 	 	 	 	 	 	 	 	 	 	 	 	 	 	 	 	 	 	 	 	 	 	 	 	 	 	 	 	4.3498e-12	2.6534e-11	3.4056e-11	4.6054e-10	3.0404e-11	3.8795e-10	2.882e-10
4.70249	 	 	 	 	 	 	 	 	 	 	 	 	 	 	 	 	 	 	 	 	 	 	 	 	 	 	 	 	 	 	 	 	 	 	 	 	 	 	 	 	 	 	 	 	 	 	 	 	 	 	 	 	 	 	 	 	 	 	 	 	 	 	 	 	 	 	 	 	 	 	 	 	1.714e-11	1.333e-11	3.0773e-11	3.6602e-11	4.8635e-10	3.0997e-11	3.9852e-10	4.2961e-10
4.76784	 	 	 	 	 	 	 	 	 	 	 	 	 	 	 	 	 	 	 	 	 	 	 	 	 	 	 	 	 	 	 	 	 	 	 	 	 	 	 	 	 	 	 	 	 	 	 	 	 	 	 	 	 	 	 	 	 	 	 	 	 	 	 	 	 	 	 	 	 	 	 	 	5.3513e-11	2.1652e-11	3.3935e-11	3.9455e-11	4.9848e-10	3.2207e-11	4.1396e-10	7.2586e-10
4.8341	 	 	 	 	 	 	 	 	 	 	 	 	 	 	 	 	 	 	 	 	 	 	 	 	 	 	 	 	 	 	 	 	 	 	 	 	 	 	 	 	 	 	 	 	 	 	 	 	 	 	 	 	 	 	 	 	 	 	 	 	 	 	 	 	 	 	 	 	 	 	 	6.789e-12	1.1316e-10	2.6579e-11	3.5865e-11	4.1654e-11	5.1476e-10	3.3386e-11	4.2945e-10	1.3304e-09
4.90128	 	 	 	 	 	 	 	 	 	 	 	 	 	 	 	 	 	 	 	 	 	 	 	 	 	 	 	 	 	 	 	 	 	 	 	 	 	 	 	 	 	 	 	 	 	 	 	 	 	 	 	 	 	 	 	 	 	 	 	 	 	 	 	 	 	 	 	 	 	 	1.4624e-12	2.1434e-11	1.4283e-10	2.9965e-11	3.886e-11	4.2653e-11	5.3571e-10	3.4983e-11	4.4162e-10	1.6997e-09
4.9694	 	 	 	 	 	 	 	 	 	 	 	 	 	 	 	 	 	 	 	 	 	 	 	 	 	 	 	 	 	 	 	 	 	 	 	 	 	 	 	 	 	 	 	 	 	 	 	 	 	 	 	 	 	 	 	 	 	 	 	 	 	 	 	 	 	 	 	 	 	 	1.0973e-11	4.9835e-11	1.6594e-10	3.2377e-11	4.1564e-11	4.4063e-11	5.4978e-10	4.2052e-11	7.6064e-10	1.967e-09
5.03846	 	 	 	 	 	 	 	 	 	 	 	 	 	 	 	 	 	 	 	 	 	 	 	 	 	 	 	 	 	 	 	 	 	 	 	 	 	 	 	 	 	 	 	 	 	 	 	 	 	 	 	 	 	 	 	 	 	 	 	 	 	 	 	 	 	 	 	 	 	 	3.3674e-11	6.5783e-11	1.8319e-10	3.442e-11	4.3593e-11	4.5829e-11	6.5242e-10	8.6333e-11	1.3963e-09	2.1892e-09
5.10848	 	 	 	 	 	 	 	 	 	 	 	 	 	 	 	 	 	 	 	 	 	 	 	 	 	 	 	 	 	 	 	 	 	 	 	 	 	 	 	 	 	 	 	 	 	 	 	 	 	 	 	 	 	 	 	 	 	 	 	 	 	 	 	 	 	 	 	 	 	5.024e-14	5.6304e-11	7.7281e-11	1.9356e-10	3.7343e-11	4.4412e-11	4.7022e-11	1.1151e-09	1.6713e-10	2.2619e-09	2.3405e-09
5.17947	 	 	 	 	 	 	 	 	 	 	 	 	 	 	 	 	 	 	 	 	 	 	 	 	 	 	 	 	 	 	 	 	 	 	 	 	 	 	 	 	 	 	 	 	 	 	 	 	 	 	 	 	 	 	 	 	 	 	 	 	 	 	 	 	 	 	 	 	 	6.3739e-13	6.9273e-11	8.5973e-11	2.095e-10	3.9579e-11	4.6208e-11	5.597e-11	2.247e-09	3.444e-10	2.7146e-09	2.5075e-09
5.25146	 	 	 	 	 	 	 	 	 	 	 	 	 	 	 	 	 	 	 	 	 	 	 	 	 	 	 	 	 	 	 	 	 	 	 	 	 	 	 	 	 	 	 	 	 	 	 	 	 	 	 	 	 	 	 	 	 	 	 	 	 	 	 	 	 	 	 	 	6.9314e-13	1.9605e-12	7.8358e-11	9.0898e-11	2.2413e-10	4.0974e-11	4.7809e-11	9.7516e-11	4.8938e-09	4.584e-10	3.0801e-09	2.7049e-09
5.32444	 	 	 	 	 	 	 	 	 	 	 	 	 	 	 	 	 	 	 	 	 	 	 	 	 	 	 	 	 	 	 	 	 	 	 	 	 	 	 	 	 	 	 	 	 	 	 	 	 	 	 	 	 	 	 	 	 	 	 	 	 	 	 	 	 	 	 	 	3.4698e-12	3.4092e-12	8.4857e-11	9.7986e-11	2.3518e-10	4.1928e-11	5.0769e-11	1.9394e-10	7.0617e-09	5.3966e-10	3.3923e-09	2.8784e-09
5.39843	 	 	 	 	 	 	 	 	 	 	 	 	 	 	 	 	 	 	 	 	 	 	 	 	 	 	 	 	 	 	 	 	 	 	 	 	 	 	 	 	 	 	 	 	 	 	 	 	 	 	 	 	 	 	 	 	 	 	 	 	 	 	 	 	 	 	 	 	1.0612e-11	4.2082e-12	9.0019e-11	1.0517e-10	2.3951e-10	4.377e-11	6.0794e-11	4.2336e-10	8.4628e-09	5.998e-10	3.6024e-09	2.9684e-09
5.47346	 	 	 	 	 	 	 	 	 	 	 	 	 	 	 	 	 	 	 	 	 	 	 	 	 	 	 	 	 	 	 	 	 	 	 	 	 	 	 	 	 	 	 	 	 	 	 	 	 	 	 	 	 	 	 	 	 	 	 	 	 	 	 	 	 	 	 	2.2463e-13	1.6852e-11	4.782e-12	9.7673e-11	1.1084e-10	2.4895e-10	4.5004e-11	1.3128e-10	6.0575e-10	9.4542e-09	6.3845e-10	3.8908e-09	3.0769e-09
5.54952	 	 	 	 	 	 	 	 	 	 	 	 	 	 	 	 	 	 	 	 	 	 	 	 	 	 	 	 	 	 	 	 	 	 	 	 	 	 	 	 	 	 	 	 	 	 	 	 	 	 	 	 	 	 	 	 	 	 	 	 	 	 	 	 	 	 	 	6.9522e-13	2.0609e-11	5.1954e-12	1.0359e-10	1.1291e-10	2.5757e-10	5.0809e-11	2.5863e-10	7.2452e-10	1.0155e-08	6.8676e-10	4.1711e-09	3.2108e-09
5.62665	 	 	 	 	 	 	 	 	 	 	 	 	 	 	 	 	 	 	 	 	 	 	 	 	 	 	 	 	 	 	 	 	 	 	 	 	 	 	 	 	 	 	 	 	 	 	 	 	 	 	 	 	 	 	 	 	 	 	 	 	 	 	 	 	 	 	1.941e-12	1.3278e-12	2.316e-11	5.4983e-12	1.0738e-10	1.1693e-10	2.7223e-10	6.2453e-11	5.1017e-10	8.0883e-10	1.0856e-08	7.4041e-10	4.4108e-09	3.9767e-09
5.70484	 	 	 	 	 	 	 	 	 	 	 	 	 	 	 	 	 	 	 	 	 	 	 	 	 	 	 	 	 	 	 	 	 	 	 	 	 	 	 	 	 	 	 	 	 	 	 	 	 	 	 	 	 	 	 	 	 	 	 	 	 	 	 	 	 	 	5.999e-12	1.6513e-12	2.4944e-11	5.9683e-12	1.0967e-10	1.2123e-10	3.2619e-10	1.5722e-10	6.6287e-10	8.6782e-10	1.1768e-08	7.7852e-10	4.5148e-09	5.8254e-09
5.78413	 	 	 	 	 	 	 	 	 	 	 	 	 	 	 	 	 	 	 	 	 	 	 	 	 	 	 	 	 	 	 	 	 	 	 	 	 	 	 	 	 	 	 	 	 	 	 	 	 	 	 	 	 	 	 	 	 	 	 	 	 	 	 	 	 	4.14e-14	1.1257e-11	1.8959e-12	2.6526e-11	6.3379e-12	1.1446e-10	1.2504e-10	6.9347e-10	3.2809e-10	7.7515e-10	9.2812e-10	1.2411e-08	8.0086e-10	4.7145e-09	8.3246e-09
5.86451	 	 	 	 	 	 	 	 	 	 	 	 	 	 	 	 	 	 	 	 	 	 	 	 	 	 	 	 	 	 	 	 	 	 	 	 	 	 	 	 	 	 	 	 	 	 	 	 	 	 	 	 	 	 	 	 	 	 	 	 	 	 	 	 	 	5.0329e-13	1.3978e-11	2.0749e-12	2.8738e-11	6.5822e-12	1.1772e-10	1.5066e-10	1.3588e-09	5.4296e-10	8.5958e-10	1.0057e-09	1.2838e-08	8.2864e-10	5.2136e-09	1.0015e-08
5.94601	 	 	 	 	 	 	 	 	 	 	 	 	 	 	 	 	 	 	 	 	 	 	 	 	 	 	 	 	 	 	 	 	 	 	 	 	 	 	 	 	 	 	 	 	 	 	 	 	 	 	 	 	 	 	 	 	 	 	 	 	 	 	 	 	9.862e-13	1.5468e-12	1.6015e-11	2.1882e-12	3.0397e-11	6.709e-12	1.3177e-10	2.922e-10	2.7132e-09	6.6031e-10	9.1167e-10	1.0598e-09	1.3221e-08	8.6025e-10	6.5005e-09	1.1194e-08
6.02865	 	 	 	 	 	 	 	 	 	 	 	 	 	 	 	 	 	 	 	 	 	 	 	 	 	 	 	 	 	 	 	 	 	 	 	 	 	 	 	 	 	 	 	 	 	 	 	 	 	 	 	 	 	 	 	 	 	 	 	 	 	 	 	 	3.1938e-12	2.6798e-12	1.7499e-11	2.3746e-12	3.139e-11	7.0016e-12	1.61e-10	5.5357e-10	3.5484e-09	7.5122e-10	9.8202e-10	1.0954e-09	1.3777e-08	8.8149e-10	9.9298e-09	1.2145e-08
6.11243	 	 	 	 	 	 	 	 	 	 	 	 	 	 	 	 	 	 	 	 	 	 	 	 	 	 	 	 	 	 	 	 	 	 	 	 	 	 	 	 	 	 	 	 	 	 	 	 	 	 	 	 	 	 	 	 	 	 	 	 	 	 	 	 	8.9226e-12	3.3041e-12	1.8449e-11	2.5291e-12	3.2125e-11	7.2064e-12	3.9881e-10	1.1966e-09	4.1553e-09	8.1706e-10	1.0555e-09	1.1283e-09	1.4123e-08	1.4398e-09	1.3427e-08	1.3047e-08
6.19738	 	 	 	 	 	 	 	 	 	 	 	 	 	 	 	 	 	 	 	 	 	 	 	 	 	 	 	 	 	 	 	 	 	 	 	 	 	 	 	 	 	 	 	 	 	 	 	 	 	 	 	 	 	 	 	 	 	 	 	 	 	 	 	7.8573e-15	1.2633e-11	3.7498e-12	2.0029e-11	2.6382e-12	3.3496e-11	7.9789e-12	8.2693e-10	1.6313e-09	4.6083e-09	8.6585e-10	1.1087e-09	1.1753e-09	2.0561e-08	2.567e-09	1.5736e-08	1.4075e-08
6.2835	 	 	 	 	 	 	 	 	 	 	 	 	 	 	 	 	 	 	 	 	 	 	 	 	 	 	 	 	 	 	 	 	 	 	 	 	 	 	 	 	 	 	 	 	 	 	 	 	 	 	 	 	 	 	 	 	 	 	 	 	 	 	 	4.1121e-13	1.507e-11	4.069e-12	2.1316e-11	2.6831e-12	3.438e-11	9.6752e-12	1.403e-09	1.9292e-09	4.8898e-09	9.4058e-10	1.1376e-09	1.2043e-09	3.421e-08	4.353e-09	1.7369e-08	1.496e-08
6.37083	 	 	 	 	 	 	 	 	 	 	 	 	 	 	 	 	 	 	 	 	 	 	 	 	 	 	 	 	 	 	 	 	 	 	 	 	 	 	 	 	 	 	 	 	 	 	 	 	 	 	 	 	 	 	 	 	 	 	 	 	 	 	1.1377e-12	1.2671e-12	1.6841e-11	4.3031e-12	2.2211e-11	2.7951e-12	3.9057e-11	2.3453e-11	1.709e-09	2.1451e-09	5.262e-09	9.9991e-10	1.1782e-09	1.7741e-09	6.3772e-08	5.3072e-09	1.8687e-08	1.5832e-08
6.45936	 	 	 	 	 	 	 	 	 	 	 	 	 	 	 	 	 	 	 	 	 	 	 	 	 	 	 	 	 	 	 	 	 	 	 	 	 	 	 	 	 	 	 	 	 	 	 	 	 	 	 	 	 	 	 	 	 	 	 	 	 	 	3.629e-12	2.2919e-12	1.7893e-11	4.6664e-12	2.2583e-11	2.8821e-12	4.9569e-11	4.8206e-11	1.9502e-09	2.2872e-09	5.6574e-09	1.0416e-09	1.2206e-09	2.9747e-09	8.2132e-08	6.0558e-09	2.0185e-08	1.6576e-08
6.54913	 	 	 	 	 	 	 	 	 	 	 	 	 	 	 	 	 	 	 	 	 	 	 	 	 	 	 	 	 	 	 	 	 	 	 	 	 	 	 	 	 	 	 	 	 	 	 	 	 	 	 	 	 	 	 	 	 	 	 	 	 	4.1139e-13	9.1587e-12	2.8352e-12	1.9155e-11	4.95e-12	2.3535e-11	3.1168e-12	1.2279e-10	8.4665e-11	2.125e-09	2.4526e-09	5.9406e-09	1.0659e-09	1.2499e-09	5.4852e-09	9.5107e-08	6.6876e-09	2.161e-08	1.7674e-08
6.64015	 	 	 	 	 	 	 	 	 	 	 	 	 	 	 	 	 	 	 	 	 	 	 	 	 	 	 	 	 	 	 	 	 	 	 	 	 	 	 	 	 	 	 	 	 	 	 	 	 	 	 	 	 	 	 	 	 	 	 	 	 	1.317e-12	1.2489e-11	3.2324e-12	2.0626e-11	5.1346e-12	2.4253e-11	3.7163e-12	2.577e-10	1.0339e-10	2.2509e-09	2.6468e-09	6.0963e-09	1.1114e-09	2.1163e-09	7.0221e-09	1.0567e-07	7.104e-09	2.2953e-08	1.9348e-08
6.73243	 	 	 	 	 	 	 	 	 	 	 	 	 	 	 	 	 	 	 	 	 	 	 	 	 	 	 	 	 	 	 	 	 	 	 	 	 	 	 	 	 	 	 	 	 	 	 	 	 	 	 	 	 	 	 	 	 	 	 	 	1.4407e-12	3.4089e-12	1.4764e-11	3.5186e-12	2.1729e-11	5.2297e-12	2.6335e-11	8.5615e-12	4.1642e-10	1.1851e-10	2.4412e-09	2.781e-09	6.3084e-09	1.1436e-09	3.8454e-09	8.1173e-09	1.1294e-07	7.6372e-09	2.4165e-08	2.3426e-08
6.82599	 	 	 	 	 	 	 	 	 	 	 	 	 	 	 	 	 	 	 	 	 	 	 	 	 	 	 	 	 	 	 	 	 	 	 	 	 	 	 	 	 	 	 	 	 	 	 	 	 	 	 	 	 	 	 	 	 	 	 	 	4.8221e-12	4.6932e-12	1.6462e-11	3.7111e-12	2.2232e-11	5.4524e-12	3.1493e-11	1.7224e-11	5.0492e-10	1.2949e-10	2.5973e-09	2.8622e-09	6.5352e-09	1.3856e-09	6.3303e-09	9.0153e-09	1.2063e-07	8.1905e-09	2.526e-08	2.7473e-08
6.92086	 	 	 	 	 	 	 	 	 	 	 	 	 	 	 	 	 	 	 	 	 	 	 	 	 	 	 	 	 	 	 	 	 	 	 	 	 	 	 	 	 	 	 	 	 	 	 	 	 	 	 	 	 	 	 	 	 	 	 	 	1.4659e-11	5.5595e-12	1.74e-11	4.0253e-12	2.2881e-11	5.6058e-12	7.326e-11	3.2125e-11	5.719e-10	1.3713e-10	2.7074e-09	2.9535e-09	6.6893e-09	2.3027e-09	7.594e-09	9.6232e-09	1.2996e-07	8.6758e-09	2.7317e-08	3.2172e-08
7.01704	 	 	 	 	 	 	 	 	 	 	 	 	 	 	 	 	 	 	 	 	 	 	 	 	 	 	 	 	 	 	 	 	 	 	 	 	 	 	 	 	 	 	 	 	 	 	 	 	 	 	 	 	 	 	 	 	 	 	 	9.6336e-14	2.1414e-11	6.2006e-12	1.8669e-11	4.2745e-12	2.3759e-11	6.2105e-12	1.4799e-10	4.0357e-11	6.1997e-10	1.4845e-10	2.7695e-09	3.0664e-09	1.1215e-08	4.4569e-09	8.617e-09	1.0283e-08	1.3803e-07	8.881e-09	3.079e-08	3.5455e-08
7.11456	 	 	 	 	 	 	 	 	 	 	 	 	 	 	 	 	 	 	 	 	 	 	 	 	 	 	 	 	 	 	 	 	 	 	 	 	 	 	 	 	 	 	 	 	 	 	 	 	 	 	 	 	 	 	 	 	 	 	 	5.6418e-13	2.5702e-11	6.5605e-12	2.0043e-11	4.4417e-12	2.4319e-11	7.5327e-12	2.73e-10	4.6711e-11	6.5721e-10	1.5818e-10	2.8834e-09	3.1382e-09	2.0273e-08	6.3115e-09	9.4818e-09	1.107e-08	1.4223e-07	9.2334e-09	3.7502e-08	3.8054e-08
7.21343	 	 	 	 	 	 	 	 	 	 	 	 	 	 	 	 	 	 	 	 	 	 	 	 	 	 	 	 	 	 	 	 	 	 	 	 	 	 	 	 	 	 	 	 	 	 	 	 	 	 	 	 	 	 	 	 	 	 	2.0369e-12	1.7251e-12	2.8735e-11	7.0325e-12	2.1091e-11	4.5135e-12	2.8684e-11	1.8309e-11	3.4058e-10	5.1379e-11	7.1295e-10	1.651e-10	2.9679e-09	4.9519e-09	3.3653e-08	7.459e-09	1.0053e-08	1.1754e-08	1.47e-07	9.9853e-09	4.354e-08	4.0506e-08
7.31368	 	 	 	 	 	 	 	 	 	 	 	 	 	 	 	 	 	 	 	 	 	 	 	 	 	 	 	 	 	 	 	 	 	 	 	 	 	 	 	 	 	 	 	 	 	 	 	 	 	 	 	 	 	 	 	 	 	 	6.4264e-12	2.7942e-12	3.0615e-11	7.5532e-12	2.1501e-11	4.7046e-12	4.7962e-11	3.7663e-11	3.9338e-10	5.4396e-11	7.5606e-10	1.6887e-10	3.4852e-09	8.6585e-09	4.0454e-08	8.3063e-09	1.0825e-08	1.2098e-08	1.5315e-07	1.2375e-08	5.0141e-08	4.3388e-08
7.41532	 	 	 	 	 	 	 	 	 	 	 	 	 	 	 	 	 	 	 	 	 	 	 	 	 	 	 	 	 	 	 	 	 	 	 	 	 	 	 	 	 	 	 	 	 	 	 	 	 	 	 	 	 	 	 	 	 	 	1.4964e-11	3.4195e-12	3.2671e-11	7.9478e-12	2.2171e-11	4.8394e-12	9.7699e-11	6.5692e-11	4.3199e-10	5.8673e-11	7.8576e-10	1.7554e-10	5.8455e-09	1.5048e-08	4.5942e-08	9.0044e-09	1.1585e-08	1.2509e-08	1.884e-07	1.8665e-08	5.4482e-08	4.54e-08
7.51837	 	 	 	 	 	 	 	 	 	 	 	 	 	 	 	 	 	 	 	 	 	 	 	 	 	 	 	 	 	 	 	 	 	 	 	 	 	 	 	 	 	 	 	 	 	 	 	 	 	 	 	 	 	 	 	 	 	 	1.9722e-11	3.8425e-12	3.5216e-11	8.1067e-12	2.2972e-11	5.301e-12	2.1186e-10	8.0109e-11	4.5724e-10	6.2741e-11	8.0339e-10	1.8082e-10	1.1274e-08	1.8612e-08	5.0568e-08	9.5501e-09	1.2235e-08	1.3025e-08	2.7356e-07	2.5665e-08	5.8143e-08	4.7684e-08
7.62286	 	 	 	 	 	 	 	 	 	 	 	 	 	 	 	 	 	 	 	 	 	 	 	 	 	 	 	 	 	 	 	 	 	 	 	 	 	 	 	 	 	 	 	 	 	 	 	 	 	 	 	 	 	 	 	 	 	 	2.3106e-11	4.1375e-12	3.7079e-11	8.3526e-12	2.3495e-11	6.3781e-12	3.0716e-10	9.1655e-11	4.934e-10	6.5684e-11	8.3727e-10	2.0334e-10	1.6221e-08	2.1301e-08	5.3607e-08	1.0313e-08	1.2501e-08	1.6079e-08	3.924e-07	3.0336e-08	6.2087e-08	5.0632e-08
7.7288	 	 	 	 	 	 	 	 	 	 	 	 	 	 	 	 	 	 	 	 	 	 	 	 	 	 	 	 	 	 	 	 	 	 	 	 	 	 	 	 	 	 	 	 	 	 	 	 	 	 	 	 	 	 	 	 	 	3.8694e-13	2.5629e-11	4.3855e-12	3.7991e-11	8.6558e-12	2.8094e-11	1.5149e-11	3.6766e-10	9.9995e-11	5.2708e-10	6.7173e-11	8.5986e-10	3.4766e-10	1.9193e-08	2.3553e-08	5.7667e-08	1.0971e-08	1.3016e-08	2.3476e-08	4.7224e-07	3.3524e-08	6.5917e-08	5.3858e-08
7.83621	 	 	 	 	 	 	 	 	 	 	 	 	 	 	 	 	 	 	 	 	 	 	 	 	 	 	 	 	 	 	 	 	 	 	 	 	 	 	 	 	 	 	 	 	 	 	 	 	 	 	 	 	 	 	 	 	2.59e-13	1.2129e-12	2.7015e-11	4.7425e-12	3.8989e-11	8.8516e-12	5.1034e-11	3.0866e-11	4.098e-10	1.0579e-10	5.5132e-10	6.962e-11	1.0762e-09	6.6363e-10	2.1406e-08	2.5014e-08	6.1714e-08	1.1427e-08	1.4289e-08	3.3509e-08	5.274e-07	3.6075e-08	6.8964e-08	5.6779e-08
7.94511	 	 	 	 	 	 	 	 	 	 	 	 	 	 	 	 	 	 	 	 	 	 	 	 	 	 	 	 	 	 	 	 	 	 	 	 	 	 	 	 	 	 	 	 	 	 	 	 	 	 	 	 	 	 	 	 	1.4946e-12	2.6854e-12	2.9036e-11	5.0092e-12	4.0496e-11	1.0545e-11	9.83e-11	5.5578e-11	4.3924e-10	1.1445e-10	5.6366e-10	7.1851e-11	1.7689e-09	9.7681e-10	2.3236e-08	2.6809e-08	6.5182e-08	1.1708e-08	1.7762e-08	4.0238e-08	5.7147e-07	3.8865e-08	7.2457e-08	6.1635e-08
8.05553	 	 	 	 	 	 	 	 	 	 	 	 	 	 	 	 	 	 	 	 	 	 	 	 	 	 	 	 	 	 	 	 	 	 	 	 	 	 	 	 	 	 	 	 	 	 	 	 	 	 	 	 	 	 	 	 	4.5672e-12	3.4576e-12	3.1067e-11	5.167e-12	4.1416e-11	1.8777e-11	2.1533e-10	6.8245e-11	4.6814e-10	1.2179e-10	5.8435e-10	7.4571e-11	3.4322e-09	1.1581e-09	2.4619e-08	2.8747e-08	6.6588e-08	1.2234e-08	2.7009e-08	4.4876e-08	6.1239e-07	4.1642e-08	7.7302e-08	6.7402e-08
8.16748	 	 	 	 	 	 	 	 	 	 	 	 	 	 	 	 	 	 	 	 	 	 	 	 	 	 	 	 	 	 	 	 	 	 	 	 	 	 	 	 	 	 	 	 	 	 	 	 	 	 	 	 	 	 	 	 	7.3743e-12	4.0258e-12	3.2643e-11	5.2717e-12	4.8295e-11	3.6634e-11	3.0108e-10	7.8414e-11	5.0617e-10	1.2694e-10	6.0266e-10	1.3091e-10	4.767e-09	1.2948e-09	2.6571e-08	3.0467e-08	6.9266e-08	1.4304e-08	3.6595e-08	4.8577e-08	6.5949e-07	4.4163e-08	8.1893e-08	7.2919e-08
8.28098	 	 	 	 	 	 	 	 	 	 	 	 	 	 	 	 	 	 	 	 	 	 	 	 	 	 	 	 	 	 	 	 	 	 	 	 	 	 	 	 	 	 	 	 	 	 	 	 	 	 	 	 	 	 	 	 	9.0149e-12	4.4453e-12	3.3142e-11	5.4851e-12	7.5508e-11	8.0037e-11	3.5746e-10	8.5768e-11	5.3253e-10	1.297e-10	6.2789e-10	2.4385e-10	5.6087e-09	1.4087e-09	2.827e-08	3.1176e-08	7.5752e-08	1.919e-08	4.2895e-08	5.2065e-08	6.9945e-07	4.6494e-08	8.6839e-08	7.6503e-08
8.39607	 	 	 	 	 	 	 	 	 	 	 	 	 	 	 	 	 	 	 	 	 	 	 	 	 	 	 	 	 	 	 	 	 	 	 	 	 	 	 	 	 	 	 	 	 	 	 	 	 	 	 	 	 	 	 	 	1.0118e-11	4.6813e-12	3.4225e-11	5.6197e-12	1.608e-10	1.1284e-10	3.9733e-10	9.0696e-11	5.4943e-10	1.3474e-10	1.1095e-09	3.7867e-10	6.2331e-09	1.491e-09	2.9479e-08	3.2319e-08	9.4051e-08	2.8802e-08	4.7262e-08	5.6036e-08	7.389e-07	4.8571e-08	9.4347e-08	8.0407e-08
8.51275	 	 	 	 	 	 	 	 	 	 	 	 	 	 	 	 	 	 	 	 	 	 	 	 	 	 	 	 	 	 	 	 	 	 	 	 	 	 	 	 	 	 	 	 	 	 	 	 	 	 	 	 	 	 	 	8.8622e-13	1.0882e-11	5.0385e-12	3.5368e-11	6.3412e-12	3.4563e-10	1.3418e-10	4.24e-10	9.7925e-11	5.6413e-10	1.3861e-10	2.0771e-09	4.5116e-10	6.7322e-09	1.6089e-09	3.0153e-08	3.4489e-08	1.427e-07	3.6338e-08	5.0755e-08	5.9418e-08	7.7207e-07	5.2163e-08	1.0375e-07	8.4669e-08
8.63106	 	 	 	 	 	 	 	 	 	 	 	 	 	 	 	 	 	 	 	 	 	 	 	 	 	 	 	 	 	 	 	 	 	 	 	 	 	 	 	 	 	 	 	 	 	 	 	 	 	 	 	 	 	 	 	5.0172e-12	1.1526e-11	5.3786e-12	3.6445e-11	7.7863e-12	5.1421e-10	1.492e-10	4.5281e-10	1.0433e-10	5.8627e-10	1.5756e-10	3.1883e-09	5.0736e-10	7.1392e-09	1.7128e-09	3.1498e-08	4.2579e-08	1.9384e-07	4.1168e-08	5.469e-08	6.2731e-08	8.2066e-07	5.8161e-08	1.1048e-07	8.7493e-08
8.75101	 	 	 	 	 	 	 	 	 	 	 	 	 	 	 	 	 	 	 	 	 	 	 	 	 	 	 	 	 	 	 	 	 	 	 	 	 	 	 	 	 	 	 	 	 	 	 	 	 	 	 	 	 	 	 	1.5322e-11	1.2453e-11	5.6346e-12	4.3761e-11	1.9666e-11	6.1778e-10	1.5932e-10	4.885e-10	1.0886e-10	5.9934e-10	2.6773e-10	3.7937e-09	5.5488e-10	7.7004e-09	1.7896e-09	3.6551e-08	6.3719e-08	2.2751e-07	4.5029e-08	5.8445e-08	6.5523e-08	8.9576e-07	7.0594e-08	1.1587e-07	8.9763e-08
8.87262	 	 	 	 	 	 	 	 	 	 	 	 	 	 	 	 	 	 	 	 	 	 	 	 	 	 	 	 	 	 	 	 	 	 	 	 	 	 	 	 	 	 	 	 	 	 	 	 	 	 	 	 	 	 	 	2.4653e-11	1.3139e-11	5.7166e-12	8.5556e-11	4.1048e-11	6.8953e-10	1.7001e-10	5.1262e-10	1.1118e-10	8.685e-10	5.1215e-10	4.2595e-09	5.8618e-10	8.1755e-09	1.8272e-09	4.8414e-08	8.8453e-08	2.5065e-07	4.8122e-08	6.1938e-08	6.9718e-08	1.0809e-06	8.2077e-08	1.2185e-07	9.3434e-08
8.99593	 	 	 	 	 	 	 	 	 	 	 	 	 	 	 	 	 	 	 	 	 	 	 	 	 	 	 	 	 	 	 	 	 	 	 	 	 	 	 	 	 	 	 	 	 	 	 	 	 	 	 	 	 	1.0716e-13	6.3344e-13	3.0111e-11	1.3538e-11	5.9104e-12	1.6255e-10	6.6985e-11	7.403e-10	1.8347e-10	5.2733e-10	1.153e-10	1.441e-09	7.481e-10	4.6524e-09	6.3229e-10	8.4875e-09	1.9084e-09	7.2998e-08	1.049e-07	2.6913e-07	5.1856e-08	6.5076e-08	7.6199e-08	1.2658e-06	9.5091e-08	1.278e-07	9.7498e-08
9.12095	 	 	 	 	 	 	 	 	 	 	 	 	 	 	 	 	 	 	 	 	 	 	 	 	 	 	 	 	 	 	 	 	 	 	 	 	 	 	 	 	 	 	 	 	 	 	 	 	 	 	 	 	 	4.701e-12	1.9691e-12	3.3757e-11	1.3803e-11	6.0971e-12	3.4676e-10	8.1127e-11	7.8694e-10	1.9254e-10	5.4221e-10	1.1867e-10	2.6826e-09	8.855e-10	4.9148e-09	6.7421e-10	8.6997e-09	2.1919e-09	9.2804e-08	1.1609e-07	2.8982e-07	5.4978e-08	6.7878e-08	9.2075e-08	1.4802e-06	1.0337e-07	1.3133e-07	9.9872e-08
9.2477	 	 	 	 	 	 	 	 	 	 	 	 	 	 	 	 	 	 	 	 	 	 	 	 	 	 	 	 	 	 	 	 	 	 	 	 	 	 	 	 	 	 	 	 	 	 	 	 	 	 	 	 	1.3755e-12	1.4459e-11	4.0665e-12	3.627e-11	1.4348e-11	6.3595e-12	4.6853e-10	9.1829e-11	8.5056e-10	1.9813e-10	5.624e-10	1.2912e-10	3.4464e-09	9.882e-10	5.3005e-09	7.0774e-10	9.078e-09	2.8511e-09	1.0544e-07	1.2495e-07	3.097e-07	5.838e-08	7.3184e-08	1.0771e-07	1.629e-06	1.1032e-07	1.3534e-07	1.0318e-07
9.37622	 	 	 	 	 	 	 	 	 	 	 	 	 	 	 	 	 	 	 	 	 	 	 	 	 	 	 	 	 	 	 	 	 	 	 	 	 	 	 	 	 	 	 	 	 	 	 	 	 	 	 	2.1436e-12	4.296e-12	2.5967e-11	5.0704e-12	3.8401e-11	1.4685e-11	7.609e-12	5.5159e-10	9.9416e-11	8.955e-10	2.0358e-10	5.7431e-10	2.2371e-10	3.9797e-09	1.0732e-09	5.6482e-09	7.2104e-10	1.0705e-08	4.3299e-09	1.1543e-07	1.3428e-07	3.2806e-07	6.0984e-08	8.221e-08	1.2578e-07	1.745e-06	1.1742e-07	1.4108e-07	1.0811e-07
9.50653	 	 	 	 	 	 	 	 	 	 	 	 	 	 	 	 	 	 	 	 	 	 	 	 	 	 	 	 	 	 	 	 	 	 	 	 	 	 	 	 	 	 	 	 	 	 	 	 	 	 	 	1.8846e-11	9.2531e-12	3.2019e-11	5.8462e-12	4.1457e-11	1.6581e-11	1.5616e-11	6.1118e-10	1.0509e-10	9.2443e-10	2.112e-10	8.7555e-10	4.2345e-10	4.4094e-09	1.135e-09	5.9213e-09	7.519e-10	1.4591e-08	5.5662e-09	1.2326e-07	1.4388e-07	3.4461e-07	6.3793e-08	9.9894e-08	1.3821e-07	1.8532e-06	1.2477e-07	1.4665e-07	1.1228e-07
9.63864	 	 	 	 	 	 	 	 	 	 	 	 	 	 	 	 	 	 	 	 	 	 	 	 	 	 	 	 	 	 	 	 	 	 	 	 	 	 	 	 	 	 	 	 	 	 	 	 	 	 	 	5.7704e-11	1.1745e-11	3.6373e-11	6.4087e-12	4.3705e-11	2.0523e-11	3.0205e-11	6.4903e-10	1.1376e-10	9.4698e-10	2.1563e-10	1.5002e-09	6.3261e-10	4.6987e-09	1.2235e-09	6.0309e-09	8.4419e-10	2.1728e-08	6.356e-09	1.3277e-07	1.5239e-07	3.5934e-07	6.9713e-08	1.1577e-07	1.4795e-07	1.981e-06	1.3024e-07	1.4992e-07	1.1458e-07
9.7726	 	 	 	 	 	 	 	 	 	 	 	 	 	 	 	 	 	 	 	 	 	 	 	 	 	 	 	 	 	 	 	 	 	 	 	 	 	 	 	 	 	 	 	 	 	 	 	 	 	 	 	9.7188e-11	1.361e-11	3.9453e-11	6.7363e-12	4.4986e-11	5.1549e-11	6.169e-11	6.9423e-10	1.2042e-10	9.8361e-10	3.2506e-10	2.6703e-09	7.5013e-10	5.0053e-09	1.3008e-09	6.2917e-09	1.0532e-09	2.7022e-08	6.9627e-09	1.4078e-07	1.6036e-07	3.8695e-07	8.0739e-08	1.3312e-07	1.5712e-07	2.0686e-06	1.3658e-07	1.554e-07	1.1699e-07
9.90841	 	 	 	 	 	 	 	 	 	 	 	 	 	 	 	 	 	 	 	 	 	 	 	 	 	 	 	 	 	 	 	 	 	 	 	 	 	 	 	 	 	 	 	 	 	 	 	 	 	 	 	1.1913e-10	1.4971e-11	4.1508e-11	7.263e-12	4.5846e-11	1.0772e-10	8.1457e-11	7.4629e-10	1.249e-10	1.0053e-09	5.5316e-10	3.345e-09	8.3894e-10	5.3763e-09	1.3565e-09	7.0971e-09	1.6265e-09	3.0485e-08	7.4377e-09	1.4936e-07	1.674e-07	4.3388e-07	9.71e-08	1.4434e-07	1.6783e-07	2.1678e-06	1.4532e-07	1.6315e-07	1.2014e-07
10.0461	 	 	 	 	 	 	 	 	 	 	 	 	 	 	 	 	 	 	 	 	 	 	 	 	 	 	 	 	 	 	 	 	 	 	 	 	 	 	 	 	 	 	 	 	 	 	 	 	 	 	5.9949e-13	1.3424e-10	1.5738e-11	4.4882e-11	7.7229e-12	4.7622e-11	1.7465e-10	9.534e-11	7.8143e-10	1.2737e-10	1.4084e-09	9.935e-10	3.8352e-09	9.1286e-10	5.6935e-09	1.3843e-09	8.9308e-09	2.1463e-09	3.3235e-08	8.0106e-09	1.5602e-07	1.7901e-07	5.2684e-07	1.1301e-07	1.5369e-07	1.7517e-07	2.2964e-06	1.5385e-07	1.6795e-07	1.2205e-07
10.1857	 	 	 	 	 	 	 	 	 	 	 	 	 	 	 	 	 	 	 	 	 	 	 	 	 	 	 	 	 	 	 	 	 	 	 	 	 	 	 	 	 	 	 	 	 	 	 	 	 	 	2.0175e-12	1.4475e-10	1.6935e-11	4.75e-11	8.0493e-12	4.8698e-11	2.1123e-10	1.0542e-10	8.0107e-10	1.3243e-10	2.2846e-09	1.2507e-09	4.2408e-09	9.6425e-10	5.8473e-09	1.4443e-09	1.3744e-08	2.4793e-09	3.5491e-08	8.4988e-09	1.6279e-07	1.9835e-07	6.1055e-07	1.2651e-07	1.6372e-07	1.8354e-07	2.4375e-06	1.6228e-07	1.7129e-07	1.2336e-07
10.3273	 	 	 	 	 	 	 	 	 	 	 	 	 	 	 	 	 	 	 	 	 	 	 	 	 	 	 	 	 	 	 	 	 	 	 	 	 	 	 	 	 	 	 	 	 	 	 	 	 	1.2045e-11	6.1207e-12	1.5274e-10	1.8032e-11	4.9177e-11	8.1546e-12	5.504e-11	2.3867e-10	1.1158e-10	8.2448e-10	1.3571e-10	4.3774e-09	1.4357e-09	4.4981e-09	1.0389e-09	6.0277e-09	1.6639e-09	1.8023e-08	2.7201e-09	3.8192e-08	9.0102e-09	1.7784e-07	2.402e-07	7.0253e-07	1.3614e-07	1.7343e-07	1.9448e-07	2.5638e-06	1.7631e-07	1.7509e-07	1.2498e-07
10.4708	 	 	 	 	 	 	 	 	 	 	 	 	 	 	 	 	 	 	 	 	 	 	 	 	 	 	 	 	 	 	 	 	 	 	 	 	 	 	 	 	 	 	 	 	 	 	 	 	 	3.8083e-11	8.9177e-12	1.6491e-10	1.8831e-11	4.9848e-11	8.4434e-12	6.9072e-11	2.5799e-10	1.195e-10	8.5267e-10	1.6847e-10	5.7051e-09	1.5884e-09	4.8025e-09	1.1049e-09	6.2602e-09	2.1787e-09	2.076e-08	2.91e-09	4.0438e-08	9.4167e-09	2.0478e-07	2.7936e-07	7.6162e-07	1.4422e-07	1.8102e-07	2.0631e-07	2.7768e-06	1.9328e-07	1.7986e-07	1.2674e-07
10.6163	 	 	 	 	 	 	 	 	 	 	 	 	 	 	 	 	 	 	 	 	 	 	 	 	 	 	 	 	 	 	 	 	 	 	 	 	 	 	 	 	 	 	 	 	 	 	 	 	 	9.0228e-11	1.0669e-11	1.7404e-10	1.9075e-11	5.1796e-11	8.6832e-12	1.7158e-10	2.7258e-10	1.281e-10	8.6978e-10	2.7688e-10	6.6072e-09	1.685e-09	5.1443e-09	1.1541e-09	7.6981e-09	3.2955e-09	2.2759e-08	3.1343e-09	4.2842e-08	9.7921e-09	2.4705e-07	3.2389e-07	8.1083e-07	1.5434e-07	1.8974e-07	2.1704e-07	3.0298e-06	2.0626e-07	1.8143e-07	1.2747e-07
10.7639	 	 	 	 	 	 	 	 	 	 	 	 	 	 	 	 	 	 	 	 	 	 	 	 	 	 	 	 	 	 	 	 	 	 	 	 	 	 	 	 	 	 	 	 	 	 	 	 	 	1.1952e-10	1.189e-11	1.7948e-10	1.9715e-11	5.3097e-11	9.2254e-12	3.5901e-10	2.9476e-10	1.34e-10	1.3932e-09	5.3609e-10	7.3166e-09	1.7976e-09	5.4429e-09	1.1758e-09	1.1196e-08	4.2116e-09	2.4332e-08	3.3308e-09	4.4694e-08	1.0698e-08	2.871e-07	3.5268e-07	8.6313e-07	1.6198e-07	2.0195e-07	2.3511e-07	3.2706e-06	2.1591e-07	1.8346e-07	1.2962e-07
10.9134	 	 	 	 	 	 	 	 	 	 	 	 	 	 	 	 	 	 	 	 	 	 	 	 	 	 	 	 	 	 	 	 	 	 	 	 	 	 	 	 	 	 	 	 	 	 	 	9.798e-12	 	1.3989e-10	1.2624e-11	1.8237e-10	2.0291e-11	5.8241e-11	1.0974e-11	5.7848e-10	3.1159e-10	1.3705e-10	2.4566e-09	7.4454e-10	7.8097e-09	1.9259e-09	5.5655e-09	1.2259e-09	1.596e-08	4.793e-09	2.6198e-08	3.5264e-09	4.6861e-08	1.2265e-08	3.2204e-07	3.7605e-07	9.1424e-07	1.6945e-07	2.1343e-07	2.566e-07	3.4235e-06	2.266e-07	1.8608e-07	1.3051e-07
11.0651	 	 	 	 	 	 	 	 	 	 	 	 	 	 	 	 	 	 	 	 	 	 	 	 	 	 	 	 	 	 	 	 	 	 	 	 	 	 	 	 	 	 	 	 	 	 	 	3.1444e-11	2.6514e-12	1.5488e-10	1.3432e-11	1.8935e-10	2.1319e-11	7.0115e-11	2.4165e-11	6.9886e-10	3.2276e-10	1.4117e-10	4.1948e-09	8.7431e-10	8.2975e-09	2.0374e-09	5.7488e-09	1.3983e-09	1.9123e-08	5.2432e-09	2.7821e-08	3.6906e-09	5.1129e-08	1.4817e-08	3.4661e-07	3.9953e-07	9.5367e-07	1.7833e-07	2.2582e-07	2.7653e-07	3.5901e-06	2.3753e-07	1.8805e-07	1.3198e-07
11.2189	 	 	 	 	 	 	 	 	 	 	 	 	 	 	 	 	 	 	 	 	 	 	 	 	 	 	 	 	 	 	 	 	 	 	 	 	 	 	 	 	 	 	 	 	 	 	 	8.2507e-11	8.2938e-12	1.6279e-10	1.4427e-11	1.9371e-10	2.5419e-11	1.6791e-10	4.7862e-11	7.884e-10	3.2893e-10	1.4572e-10	5.1233e-09	9.6942e-10	8.9143e-09	2.0843e-09	6.0616e-09	1.7992e-09	2.1274e-08	5.5929e-09	2.9453e-08	3.8379e-09	5.972e-08	1.7189e-08	3.6705e-07	4.245e-07	9.9906e-07	1.8963e-07	2.4474e-07	2.8939e-07	3.7716e-06	2.4395e-07	1.8949e-07	1.3265e-07
11.3748	 	 	 	 	 	 	 	 	 	 	 	 	 	 	 	 	 	 	 	 	 	 	 	 	 	 	 	 	 	 	 	 	 	 	 	 	 	 	 	 	 	 	 	 	 	 	 	1.1376e-10	1.812e-11	1.7439e-10	1.514e-11	2.1609e-10	5.3869e-11	3.4306e-10	9.1994e-11	8.5115e-10	3.4167e-10	1.4855e-10	5.8291e-09	1.0446e-09	9.4321e-09	2.1514e-09	7.4522e-09	2.7398e-09	2.2967e-08	6.0168e-09	3.0805e-08	4.1643e-09	7.1239e-08	1.9349e-08	3.9248e-07	4.425e-07	1.0628e-06	1.9954e-07	2.6853e-07	3.0343e-07	3.888e-06	2.5062e-07	1.9242e-07	1.3303e-07
11.5329	 	 	 	 	 	 	 	 	 	 	 	 	 	 	 	 	 	 	 	 	 	 	 	 	 	 	 	 	 	 	 	 	 	 	 	 	 	 	 	 	 	 	 	 	 	 	 	1.3435e-10	2.3132e-11	1.861e-10	1.5454e-11	2.6319e-10	1.0535e-10	6.0733e-10	1.1735e-10	8.9899e-10	3.4968e-10	2.461e-10	6.4134e-09	1.1052e-09	9.696e-09	2.2589e-09	1.1072e-08	3.5374e-09	2.4551e-08	6.3737e-09	3.2018e-08	4.7269e-09	8.298e-08	2.0841e-08	4.12e-07	4.6335e-07	1.1229e-06	2.1403e-07	2.8517e-07	3.186e-07	3.9799e-06	2.6075e-07	1.9375e-07	1.332e-07
11.6932	 	 	 	 	 	 	 	 	 	 	 	 	 	 	 	 	 	 	 	 	 	 	 	 	 	 	 	 	 	 	 	 	 	 	 	 	 	 	 	 	 	 	 	 	 	 	 	1.4926e-10	2.6812e-11	1.9497e-10	1.5814e-11	6.5263e-10	2.0885e-10	7.3912e-10	1.3598e-10	9.7136e-10	4.3883e-10	4.4195e-10	6.7837e-09	1.1892e-09	9.9709e-09	2.7752e-09	1.5468e-08	4.0434e-09	2.635e-08	6.7516e-09	3.4791e-08	5.732e-09	9.2341e-08	2.2071e-08	4.3066e-07	4.9192e-07	1.1869e-06	2.3214e-07	2.9838e-07	3.282e-07	4.1333e-06	2.7107e-07	1.9549e-07	1.3326e-07
11.8557	 	 	 	 	 	 	 	 	 	 	 	 	 	 	 	 	 	 	 	 	 	 	 	 	 	 	 	 	 	 	 	 	 	 	 	 	 	 	 	 	 	 	 	 	 	 	 	1.5732e-10	2.9482e-11	1.9741e-10	1.6365e-11	1.3519e-09	2.7107e-10	8.4444e-10	1.4951e-10	1.0257e-09	7.182e-10	7.3484e-10	7.2567e-09	1.2595e-09	1.0353e-08	4.1117e-09	1.8369e-08	4.424e-09	2.7864e-08	7.0457e-09	3.9575e-08	6.6253e-09	9.913e-08	2.3581e-08	4.5266e-07	5.2034e-07	1.2861e-06	2.5372e-07	3.1305e-07	3.3599e-07	4.3031e-06	2.7643e-07	1.9631e-07	1.3329e-07
12.0204	 	 	 	 	 	 	 	 	 	 	 	 	 	 	 	 	 	 	 	 	 	 	 	 	 	 	 	 	 	 	 	 	 	 	 	 	 	 	 	 	 	 	 	 	 	 	5.275e-13	1.6793e-10	3.0949e-11	2.0321e-10	1.668e-11	2.2588e-09	3.1548e-10	9.1908e-10	1.5766e-10	1.0613e-09	1.3913e-09	8.8239e-10	7.7488e-09	1.3041e-09	1.2614e-08	5.7636e-09	2.0323e-08	4.7201e-09	2.9334e-08	7.331e-09	4.7929e-08	7.5212e-09	1.0485e-07	2.4775e-08	4.8121e-07	5.4738e-07	1.4102e-06	2.6602e-07	3.2748e-07	3.4895e-07	4.397e-06	2.8559e-07	1.966e-07	1.3322e-07
12.1875	 	 	 	 	 	 	 	 	 	 	 	 	 	 	 	 	 	 	 	 	 	 	 	 	 	 	 	 	 	 	 	 	 	 	 	 	 	 	 	 	 	 	 	 	 	 	1.646e-12	1.7961e-10	3.3237e-11	2.0938e-10	1.9451e-11	2.7353e-09	3.4791e-10	9.6882e-10	1.6913e-10	1.0812e-09	1.9176e-09	9.9873e-10	8.1723e-09	1.3337e-09	1.811e-08	6.8534e-09	2.1854e-08	5.076e-09	3.0553e-08	7.9992e-09	5.5429e-08	8.1166e-09	1.1212e-07	2.5881e-08	5.0625e-07	5.9408e-07	1.4975e-06	2.7847e-07	3.3561e-07	3.6316e-07	4.5322e-06	2.9931e-07	1.9627e-07	1.3249e-07
12.3569	 	 	 	 	 	 	 	 	 	 	 	 	 	 	 	 	 	 	 	 	 	 	 	 	 	 	 	 	 	 	 	 	 	 	 	 	 	 	 	 	 	 	 	 	 	 	3.5255e-12	1.882e-10	3.535e-11	2.1503e-10	3.1074e-11	3.0995e-09	3.669e-10	1.0439e-09	1.8042e-10	1.1221e-09	2.2464e-09	1.0952e-09	8.3273e-09	1.3882e-09	2.6054e-08	7.5875e-09	2.3409e-08	5.3785e-09	3.2435e-08	9.1827e-09	6.2772e-08	8.6055e-09	1.1735e-07	2.7166e-08	5.4202e-07	6.4981e-07	1.5661e-06	2.9289e-07	3.4509e-07	3.7087e-07	4.7387e-06	3.0817e-07	1.9677e-07	1.3169e-07
12.5286	 	 	 	 	 	 	 	 	 	 	 	 	 	 	 	 	 	 	 	 	 	 	 	 	 	 	 	 	 	 	 	 	 	 	 	 	 	 	 	 	 	 	 	 	 	1.1876e-12	4.4549e-12	1.9111e-10	3.688e-11	2.5749e-10	6.4907e-11	3.3549e-09	3.9292e-10	1.1073e-09	1.8836e-10	1.1473e-09	2.4881e-09	1.1563e-09	8.6162e-09	1.6358e-09	3.1315e-08	8.1619e-09	2.5047e-08	5.6919e-09	3.5399e-08	1.1071e-08	6.7685e-08	9.1751e-09	1.2264e-07	2.8883e-08	5.8717e-07	6.9381e-07	1.6421e-06	3.0341e-07	3.5886e-07	3.8224e-07	4.9078e-06	3.1375e-07	1.965e-07	1.3126e-07
12.7027	 	 	 	 	 	 	 	 	 	 	 	 	 	 	 	 	 	 	 	 	 	 	 	 	 	 	 	 	 	 	 	 	 	 	 	 	 	 	 	 	 	 	 	 	 	9.661e-12	5.1473e-12	1.9611e-10	3.7299e-11	5.0286e-10	1.3967e-10	3.5347e-09	4.1981e-10	1.1503e-09	1.9185e-10	1.4542e-09	2.6757e-09	1.2388e-09	9.2737e-09	2.2319e-09	3.4882e-08	8.7367e-09	2.6468e-08	5.9407e-09	4.2679e-08	1.2842e-08	7.1707e-08	9.6632e-09	1.2912e-07	3.0392e-08	6.419e-07	7.2526e-07	1.7174e-06	3.0971e-07	3.7196e-07	3.9973e-07	4.9964e-06	3.1998e-07	1.9617e-07	1.3114e-07
12.8792	 	 	 	 	 	 	 	 	 	 	 	 	 	 	 	 	 	 	 	 	 	 	 	 	 	 	 	 	 	 	 	 	 	 	 	 	 	 	 	 	 	 	 	 	 	2.9531e-11	5.6458e-12	2.0232e-10	3.8478e-11	9.5529e-10	2.0476e-10	3.8167e-09	4.3832e-10	1.171e-09	1.9783e-10	2.3712e-09	2.8293e-09	1.3203e-09	1.1447e-08	3.3127e-09	3.7677e-08	9.3498e-09	2.7802e-08	6.1644e-09	4.9773e-08	1.4406e-08	7.6476e-08	1.0082e-08	1.3706e-07	3.2463e-08	6.733e-07	7.6e-07	1.7594e-06	3.2043e-07	3.7935e-07	4.1356e-07	5.0897e-06	3.2817e-07	1.9479e-07	1.3088e-07
13.0582	 	 	 	 	 	 	 	 	 	 	 	 	 	 	 	 	 	 	 	 	 	 	 	 	 	 	 	 	 	 	 	 	 	 	 	 	 	 	 	 	 	 	 	 	 	4.9208e-11	5.9216e-12	2.0599e-10	3.9548e-11	2.0279e-09	2.4478e-10	4.0347e-09	4.4696e-10	1.2116e-09	2.0348e-10	4.5961e-09	3.0415e-09	1.3885e-09	1.7205e-08	4.0983e-09	4.0208e-08	9.8781e-09	2.8963e-08	6.721e-09	5.7933e-08	1.549e-08	8.046e-08	1.0558e-08	1.4392e-07	3.512e-08	7.0431e-07	7.958e-07	1.8079e-06	3.333e-07	3.9242e-07	4.2093e-07	5.2148e-06	3.3081e-07	1.936e-07	1.3049e-07
13.2397	 	 	 	 	 	 	 	 	 	 	 	 	 	 	 	 	 	 	 	 	 	 	 	 	 	 	 	 	 	 	 	 	 	 	 	 	 	 	 	 	 	 	 	 	 	6.0127e-11	6.3604e-12	2.4496e-10	4.1413e-11	2.7268e-09	2.7188e-10	4.1786e-09	4.6024e-10	1.2419e-09	2.0894e-10	6.2923e-09	3.217e-09	1.4124e-09	2.3536e-08	4.6087e-09	4.3132e-08	1.0376e-08	3.0848e-08	7.6833e-09	6.3416e-08	1.6382e-08	8.3946e-08	1.1226e-08	1.5463e-07	3.8431e-08	7.4026e-07	8.166e-07	1.8791e-06	3.4224e-07	4.1094e-07	4.2872e-07	5.2821e-06	3.3386e-07	1.9328e-07	1.2944e-07
13.4237	 	 	 	 	 	 	 	 	 	 	 	 	 	 	 	 	 	 	 	 	 	 	 	 	 	 	 	 	 	 	 	 	 	 	 	 	 	 	 	 	 	 	 	 	1.1352e-13	6.7507e-11	6.7543e-12	4.4189e-10	4.9328e-11	3.1988e-09	2.905e-10	4.2504e-09	4.7377e-10	1.4025e-09	3.6171e-10	7.3562e-09	3.3246e-09	1.4633e-09	2.7679e-08	5.0093e-09	4.5562e-08	1.0805e-08	3.4004e-08	9.2725e-09	6.7671e-08	1.749e-08	8.7929e-08	1.1822e-08	1.6775e-07	4.0363e-08	7.6709e-07	8.3723e-07	1.9471e-06	3.5106e-07	4.2172e-07	4.3923e-07	5.3264e-06	3.3788e-07	1.9281e-07	1.2806e-07
13.6103	 	 	 	 	 	 	 	 	 	 	 	 	 	 	 	 	 	 	 	 	 	 	 	 	 	 	 	 	 	 	 	 	 	 	 	 	 	 	 	 	 	 	 	 	4.3348e-13	7.2529e-11	7.0333e-12	8.4989e-10	1.0388e-10	3.5331e-09	3.0806e-10	4.4056e-09	4.8218e-10	2.3793e-09	6.6693e-10	8.1407e-09	3.3989e-09	1.5976e-09	3.0431e-08	5.3367e-09	4.7948e-08	1.1499e-08	4.1068e-08	1.0736e-08	7.1682e-08	1.834e-08	9.3459e-08	1.2564e-08	1.8272e-07	4.22e-08	7.8261e-07	8.697e-07	1.9847e-06	3.6522e-07	4.2901e-07	4.4449e-07	5.3839e-06	3.4104e-07	1.9237e-07	1.2735e-07
13.7994	 	 	 	 	 	 	 	 	 	 	 	 	 	 	 	 	 	 	 	 	 	 	 	 	 	 	 	 	 	 	 	 	 	 	 	 	 	 	 	 	 	 	 	 	1.3156e-12	7.6401e-11	7.1075e-12	1.856e-09	2.0275e-10	3.7386e-09	3.3173e-10	4.5058e-09	8.2103e-10	4.5395e-09	1.0481e-09	8.7395e-09	3.5339e-09	1.9775e-09	3.2587e-08	5.7283e-09	4.9898e-08	1.2651e-08	4.7701e-08	1.2078e-08	7.6299e-08	1.9142e-08	9.8365e-08	1.3555e-08	1.9094e-07	4.4328e-08	8.0871e-07	9.0303e-07	2.0518e-06	3.8058e-07	4.3749e-07	4.4814e-07	5.4451e-06	3.4271e-07	1.9131e-07	1.2683e-07
13.9912	 	 	 	 	 	 	 	 	 	 	 	 	 	 	 	 	 	 	 	 	 	 	 	 	 	 	 	 	 	 	 	 	 	 	 	 	 	 	 	 	 	 	 	6.7834e-13	1.9671e-12	8.2265e-11	7.333e-12	2.5823e-09	4.0288e-10	3.9885e-09	3.4766e-10	5.4715e-09	1.4952e-09	6.6055e-09	1.2456e-09	9.2382e-09	4.1785e-09	2.9953e-09	3.495e-08	6.0499e-09	5.2803e-08	1.527e-08	5.5239e-08	1.299e-08	7.9403e-08	2.0085e-08	1.0464e-07	1.4872e-08	1.9969e-07	4.5991e-08	8.4067e-07	9.197e-07	2.1476e-06	3.8798e-07	4.4804e-07	4.5295e-07	5.4623e-06	3.4762e-07	1.8956e-07	1.2579e-07
14.1856	 	 	 	 	 	 	 	 	 	 	 	 	 	 	 	 	 	 	 	 	 	 	 	 	 	 	 	 	 	 	 	 	 	 	 	 	 	 	 	 	 	 	 	2.9254e-12	2.3616e-12	8.6548e-11	7.5269e-12	3.0512e-09	5.2295e-10	4.2721e-09	3.5724e-10	9.0305e-09	2.4126e-09	7.7902e-09	1.3975e-09	9.9237e-09	5.7403e-09	4.0409e-09	3.7254e-08	6.39e-09	5.7407e-08	1.7742e-08	6.0083e-08	1.3735e-08	8.2965e-08	2.1323e-08	1.1294e-07	1.5671e-08	2.0981e-07	4.6912e-08	8.6333e-07	9.482e-07	2.2032e-06	3.9447e-07	4.5073e-07	4.5783e-07	5.5425e-06	3.4923e-07	1.8754e-07	1.2428e-07
14.3828	 	 	 	 	 	 	 	 	 	 	 	 	 	 	 	 	 	 	 	 	 	 	 	 	 	 	 	 	 	 	 	 	 	 	 	 	 	 	 	 	 	 	 	8.89e-12	2.6284e-12	8.8938e-11	7.9255e-12	3.3759e-09	6.079e-10	4.4588e-09	3.6504e-10	1.7425e-08	2.8736e-09	8.6598e-09	1.5235e-09	1.0485e-08	8.4872e-09	4.7137e-09	3.9321e-08	6.6493e-09	6.8989e-08	2.0556e-08	6.394e-08	1.4649e-08	8.7714e-08	2.2403e-08	1.2378e-07	1.6377e-08	2.1656e-07	4.8409e-08	8.8453e-07	9.9234e-07	2.2401e-06	4.0304e-07	4.5465e-07	4.5913e-07	5.5651e-06	3.5194e-07	1.8677e-07	1.2282e-07
14.5826	 	 	 	 	 	 	 	 	 	 	 	 	 	 	 	 	 	 	 	 	 	 	 	 	 	 	 	 	 	 	 	 	 	 	 	 	 	 	 	 	 	 	 	1.3612e-11	2.7915e-12	9.0214e-11	9.4199e-12	3.5844e-09	6.6939e-10	4.5541e-09	3.7769e-10	2.4368e-08	3.2342e-09	9.3656e-09	1.6032e-09	1.0819e-08	1.0426e-08	5.1691e-09	4.1181e-08	6.9647e-09	8.0485e-08	2.2372e-08	6.7759e-08	1.5368e-08	9.2749e-08	2.3942e-08	1.3026e-07	1.7177e-08	2.2074e-07	5.0302e-08	9.1924e-07	1.021e-06	2.2832e-06	4.1002e-07	4.6001e-07	4.6589e-07	5.6147e-06	3.5279e-07	1.8558e-07	1.2182e-07
14.7853	 	 	 	 	 	 	 	 	 	 	 	 	 	 	 	 	 	 	 	 	 	 	 	 	 	 	 	 	 	 	 	 	 	 	 	 	 	 	 	 	 	 	 	1.6416e-11	2.9579e-12	9.3412e-11	2.0288e-11	3.8124e-09	7.0486e-10	4.6746e-09	3.844e-10	2.8598e-08	3.532e-09	9.8696e-09	1.7211e-09	1.1059e-08	1.1695e-08	5.5247e-09	4.2797e-08	7.5788e-09	9.3744e-08	2.3811e-08	7.1857e-08	1.6026e-08	9.7343e-08	2.5894e-08	1.3609e-07	1.7871e-08	2.2847e-07	5.1707e-08	9.5783e-07	1.0379e-06	2.3373e-06	4.1264e-07	4.6352e-07	4.6754e-07	5.6288e-06	3.5265e-07	1.8391e-07	1.211e-07
14.9908	 	 	 	 	 	 	 	 	 	 	 	 	 	 	 	 	 	 	 	 	 	 	 	 	 	 	 	 	 	 	 	 	 	 	 	 	 	 	 	 	 	 	 	1.8281e-11	3.1736e-12	9.5264e-11	3.9897e-11	4.0922e-09	7.5366e-10	4.8168e-09	5.5363e-10	3.1638e-08	3.7191e-09	1.0599e-08	1.828e-09	1.1487e-08	1.2686e-08	5.9264e-09	4.5828e-08	8.8716e-09	1.0273e-07	2.5223e-08	7.4724e-08	1.6791e-08	1.052e-07	2.8274e-08	1.4275e-07	1.8236e-08	2.3735e-07	5.2903e-08	9.7612e-07	1.0567e-06	2.3501e-06	4.1615e-07	4.661e-07	4.7166e-07	5.6302e-06	3.5149e-07	1.814e-07	1.1993e-07
15.1991	 	 	 	 	 	 	 	 	 	 	 	 	 	 	 	 	 	 	 	 	 	 	 	 	 	 	 	 	 	 	 	 	 	 	 	 	 	 	 	 	 	 	1.9423e-13	1.9458e-11	3.3229e-12	1.0663e-10	7.7718e-11	4.2733e-09	8.0393e-10	4.8976e-09	9.1601e-10	3.4041e-08	3.9859e-09	1.1223e-08	1.9117e-09	1.3627e-08	1.3505e-08	6.3013e-09	5.1046e-08	1.052e-08	1.0957e-07	2.6754e-08	7.8051e-08	1.7823e-08	1.1457e-07	2.9621e-08	1.4837e-07	1.877e-08	2.4285e-07	5.4916e-08	9.9181e-07	1.0822e-06	2.3693e-06	4.2133e-07	4.7183e-07	4.7268e-07	5.6211e-06	3.5162e-07	1.7916e-07	1.1899e-07
15.4103	 	 	 	 	 	 	 	 	 	 	 	 	 	 	 	 	 	 	 	 	 	 	 	 	 	 	 	 	 	 	 	 	 	 	 	 	 	 	 	 	 	 	7.1353e-13	2.0579e-11	3.3883e-12	1.3012e-10	9.9716e-11	4.3727e-09	8.3802e-10	7.9414e-09	1.6995e-09	3.591e-08	4.2362e-09	1.1649e-08	1.9392e-09	1.8833e-08	1.4479e-08	6.6464e-09	6.1738e-08	1.2239e-08	1.159e-07	2.7814e-08	8.2643e-08	1.8722e-08	1.2285e-07	3.0939e-08	1.5129e-07	1.9489e-08	2.4924e-07	5.7257e-08	1.0126e-06	1.0897e-06	2.396e-06	4.2297e-07	4.74e-07	4.7263e-07	5.6119e-06	3.5046e-07	1.7827e-07	1.1776e-07
15.6245	 	 	 	 	 	 	 	 	 	 	 	 	 	 	 	 	 	 	 	 	 	 	 	 	 	 	 	 	 	 	 	 	 	 	 	 	 	 	 	 	 	6.2949e-13	2.1632e-12	2.2098e-11	3.454e-12	3.2614e-10	1.1549e-10	4.4775e-09	8.5305e-10	1.4102e-08	2.1724e-09	3.8544e-08	4.4386e-09	1.1849e-08	2.013e-09	2.7754e-08	1.5277e-08	6.9474e-09	7.1369e-08	1.3551e-08	1.2335e-07	2.9044e-08	8.7216e-08	1.9963e-08	1.2819e-07	3.2469e-08	1.5577e-07	2.0081e-08	2.5932e-07	5.8358e-08	1.0299e-06	1.098e-06	2.4131e-06	4.2726e-07	4.7675e-07	4.7159e-07	5.5975e-06	3.4929e-07	1.7669e-07	1.1644e-07
15.8416	 	 	 	 	 	 	 	 	 	 	 	 	 	 	 	 	 	 	 	 	 	 	 	 	 	 	 	 	 	 	 	 	 	 	 	 	 	 	 	 	 	2.0775e-12	3.2017e-12	2.3138e-11	3.5678e-12	6.7806e-10	1.2683e-10	4.6196e-09	8.7706e-10	2.372e-08	2.4965e-09	4.0728e-08	4.5023e-09	1.2313e-08	2.2491e-09	3.3886e-08	1.6107e-08	7.21e-09	8.1999e-08	1.45e-08	1.2823e-07	3.0736e-08	9.1523e-08	2.1561e-08	1.3403e-07	3.36e-08	1.6171e-07	2.049e-08	2.6941e-07	5.9273e-08	1.0357e-06	1.1094e-06	2.4251e-06	4.3013e-07	4.7744e-07	4.7086e-07	5.5802e-06	3.4621e-07	1.7484e-07	1.1507e-07
16.0618	 	 	 	 	 	 	 	 	 	 	 	 	 	 	 	 	 	 	 	 	 	 	 	 	 	 	 	 	 	 	 	 	 	 	 	 	 	 	 	 	 	6.2877e-12	3.8318e-12	2.3622e-11	3.6272e-12	1.1061e-09	1.3341e-10	4.6949e-09	9.0125e-10	2.8645e-08	2.7537e-09	4.2079e-08	4.6661e-09	1.4205e-08	2.7956e-09	3.7934e-08	1.6744e-08	7.7495e-09	8.8613e-08	1.5303e-08	1.3382e-07	3.2435e-08	9.9075e-08	2.3554e-08	1.4025e-07	3.4228e-08	1.6644e-07	2.1215e-08	2.7396e-07	6.0477e-08	1.0437e-06	1.1183e-06	2.4538e-06	4.3298e-07	4.7685e-07	4.6945e-07	5.5337e-06	3.4341e-07	1.736e-07	1.1366e-07
16.285	 	 	 	 	 	 	 	 	 	 	 	 	 	 	 	 	 	 	 	 	 	 	 	 	 	 	 	 	 	 	 	 	 	 	 	 	 	 	 	 	 	9.0658e-12	4.2583e-12	2.4042e-11	4.1946e-12	1.3337e-09	1.4268e-10	7.2708e-09	9.1654e-10	3.2411e-08	2.9191e-09	4.291e-08	5.1609e-09	1.8729e-08	4.304e-09	4.1079e-08	1.7553e-08	8.6937e-09	9.4021e-08	1.6317e-08	1.4123e-07	3.4028e-08	1.081e-07	2.4693e-08	1.4392e-07	3.5315e-08	1.6989e-07	2.2155e-08	2.7827e-07	6.1533e-08	1.0561e-06	1.1217e-06	2.4637e-06	4.3408e-07	4.7464e-07	4.6787e-07	5.4869e-06	3.4207e-07	1.7147e-07	1.1258e-07
16.5113	 	 	 	 	 	 	 	 	 	 	 	 	 	 	 	 	 	 	 	 	 	 	 	 	 	 	 	 	 	 	 	 	 	 	 	 	 	 	 	 	 	1.0787e-11	4.5123e-12	2.4844e-11	6.452e-12	1.5025e-09	1.519e-10	1.2585e-08	1.5638e-09	3.5492e-08	3.0972e-09	4.4549e-08	6.4e-09	2.8127e-08	5.6529e-09	4.3707e-08	1.9078e-08	1.0526e-08	9.9681e-08	1.7016e-08	1.4923e-07	3.6814e-08	1.1515e-07	2.5772e-08	1.47e-07	3.6655e-08	1.7595e-07	2.2607e-08	2.8407e-07	6.1844e-08	1.0597e-06	1.1363e-06	2.4768e-06	4.3419e-07	4.7471e-07	4.6377e-07	5.4571e-06	3.4063e-07	1.6939e-07	1.1123e-07
16.7408	 	 	 	 	 	 	 	 	 	 	 	 	 	 	 	 	 	 	 	 	 	 	 	 	 	 	 	 	 	 	 	 	 	 	 	 	 	 	 	 	2.4944e-13	1.1971e-11	4.7794e-12	2.5251e-11	1.3788e-11	1.6182e-09	1.5818e-10	2.1922e-08	2.8523e-09	3.7395e-08	3.3102e-09	5.2321e-08	9.7641e-09	3.5562e-08	6.4985e-09	4.6819e-08	2.2427e-08	1.213e-08	1.0523e-07	1.7741e-08	1.5637e-07	4.0145e-08	1.2008e-07	2.7025e-08	1.523e-07	3.7585e-08	1.8361e-07	2.2951e-08	2.882e-07	6.229e-08	1.0695e-06	1.1396e-06	2.4791e-06	4.334e-07	4.7279e-07	4.5976e-07	5.437e-06	3.3918e-07	1.6739e-07	1.0983e-07
16.9735	 	 	 	 	 	 	 	 	 	 	 	 	 	 	 	 	 	 	 	 	 	 	 	 	 	 	 	 	 	 	 	 	 	 	 	 	 	 	 	 	7.9435e-13	1.2644e-11	5.1187e-12	2.8985e-11	2.9511e-11	1.7025e-09	1.6074e-10	2.7032e-08	4.5701e-09	3.9929e-08	3.4892e-09	7.1189e-08	1.2977e-08	4.0171e-08	7.0981e-09	4.9359e-08	2.6464e-08	1.3836e-08	1.0934e-07	1.8647e-08	1.6874e-07	4.2785e-08	1.2551e-07	2.7983e-08	1.5797e-07	3.845e-08	1.8721e-07	2.3388e-08	2.8976e-07	6.3008e-08	1.0763e-06	1.1469e-06	2.4747e-06	4.3172e-07	4.7059e-07	4.5724e-07	5.4125e-06	3.3674e-07	1.654e-07	1.0854e-07
17.2093	 	 	 	 	 	 	 	 	 	 	 	 	 	 	 	 	 	 	 	 	 	 	 	 	 	 	 	 	 	 	 	 	 	 	 	 	 	 	 	9.364e-15	1.9599e-12	1.3413e-11	5.3525e-12	4.2479e-11	4.3708e-11	1.8336e-09	1.6527e-10	3.0751e-08	5.4323e-09	4.2465e-08	3.5629e-09	1.0548e-07	1.4992e-08	4.3728e-08	7.5594e-09	5.1967e-08	3.0782e-08	1.4916e-08	1.141e-07	1.9735e-08	1.8348e-07	4.4603e-08	1.3109e-07	2.8491e-08	1.6074e-07	3.99e-08	1.9e-07	2.3829e-08	2.9198e-07	6.3226e-08	1.0826e-06	1.1478e-06	2.4619e-06	4.3091e-07	4.6595e-07	4.5538e-07	5.3803e-06	3.3302e-07	1.6369e-07	1.0727e-07
17.4485	 	 	 	 	 	 	 	 	 	 	 	 	 	 	 	 	 	 	 	 	 	 	 	 	 	 	 	 	 	 	 	 	 	 	 	 	 	 	 	1.6919e-12	2.5914e-12	1.4132e-11	5.3678e-12	9.2499e-11	5.1466e-11	1.9024e-09	1.6711e-10	3.3285e-08	6.0109e-09	4.3928e-08	3.6058e-09	1.283e-07	1.6151e-08	4.5783e-08	7.9891e-09	5.3201e-08	3.3482e-08	1.5564e-08	1.1917e-07	2.0358e-08	1.9396e-07	4.5935e-08	1.3223e-07	2.8929e-08	1.6284e-07	4.0908e-08	1.9082e-07	2.3581e-08	2.9081e-07	6.2822e-08	1.069e-06	1.129e-06	2.4254e-06	4.2297e-07	4.5515e-07	4.4667e-07	5.2454e-06	3.2403e-07	1.5903e-07	1.0448e-07
17.691	 	 	 	 	 	 	 	 	 	 	 	 	 	 	 	 	 	 	 	 	 	 	 	 	 	 	 	 	 	 	 	 	 	 	 	 	 	 	 	5.1195e-12	2.9861e-12	1.4547e-11	5.3877e-12	1.9387e-10	5.6229e-11	1.9326e-09	1.6845e-10	3.4578e-08	6.4519e-09	4.3908e-08	3.6817e-09	1.4174e-07	1.6953e-08	4.8318e-08	8.3231e-09	5.4984e-08	3.5228e-08	1.6269e-08	1.2356e-07	2.1534e-08	1.9913e-07	4.7253e-08	1.3321e-07	2.9558e-08	1.6739e-07	4.0998e-08	1.9134e-07	2.3385e-08	2.8699e-07	6.229e-08	1.0527e-06	1.1068e-06	2.3781e-06	4.1347e-07	4.4656e-07	4.3715e-07	5.0977e-06	3.1719e-07	1.5488e-07	1.0162e-07
17.9369	 	 	 	 	 	 	 	 	 	 	 	 	 	 	 	 	 	 	 	 	 	 	 	 	 	 	 	 	 	 	 	 	 	 	 	 	 	 	 	9.0659e-12	3.2505e-12	1.455e-11	5.4733e-12	2.8808e-10	5.909e-11	1.9324e-09	2.8645e-10	3.6264e-08	6.68e-09	4.4677e-08	4.4533e-09	1.5135e-07	1.7901e-08	5.0182e-08	8.6444e-09	5.8816e-08	3.6606e-08	1.6868e-08	1.2818e-07	2.2981e-08	2.0486e-07	4.7641e-08	1.3599e-07	2.9869e-08	1.6978e-07	4.0975e-08	1.8924e-07	2.3285e-08	2.856e-07	6.1685e-08	1.0345e-06	1.089e-06	2.3307e-06	4.0328e-07	4.3759e-07	4.2588e-07	4.9844e-06	3.0993e-07	1.505e-07	9.8895e-08
18.1861	 	 	 	 	 	 	 	 	 	 	 	 	 	 	 	 	 	 	 	 	 	 	 	 	 	 	 	 	 	 	 	 	 	 	 	 	 	 	 	1.0961e-11	3.3525e-12	1.4627e-11	5.4758e-12	3.3959e-10	6.1549e-11	1.9693e-09	5.1952e-10	3.8039e-08	7.0459e-09	4.7797e-08	6.4226e-09	1.5847e-07	1.8675e-08	5.2191e-08	8.8707e-09	6.8382e-08	3.8403e-08	1.7272e-08	1.3633e-07	2.4522e-08	2.1102e-07	4.7986e-08	1.3876e-07	3.0064e-08	1.6974e-07	4.1155e-08	1.8765e-07	2.3033e-08	2.8253e-07	6.0884e-08	1.0145e-06	1.0677e-06	2.2725e-06	3.9403e-07	4.29e-07	4.1388e-07	4.8764e-06	3.0205e-07	1.4661e-07	9.6156e-08
18.4389	 	 	 	 	 	 	 	 	 	 	 	 	 	 	 	 	 	 	 	 	 	 	 	 	 	 	 	 	 	 	 	 	 	 	 	 	 	 	 	1.2203e-11	3.521e-12	1.4844e-11	6.2634e-12	3.7213e-10	6.5155e-11	1.9771e-09	8.0265e-10	3.9428e-08	7.3649e-09	5.8142e-08	8.9069e-09	1.6718e-07	1.9388e-08	5.3409e-08	9.0468e-09	7.9186e-08	3.9388e-08	1.776e-08	1.4677e-07	2.518e-08	2.1322e-07	4.8983e-08	1.3889e-07	3.0707e-08	1.6988e-07	4.1176e-08	1.8688e-07	2.2838e-08	2.8003e-07	5.9964e-08	9.9732e-07	1.047e-06	2.2184e-06	3.8683e-07	4.1908e-07	4.0481e-07	4.7532e-06	2.9299e-07	1.4271e-07	9.332e-08
18.6951	 	 	 	 	 	 	 	 	 	 	 	 	 	 	 	 	 	 	 	 	 	 	 	 	 	 	 	 	 	 	 	 	 	 	 	 	 	 	 	1.2967e-11	3.6897e-12	1.4849e-11	9.8087e-12	3.9177e-10	6.715e-11	2.4663e-09	9.3778e-10	3.9464e-08	7.5865e-09	8.6527e-08	1.043e-08	1.7356e-07	1.9912e-08	5.4742e-08	9.6523e-09	9.077e-08	4.0438e-08	1.8546e-08	1.5296e-07	2.5891e-08	2.1431e-07	4.9987e-08	1.4081e-07	3.1485e-08	1.7107e-07	4.0748e-08	1.848e-07	2.2679e-08	2.7621e-07	5.893e-08	9.7827e-07	1.0211e-06	2.1766e-06	3.7909e-07	4.0805e-07	3.9596e-07	4.6141e-06	2.8461e-07	1.3877e-07	9.0496e-08
18.9549	 	 	 	 	 	 	 	 	 	 	 	 	 	 	 	 	 	 	 	 	 	 	 	 	 	 	 	 	 	 	 	 	 	 	 	 	 	 	 	1.3377e-11	3.7943e-12	1.7141e-11	2.0177e-11	4.0767e-10	6.7853e-11	3.9524e-09	1.0342e-09	4.0066e-08	7.571e-09	1.1499e-07	1.1357e-08	1.8015e-07	2.0318e-08	5.8625e-08	1.0789e-08	9.8488e-08	4.1891e-08	1.9209e-08	1.5707e-07	2.6723e-08	2.1858e-07	5.004e-08	1.4489e-07	3.1567e-08	1.6982e-07	4.0415e-08	1.8332e-07	2.2447e-08	2.7185e-07	5.7786e-08	9.5646e-07	9.968e-07	2.1329e-06	3.716e-07	3.9693e-07	3.8595e-07	4.4832e-06	2.7852e-07	1.35e-07	8.8033e-08
19.2184	 	 	 	 	 	 	 	 	 	 	 	 	 	 	 	 	 	 	 	 	 	 	 	 	 	 	 	 	 	 	 	 	 	 	 	 	 	 	1.3747e-12	1.4177e-11	3.7727e-12	2.8426e-11	4.2728e-11	4.3173e-10	6.8154e-11	7.5401e-09	1.1083e-09	4.2151e-08	7.7273e-09	1.32e-07	1.2009e-08	1.8431e-07	2.1614e-08	6.6667e-08	1.2825e-08	1.0356e-07	4.3648e-08	2.0003e-08	1.6177e-07	2.7088e-08	2.2328e-07	5.0722e-08	1.465e-07	3.155e-08	1.683e-07	4.025e-08	1.8196e-07	2.2171e-08	2.6713e-07	5.682e-08	9.3286e-07	9.7726e-07	2.0911e-06	3.6224e-07	3.8874e-07	3.7458e-07	4.3756e-06	2.7166e-07	1.3126e-07	8.5521e-08
19.4854	 	 	 	 	 	 	 	 	 	 	 	 	 	 	 	 	 	 	 	 	 	 	 	 	 	 	 	 	 	 	 	 	 	 	 	 	 	 	4.3621e-12	1.4702e-11	3.8108e-12	5.6249e-11	6.1449e-11	4.4548e-10	6.9344e-11	1.0114e-08	1.1466e-09	5.1092e-08	8.4561e-09	1.4238e-07	1.2619e-08	1.9005e-07	2.4062e-08	7.851e-08	1.4575e-08	1.0766e-07	4.4975e-08	2.124e-08	1.6609e-07	2.717e-08	2.2379e-07	5.2192e-08	1.4646e-07	3.1685e-08	1.6727e-07	3.9752e-08	1.8013e-07	2.1841e-08	2.6212e-07	5.5733e-08	9.1137e-07	9.5796e-07	2.0427e-06	3.5236e-07	3.796e-07	3.6396e-07	4.2748e-06	2.6452e-07	1.2729e-07	8.299e-08
19.7562	 	 	 	 	 	 	 	 	 	 	 	 	 	 	 	 	 	 	 	 	 	 	 	 	 	 	 	 	 	 	 	 	 	 	 	 	 	 	1.1258e-11	1.4908e-11	3.8553e-12	1.1997e-10	7.2136e-11	4.5062e-10	6.9411e-11	1.161e-08	1.2111e-09	7.5354e-08	1.0338e-08	1.4967e-07	1.3272e-08	2.0338e-07	2.8657e-08	8.9651e-08	1.6186e-08	1.1292e-07	4.7662e-08	2.2892e-08	1.6707e-07	2.767e-08	2.2655e-07	5.2789e-08	1.4669e-07	3.172e-08	1.6606e-07	3.9507e-08	1.7788e-07	2.1466e-08	2.5749e-07	5.4508e-08	8.9479e-07	9.3913e-07	1.9889e-06	3.4357e-07	3.6981e-07	3.5538e-07	4.1634e-06	2.5847e-07	1.2342e-07	8.0447e-08
20.0308	 	 	 	 	 	 	 	 	 	 	 	 	 	 	 	 	 	 	 	 	 	 	 	 	 	 	 	 	 	 	 	 	 	 	 	 	 	 	1.5215e-11	1.4828e-11	3.8849e-12	1.685e-10	7.8717e-11	4.5225e-10	9.8222e-11	1.2627e-08	1.265e-09	1.0165e-07	1.5617e-08	1.5794e-07	1.3776e-08	2.3505e-07	3.2524e-08	9.8247e-08	1.7132e-08	1.1573e-07	5.0918e-08	2.3773e-08	1.6873e-07	2.8275e-08	2.3284e-07	5.2775e-08	1.4776e-07	3.1386e-08	1.6376e-07	3.9139e-08	1.7522e-07	2.1041e-08	2.5261e-07	5.316e-08	8.769e-07	9.1805e-07	1.9348e-06	3.3664e-07	3.5875e-07	3.4711e-07	4.0644e-06	2.5128e-07	1.2023e-07	7.8139e-08
20.3092	 	 	 	 	 	 	 	 	 	 	 	 	 	 	 	 	 	 	 	 	 	 	 	 	 	 	 	 	 	 	 	 	 	 	 	 	 	 	1.7626e-11	1.5107e-11	4.5715e-12	1.9684e-10	8.2599e-11	4.603e-10	1.6012e-10	1.3312e-08	1.3005e-09	1.1764e-07	2.03e-08	1.652e-07	1.4221e-08	2.7349e-07	3.6255e-08	1.0362e-07	1.7819e-08	1.1884e-07	5.4192e-08	2.4425e-08	1.7231e-07	2.84e-08	2.3629e-07	5.2854e-08	1.463e-07	3.1127e-08	1.6347e-07	3.8774e-08	1.7221e-07	2.0701e-08	2.4676e-07	5.1919e-08	8.5962e-07	8.941e-07	1.8949e-06	3.2819e-07	3.4864e-07	3.3805e-07	3.9553e-06	2.4437e-07	1.1663e-07	7.5847e-08
20.5914	 	 	 	 	 	 	 	 	 	 	 	 	 	 	 	 	 	 	 	 	 	 	 	 	 	 	 	 	 	 	 	 	 	 	 	 	 	3.7009e-13	1.9219e-11	1.5177e-11	8.8016e-12	2.145e-10	8.6139e-11	4.6098e-10	2.9249e-10	1.384e-08	1.2977e-09	1.2719e-07	2.3026e-08	1.7144e-07	1.4552e-08	3.133e-07	3.8416e-08	1.0761e-07	1.8679e-08	1.2321e-07	5.5646e-08	2.518e-08	1.753e-07	2.8721e-08	2.3625e-07	5.3245e-08	1.4505e-07	3.1003e-08	1.6132e-07	3.8262e-08	1.6883e-07	2.0304e-08	2.4073e-07	5.0992e-08	8.3803e-07	8.6941e-07	1.8504e-06	3.1911e-07	3.4131e-07	3.3007e-07	3.8479e-06	2.3774e-07	1.1322e-07	7.3503e-08
20.8776	 	 	 	 	 	 	 	 	 	 	 	 	 	 	 	 	 	 	 	 	 	 	 	 	 	 	 	 	 	 	 	 	 	 	 	 	 	1.127e-12	1.9867e-11	1.6462e-11	1.6521e-11	2.2453e-10	9.1158e-11	6.3863e-10	3.6771e-10	1.4615e-08	1.3263e-09	1.3391e-07	2.4778e-08	1.7632e-07	1.5218e-08	3.4077e-07	3.999e-08	1.1299e-07	1.929e-08	1.2833e-07	5.7231e-08	2.5799e-08	1.7566e-07	2.9442e-08	2.3645e-07	5.2728e-08	1.4425e-07	3.063e-08	1.6e-07	3.7675e-08	1.6607e-07	1.9874e-08	2.3543e-07	4.9961e-08	8.1523e-07	8.5113e-07	1.8026e-06	3.0983e-07	3.3276e-07	3.2115e-07	3.742e-06	2.3129e-07	1.0977e-07	7.1166e-08
21.1677	 	 	 	 	 	 	 	 	 	 	 	 	 	 	 	 	 	 	 	 	 	 	 	 	 	 	 	 	 	 	 	 	 	 	 	 	1.3644e-12	2.1147e-12	2.0836e-11	1.9579e-11	3.4331e-11	2.3454e-10	9.385e-11	1.0269e-09	4.1579e-10	1.518e-08	1.4656e-09	1.412e-07	2.5998e-08	1.8006e-07	1.6459e-08	3.5863e-07	4.1886e-08	1.1619e-07	1.9781e-08	1.3226e-07	5.9041e-08	2.5915e-08	1.7864e-07	3.003e-08	2.3811e-07	5.2277e-08	1.4305e-07	3.0429e-08	1.5768e-07	3.7025e-08	1.6289e-07	1.9379e-08	2.3105e-07	4.8983e-08	7.948e-07	8.3166e-07	1.7487e-06	3.0171e-07	3.2405e-07	3.1243e-07	3.6386e-06	2.2544e-07	1.0665e-07	6.8983e-08
21.4619	 	 	 	 	 	 	 	 	 	 	 	 	 	 	 	 	 	 	 	 	 	 	 	 	 	 	 	 	 	 	 	 	 	 	 	 	5.6073e-12	2.5695e-12	2.1866e-11	4.7018e-11	4.5197e-11	2.48e-10	9.4736e-11	1.9123e-09	4.5146e-10	1.5382e-08	1.8117e-09	1.4798e-07	2.7465e-08	1.9066e-07	1.9542e-08	3.7273e-07	4.331e-08	1.1925e-07	2.0373e-08	1.4032e-07	5.9799e-08	2.6217e-08	1.838e-07	3.0038e-08	2.3644e-07	5.1986e-08	1.4133e-07	3.0159e-08	1.5507e-07	3.6318e-08	1.5939e-07	1.8917e-08	2.2646e-07	4.7761e-08	7.7884e-07	8.1052e-07	1.6995e-06	2.9526e-07	3.1656e-07	3.0385e-07	3.547e-06	2.1889e-07	1.0342e-07	6.6888e-08
21.7602	 	 	 	 	 	 	 	 	 	 	 	 	 	 	 	 	 	 	 	 	 	 	 	 	 	 	 	 	 	 	 	 	 	 	 	 	1.6789e-11	2.8787e-12	2.2495e-11	9.541e-11	5.2053e-11	2.5494e-10	9.5251e-11	2.4282e-09	4.7088e-10	1.548e-08	2.738e-09	1.5359e-07	2.8624e-08	2.1091e-07	2.2333e-08	3.911e-07	4.4397e-08	1.2328e-07	2.1282e-08	1.5004e-07	6.002e-08	2.6781e-08	1.8515e-07	3.0043e-08	2.3434e-07	5.1559e-08	1.4086e-07	2.9875e-08	1.5208e-07	3.5698e-08	1.5543e-07	1.8585e-08	2.2189e-07	4.647e-08	7.5931e-07	7.8624e-07	1.6638e-06	2.8763e-07	3.0777e-07	2.9548e-07	3.4477e-06	2.1317e-07	1.0026e-07	6.4699e-08
22.0626	 	 	 	 	 	 	 	 	 	 	 	 	 	 	 	 	 	 	 	 	 	 	 	 	 	 	 	 	 	 	 	 	 	 	 	 	2.5044e-11	3.0724e-12	2.2404e-11	1.6e-10	5.6491e-11	2.5696e-10	9.689e-11	2.7528e-09	4.9213e-10	1.5805e-08	3.5167e-09	1.5817e-07	2.9732e-08	2.516e-07	2.5443e-08	4.0119e-07	4.57e-08	1.2857e-07	2.2005e-08	1.5933e-07	6.1152e-08	2.7182e-08	1.8509e-07	3.0216e-08	2.329e-07	5.0931e-08	1.3915e-07	2.9484e-08	1.4959e-07	3.5019e-08	1.5173e-07	1.8205e-08	2.1625e-07	4.5286e-08	7.3836e-07	7.6377e-07	1.6222e-06	2.8048e-07	2.993e-07	2.8804e-07	3.3538e-06	2.0716e-07	9.6989e-08	6.2665e-08
22.3692	 	 	 	 	 	 	 	 	 	 	 	 	 	 	 	 	 	 	 	 	 	 	 	 	 	 	 	 	 	 	 	 	 	 	 	9.0349e-13	2.9644e-11	3.1627e-12	2.2605e-11	1.9067e-10	5.8703e-11	2.5869e-10	9.6935e-11	2.99e-09	5.1774e-10	1.8594e-08	3.9678e-09	1.6166e-07	3.0519e-08	2.8544e-07	2.7221e-08	4.1195e-07	4.7744e-08	1.3267e-07	2.3067e-08	1.6361e-07	6.2494e-08	2.7274e-08	1.8558e-07	3.0127e-08	2.3125e-07	5.0771e-08	1.3782e-07	2.9036e-08	1.467e-07	3.4232e-08	1.491e-07	1.785e-08	2.1025e-07	4.4388e-08	7.1688e-07	7.4758e-07	1.5797e-06	2.7338e-07	2.911e-07	2.7991e-07	3.2623e-06	2.0182e-07	9.4115e-08	6.0664e-08
22.6801	 	 	 	 	 	 	 	 	 	 	 	 	 	 	 	 	 	 	 	 	 	 	 	 	 	 	 	 	 	 	 	 	 	 	 	2.8351e-12	3.2464e-11	3.355e-12	2.2889e-11	2.127e-10	6.1625e-11	2.6287e-10	1.4087e-10	3.1242e-09	5.3745e-10	2.5635e-08	4.266e-09	1.7045e-07	3.1132e-08	3.201e-07	2.8489e-08	4.2686e-07	4.9395e-08	1.4005e-07	2.4512e-08	1.6831e-07	6.2733e-08	2.7784e-08	1.8664e-07	2.984e-08	2.2805e-07	5.015e-08	1.3583e-07	2.8536e-08	1.4388e-07	3.3391e-08	1.4605e-07	1.7415e-08	2.0529e-07	4.3276e-08	6.9806e-07	7.2912e-07	1.5432e-06	2.659e-07	2.8339e-07	2.7235e-07	3.1762e-06	1.9646e-07	9.1099e-08	5.8634e-08
22.9953	 	 	 	 	 	 	 	 	 	 	 	 	 	 	 	 	 	 	 	 	 	 	 	 	 	 	 	 	 	 	 	 	 	 	3.5003e-12	6.7215e-12	3.3939e-11	3.4856e-12	2.2891e-11	2.2639e-10	6.4831e-11	2.6295e-10	2.3385e-10	3.2621e-09	5.4005e-10	3.6978e-08	4.4723e-09	1.8721e-07	3.3216e-08	3.3974e-07	2.9695e-08	4.4483e-07	5.1685e-08	1.4935e-07	2.6378e-08	1.7356e-07	6.3469e-08	2.8577e-08	1.8456e-07	2.963e-08	2.2766e-07	4.9676e-08	1.3352e-07	2.7989e-08	1.4036e-07	3.2633e-08	1.432e-07	1.695e-08	2.0102e-07	4.2093e-08	6.8317e-07	7.0996e-07	1.5004e-06	2.5861e-07	2.7615e-07	2.6488e-07	3.0919e-06	1.9105e-07	8.8291e-08	5.671e-08
23.3148	 	 	 	 	 	 	 	 	 	 	 	 	 	 	 	 	 	 	 	 	 	 	 	 	 	 	 	 	 	 	 	 	 	 	1.1144e-11	8.7835e-12	3.5365e-11	3.5433e-12	2.699e-11	2.3431e-10	6.6525e-11	3.9481e-10	4.1736e-10	3.4347e-09	5.4667e-10	4.4008e-08	4.7239e-09	2.2303e-07	3.7138e-08	3.5416e-07	3.0969e-08	4.5838e-07	5.4876e-08	1.5988e-07	2.7241e-08	1.7565e-07	6.5127e-08	2.8723e-08	1.8307e-07	2.9476e-08	2.2468e-07	4.8962e-08	1.3087e-07	2.7516e-08	1.3702e-07	3.2037e-08	1.3968e-07	1.6505e-08	1.9596e-07	4.0863e-08	6.6554e-07	6.9378e-07	1.4591e-06	2.5132e-07	2.6806e-07	2.5793e-07	3.0068e-06	1.8587e-07	8.5457e-08	5.4829e-08
23.6389	 	 	 	 	 	 	 	 	 	 	 	 	 	 	 	 	 	 	 	 	 	 	 	 	 	 	 	 	 	 	 	 	 	 	2.8738e-11	1.0095e-11	3.7337e-11	3.5184e-12	5.0506e-11	2.4852e-10	6.6748e-11	6.6872e-10	5.1792e-10	3.566e-09	5.6188e-10	4.8363e-08	4.9186e-09	2.5365e-07	4.4163e-08	3.7052e-07	3.168e-08	4.8603e-07	5.9127e-08	1.6423e-07	2.7995e-08	1.7641e-07	6.6315e-08	2.8714e-08	1.822e-07	2.9069e-08	2.2286e-07	4.813e-08	1.2881e-07	2.6993e-08	1.3429e-07	3.14e-08	1.3594e-07	1.6181e-08	1.904e-07	3.9781e-08	6.49e-07	6.745e-07	1.4191e-06	2.4498e-07	2.6119e-07	2.5109e-07	2.9262e-06	1.8073e-07	8.2669e-08	5.3033e-08
23.9674	 	 	 	 	 	 	 	 	 	 	 	 	 	 	 	 	 	 	 	 	 	 	 	 	 	 	 	 	 	 	 	 	 	 	3.8797e-11	1.0966e-11	3.8464e-11	3.5861e-12	9.397e-11	2.582e-10	6.7457e-11	1.1612e-09	5.8365e-10	3.588e-09	6.7873e-10	5.1457e-08	5.1119e-09	2.8621e-07	5.0212e-08	3.8389e-07	3.2559e-08	5.1946e-07	6.1157e-08	1.6887e-07	2.8908e-08	1.7981e-07	6.6316e-08	2.8811e-08	1.8044e-07	2.8978e-08	2.1964e-07	4.7174e-08	1.2631e-07	2.6391e-08	1.3167e-07	3.0778e-08	1.324e-07	1.578e-08	1.8495e-07	3.894e-08	6.326e-07	6.5593e-07	1.3817e-06	2.385e-07	2.5376e-07	2.4417e-07	2.8455e-06	1.7526e-07	7.9895e-08	5.1153e-08
24.3005	 	 	 	 	 	 	 	 	 	 	 	 	 	 	 	 	 	 	 	 	 	 	 	 	 	 	 	 	 	 	 	 	 	1.5682e-12	4.4934e-11	1.1311e-11	3.8587e-11	3.6068e-12	2.0032e-10	2.6275e-10	6.8307e-11	1.4187e-09	6.3349e-10	3.6289e-09	9.8793e-10	5.3938e-08	5.2427e-09	3.0428e-07	5.5759e-08	3.9332e-07	3.3939e-08	5.5259e-07	6.2851e-08	1.7443e-07	2.9486e-08	1.8377e-07	6.6348e-08	2.8924e-08	1.7867e-07	2.8624e-08	2.1601e-07	4.6433e-08	1.2383e-07	2.5743e-08	1.2908e-07	3.0003e-08	1.2981e-07	1.5358e-08	1.8028e-07	3.7936e-08	6.1529e-07	6.3819e-07	1.3463e-06	2.3165e-07	2.4722e-07	2.3761e-07	2.7607e-06	1.6995e-07	7.7312e-08	4.9435e-08
24.6382	 	 	 	 	 	 	 	 	 	 	 	 	 	 	 	 	 	 	 	 	 	 	 	 	 	 	 	 	 	 	 	 	 	4.7704e-12	4.9002e-11	1.1898e-11	3.8718e-11	3.874e-12	2.6693e-10	2.6263e-10	6.8326e-11	1.5921e-09	6.5912e-10	3.7051e-09	1.3614e-09	5.6884e-08	5.3451e-09	3.1765e-07	5.9026e-08	4.0464e-07	3.5241e-08	5.675e-07	6.4879e-08	1.7697e-07	2.957e-08	1.8437e-07	6.678e-08	2.8605e-08	1.7773e-07	2.8392e-08	2.1185e-07	4.5531e-08	1.2077e-07	2.5154e-08	1.2624e-07	2.9182e-08	1.2657e-07	1.4905e-08	1.7631e-07	3.6989e-08	5.9845e-07	6.2098e-07	1.3069e-06	2.2556e-07	2.4064e-07	2.3106e-07	2.6768e-06	1.6557e-07	7.4727e-08	4.7755e-08
24.9806	 	 	 	 	 	 	 	 	 	 	 	 	 	 	 	 	 	 	 	 	 	 	 	 	 	 	 	 	 	 	 	 	1.4474e-12	8.6324e-12	5.0635e-11	1.2457e-11	3.9354e-11	4.5791e-12	3.0829e-10	2.6762e-10	1.1239e-10	1.7239e-09	6.9012e-10	4.4855e-09	1.5899e-09	5.9066e-08	5.7244e-09	3.319e-07	6.1394e-08	4.2277e-07	3.6425e-08	5.8379e-07	6.6276e-08	1.7747e-07	3.0012e-08	1.866e-07	6.6486e-08	2.8374e-08	1.758e-07	2.7997e-08	2.0839e-07	4.4641e-08	1.179e-07	2.4698e-08	1.2296e-07	2.8467e-08	1.2316e-07	1.4501e-08	1.7174e-07	3.6062e-08	5.8157e-07	6.0526e-07	1.2735e-06	2.1943e-07	2.3407e-07	2.2415e-07	2.6063e-06	1.6061e-07	7.2278e-08	4.6056e-08
25.3277	 	 	 	 	 	 	 	 	 	 	 	 	 	 	 	 	 	 	 	 	 	 	 	 	 	 	 	 	 	 	 	 	1.063e-11	1.0461e-11	5.3138e-11	1.28e-11	3.938e-11	1.0798e-11	3.3487e-10	2.6896e-10	2.0025e-10	1.7917e-09	7.2519e-10	6.4823e-09	1.7283e-09	6.1152e-08	6.4336e-09	3.446e-07	6.4386e-08	4.3777e-07	3.8826e-08	6.0224e-07	6.6477e-08	1.8072e-07	3.0674e-08	1.9163e-07	6.5876e-08	2.8256e-08	1.7381e-07	2.7548e-08	2.0438e-07	4.3537e-08	1.1566e-07	2.4206e-08	1.1956e-07	2.789e-08	1.1954e-07	1.4198e-08	1.6758e-07	3.5074e-08	5.6692e-07	5.8765e-07	1.2373e-06	2.1364e-07	2.2769e-07	2.1732e-07	2.5302e-06	1.5593e-07	6.9645e-08	4.4421e-08
25.6797	 	 	 	 	 	 	 	 	 	 	 	 	 	 	 	 	 	 	 	 	 	 	 	 	 	 	 	 	 	 	 	 	3.2059e-11	1.1673e-11	5.5754e-11	1.2716e-11	4.5003e-11	2.1786e-11	3.4845e-10	3.2674e-10	3.2315e-10	1.8795e-09	7.5274e-10	8.9885e-09	1.8252e-09	6.258e-08	7.6348e-09	3.5285e-07	6.6485e-08	4.5695e-07	4.1753e-08	6.0983e-07	6.7417e-08	1.847e-07	3.0996e-08	1.9486e-07	6.544e-08	2.7957e-08	1.7128e-07	2.7065e-08	2.0046e-07	4.2504e-08	1.1336e-07	2.373e-08	1.1703e-07	2.7191e-08	1.1634e-07	1.3835e-08	1.6321e-07	3.4115e-08	5.5194e-07	5.7241e-07	1.2054e-06	2.0787e-07	2.2135e-07	2.1165e-07	2.4564e-06	1.5118e-07	6.7337e-08	4.2823e-08
26.0366	 	 	 	 	 	 	 	 	 	 	 	 	 	 	 	 	 	 	 	 	 	 	 	 	 	 	 	 	 	 	 	 	5.1727e-11	1.2421e-11	5.7362e-11	1.2866e-11	7.029e-11	3.7654e-11	3.656e-10	5.2881e-10	3.7926e-10	1.9724e-09	7.5468e-10	1.0525e-08	1.9211e-09	6.4994e-08	8.6973e-09	3.6287e-07	6.8194e-08	4.849e-07	4.3704e-08	6.1232e-07	6.8895e-08	1.8571e-07	3.1215e-08	1.9485e-07	6.505e-08	2.7722e-08	1.6836e-07	2.6575e-08	1.9556e-07	4.1695e-08	1.1115e-07	2.3133e-08	1.1439e-07	2.6433e-08	1.1389e-07	1.3485e-08	1.5877e-07	3.3152e-08	5.3611e-07	5.5621e-07	1.1733e-06	2.0229e-07	2.1462e-07	2.0543e-07	2.3809e-06	1.4689e-07	6.5046e-08	4.1362e-08
26.3984	 	 	 	 	 	 	 	 	 	 	 	 	 	 	 	 	 	 	 	 	 	 	 	 	 	 	 	 	 	 	 	 	6.2058e-11	1.2813e-11	5.71e-11	1.3005e-11	1.4521e-10	4.4993e-11	3.85e-10	1.0086e-09	4.2053e-10	2.045e-09	7.6527e-10	1.1458e-08	2.0187e-09	6.9518e-08	9.6119e-09	3.7901e-07	7.0276e-08	5.2315e-07	4.4882e-08	6.2407e-07	6.9706e-08	1.8774e-07	3.1899e-08	1.9501e-07	6.4145e-08	2.7536e-08	1.6498e-07	2.6087e-08	1.9091e-07	4.0868e-08	1.0861e-07	2.2503e-08	1.1151e-07	2.567e-08	1.1098e-07	1.3155e-08	1.5442e-07	3.2318e-08	5.2201e-07	5.4194e-07	1.1413e-06	1.9671e-07	2.0824e-07	1.9946e-07	2.3132e-06	1.4245e-07	6.2708e-08	3.9856e-08
26.7653	 	 	 	 	 	 	 	 	 	 	 	 	 	 	 	 	 	 	 	 	 	 	 	 	 	 	 	 	 	 	 	 	6.8304e-11	1.3586e-11	5.7653e-11	1.3271e-11	3.0828e-10	5.0391e-11	3.9517e-10	1.3699e-09	4.521e-10	2.0472e-09	7.9726e-10	1.2113e-08	2.0959e-09	8.1933e-08	1.0162e-08	3.9281e-07	7.3417e-08	5.4227e-07	4.6218e-08	6.3788e-07	7.0134e-08	1.9241e-07	3.2704e-08	1.9635e-07	6.4e-08	2.7258e-08	1.6243e-07	2.5593e-08	1.8713e-07	4.007e-08	1.0577e-07	2.1948e-08	1.0817e-07	2.5007e-08	1.0819e-07	1.2794e-08	1.5011e-07	3.1469e-08	5.0785e-07	5.2755e-07	1.1102e-06	1.9099e-07	2.028e-07	1.9334e-07	2.2446e-06	1.3811e-07	6.0514e-08	3.8412e-08
27.1373	 	 	 	 	 	 	 	 	 	 	 	 	 	 	 	 	 	 	 	 	 	 	 	 	 	 	 	 	 	 	 	 	7.1958e-11	1.4096e-11	5.836e-11	1.558e-11	4.4301e-10	5.3767e-11	3.9675e-10	1.577e-09	4.6846e-10	2.0794e-09	9.6536e-10	1.2741e-08	2.1622e-09	9.4179e-08	1.0565e-08	4.0888e-07	7.5909e-08	5.5737e-07	4.7525e-08	6.4018e-07	7.1624e-08	1.9643e-07	3.2789e-08	1.9524e-07	6.3174e-08	2.6926e-08	1.5931e-07	2.4982e-08	1.8348e-07	3.9156e-08	1.0289e-07	2.1505e-08	1.0509e-07	2.4468e-08	1.0551e-07	1.2444e-08	1.4635e-07	3.056e-08	4.9446e-07	5.1309e-07	1.0792e-06	1.8522e-07	1.9674e-07	1.8784e-07	2.1757e-06	1.3361e-07	5.8295e-08	3.7037e-08
27.5144	 	 	 	 	 	 	 	 	 	 	 	 	 	 	 	 	 	 	 	 	 	 	 	 	 	 	 	 	 	 	 	4.6609e-13	7.4673e-11	1.4298e-11	5.8665e-11	3.1615e-11	5.2002e-10	5.5663e-11	4.0084e-10	1.7164e-09	4.9409e-10	2.1951e-09	1.4187e-09	1.3398e-08	2.2125e-09	1.0806e-07	1.1088e-08	4.345e-07	7.9676e-08	5.7513e-07	4.7871e-08	6.4791e-07	7.35e-08	1.9654e-07	3.2779e-08	1.935e-07	6.2689e-08	2.6529e-08	1.5603e-07	2.4383e-08	1.7989e-07	3.8132e-08	1.0077e-07	2.0967e-08	1.0283e-07	2.3837e-08	1.0262e-07	1.2094e-08	1.4235e-07	2.9762e-08	4.8111e-07	4.9917e-07	1.0464e-06	1.8009e-07	1.9096e-07	1.8225e-07	2.1057e-06	1.2966e-07	5.6308e-08	3.5722e-08
27.8968	 	 	 	 	 	 	 	 	 	 	 	 	 	 	 	 	 	 	 	 	 	 	 	 	 	 	 	 	 	 	 	1.7332e-12	7.9022e-11	1.4226e-11	6.913e-11	6.0679e-11	5.676e-10	5.8993e-11	4.0608e-10	1.8122e-09	5.1683e-10	2.6661e-09	1.9307e-09	1.3912e-08	2.322e-09	1.1661e-07	1.1431e-08	4.6844e-07	8.4747e-08	5.885e-07	4.8299e-08	6.6528e-07	7.3727e-08	1.9659e-07	3.2932e-08	1.9229e-07	6.1806e-08	2.6077e-08	1.5215e-07	2.3875e-08	1.7592e-07	3.7094e-08	9.8424e-08	2.0385e-08	1.0032e-07	2.3253e-08	9.9812e-08	1.1788e-08	1.384e-07	2.8951e-08	4.6821e-07	4.8537e-07	1.0154e-06	1.7509e-07	1.852e-07	1.7666e-07	2.0424e-06	1.2549e-07	5.4271e-08	3.4367e-08
28.2845	 	 	 	 	 	 	 	 	 	 	 	 	 	 	 	 	 	 	 	 	 	 	 	 	 	 	 	 	 	 	5.9279e-12	5.1943e-12	8.1628e-11	1.4497e-11	1.3259e-10	1.2056e-10	5.9542e-10	6.1371e-11	4.0623e-10	1.8841e-09	5.3279e-10	3.9478e-09	2.2427e-09	1.4359e-08	2.5305e-09	1.2242e-07	1.1731e-08	4.8682e-07	9.1148e-08	5.9063e-07	4.9335e-08	6.7684e-07	7.3705e-08	1.9773e-07	3.2956e-08	1.9103e-07	6.0804e-08	2.5566e-08	1.4854e-07	2.3422e-08	1.7136e-07	3.6331e-08	9.5897e-08	1.9796e-08	9.7695e-08	2.2657e-08	9.6994e-08	1.1482e-08	1.3469e-07	2.8189e-08	4.5529e-07	4.707e-07	9.8884e-07	1.6988e-07	1.7994e-07	1.7096e-07	1.979e-06	1.2165e-07	5.2286e-08	3.3092e-08
28.6776	 	 	 	 	 	 	 	 	 	 	 	 	 	 	 	 	 	 	 	 	 	 	 	 	 	 	 	 	 	 	1.8596e-11	7.5713e-12	8.2269e-11	1.4566e-11	2.4965e-10	1.5485e-10	6.2156e-10	6.2521e-11	6.6402e-10	1.9907e-09	5.3184e-10	5.3086e-09	2.4301e-09	1.4698e-08	3.0115e-09	1.2747e-07	1.2108e-08	5.0032e-07	9.4053e-08	5.9847e-07	5.0277e-08	6.7687e-07	7.4036e-08	1.9724e-07	3.2621e-08	1.8836e-07	5.9692e-08	2.5154e-08	1.4589e-07	2.2962e-08	1.6663e-07	3.5485e-08	9.3038e-08	1.9284e-08	9.5472e-08	2.204e-08	9.4558e-08	1.1146e-08	1.311e-07	2.743e-08	4.4206e-07	4.5652e-07	9.5933e-07	1.6474e-07	1.7444e-07	1.6585e-07	1.9162e-06	1.1775e-07	5.0445e-08	3.1847e-08
29.0761	 	 	 	 	 	 	 	 	 	 	 	 	 	 	 	 	 	 	 	 	 	 	 	 	 	 	 	 	 	 	4.2751e-11	8.9188e-12	8.2273e-11	1.5846e-11	5.2069e-10	1.7728e-10	6.5789e-10	6.2507e-11	1.1809e-09	2.0686e-09	5.4298e-10	6.1334e-09	2.5608e-09	1.5404e-08	3.4357e-09	1.335e-07	1.2642e-08	5.1598e-07	9.6684e-08	6.1158e-07	5.0364e-08	6.7744e-07	7.414e-08	1.9537e-07	3.2365e-08	1.8806e-07	5.867e-08	2.4675e-08	1.4294e-07	2.2479e-08	1.6313e-07	3.4574e-08	9.0427e-08	1.887e-08	9.2827e-08	2.1438e-08	9.2096e-08	1.0859e-08	1.2762e-07	2.6694e-08	4.2872e-07	4.4473e-07	9.3111e-07	1.5998e-07	1.6913e-07	1.6066e-07	1.855e-06	1.139e-07	4.8589e-08	3.0646e-08
29.4802	 	 	 	 	 	 	 	 	 	 	 	 	 	 	 	 	 	 	 	 	 	 	 	 	 	 	 	 	 	 	5.5083e-11	9.7611e-12	8.3775e-11	1.891e-11	6.8571e-10	1.9211e-10	6.7701e-10	6.3662e-11	1.9182e-09	2.0971e-09	5.9517e-10	6.6263e-09	2.7008e-09	1.6747e-08	3.903e-09	1.3662e-07	1.3061e-08	5.288e-07	9.988e-08	6.1962e-07	5.1177e-08	6.8212e-07	7.3376e-08	1.9402e-07	3.2237e-08	1.8561e-07	5.7566e-08	2.415e-08	1.4017e-07	2.1903e-08	1.5944e-07	3.3544e-08	8.8537e-08	1.8384e-08	9.0283e-08	2.0836e-08	8.9415e-08	1.056e-08	1.2414e-07	2.5958e-08	4.1686e-07	4.3143e-07	9.0312e-07	1.5533e-07	1.6367e-07	1.5561e-07	1.7956e-06	1.1008e-07	4.6818e-08	2.9495e-08
29.8899	 	 	 	 	 	 	 	 	 	 	 	 	 	 	 	 	 	 	 	 	 	 	 	 	 	 	 	 	 	 	6.309e-11	1.0176e-11	8.3919e-11	4.586e-11	7.8987e-10	1.99e-10	6.8301e-10	6.4024e-11	2.2531e-09	2.1109e-09	7.2894e-10	6.9751e-09	2.8332e-09	1.9923e-08	4.1575e-09	1.4039e-07	1.3751e-08	5.3126e-07	1.0176e-07	6.229e-07	5.2677e-08	6.7849e-07	7.2787e-08	1.9305e-07	3.184e-08	1.8417e-07	5.6476e-08	2.3553e-08	1.3682e-07	2.1289e-08	1.5541e-07	3.2603e-08	8.6329e-08	1.7933e-08	8.7847e-08	2.0314e-08	8.7097e-08	1.0284e-08	1.2083e-07	2.5206e-08	4.0529e-07	4.1882e-07	8.7745e-07	1.5054e-07	1.5882e-07	1.5062e-07	1.7355e-06	1.0653e-07	4.5012e-08	2.8381e-08
30.3053	 	 	 	 	 	 	 	 	 	 	 	 	 	 	 	 	 	 	 	 	 	 	 	 	 	 	 	 	 	 	6.8361e-11	1.0628e-11	9.4121e-11	9.3677e-11	8.5747e-10	2.095e-10	6.8746e-10	7.6461e-11	2.5002e-09	2.1558e-09	1.1059e-09	7.3617e-09	2.9419e-09	2.275e-08	4.347e-09	1.4601e-07	1.4651e-08	5.3772e-07	1.0205e-07	6.3561e-07	5.3141e-08	6.7244e-07	7.2515e-08	1.9041e-07	3.1663e-08	1.8156e-07	5.511e-08	2.2995e-08	1.3319e-07	2.0826e-08	1.5077e-07	3.1922e-08	8.4082e-08	1.7475e-08	8.5477e-08	1.9769e-08	8.4713e-08	1.0008e-08	1.1751e-07	2.4446e-08	3.9325e-07	4.0615e-07	8.5062e-07	1.4581e-07	1.5365e-07	1.4579e-07	1.6791e-06	1.0297e-07	4.337e-08	2.734e-08
30.7265	 	 	 	 	 	 	 	 	 	 	 	 	 	 	 	 	 	 	 	 	 	 	 	 	 	 	 	 	 	 	7.0503e-11	1.1203e-11	1.2932e-10	1.5478e-10	8.9089e-10	2.1979e-10	6.9899e-10	1.2455e-10	2.6891e-09	2.5405e-09	1.4338e-09	7.7104e-09	3.0314e-09	2.5877e-08	4.5375e-09	1.5189e-07	1.5727e-08	5.4947e-07	1.037e-07	6.5297e-07	5.3139e-08	6.6826e-07	7.1647e-08	1.8985e-07	3.1361e-08	1.7858e-07	5.3799e-08	2.2599e-08	1.2967e-07	2.0374e-08	1.4647e-07	3.1126e-08	8.214e-08	1.6999e-08	8.3321e-08	1.9213e-08	8.2493e-08	9.7384e-09	1.1404e-07	2.3766e-08	3.8134e-07	3.9463e-07	8.2466e-07	1.4131e-07	1.4898e-07	1.409e-07	1.6232e-06	9.9598e-08	4.1671e-08	2.6275e-08
31.1535	 	 	 	 	 	 	 	 	 	 	 	 	 	 	 	 	 	 	 	 	 	 	 	 	 	 	 	 	 	9.9634e-14	7.4309e-11	1.154e-11	2.928e-10	1.8434e-10	9.3612e-10	2.2547e-10	6.9938e-10	2.3753e-10	2.7871e-09	3.5174e-09	1.624e-09	8.006e-09	3.0995e-09	2.7602e-08	4.7211e-09	1.569e-07	1.6189e-08	5.5758e-07	1.0601e-07	6.5548e-07	5.328e-08	6.6398e-07	7.1212e-08	1.8755e-07	3.1082e-08	1.752e-07	5.2711e-08	2.2139e-08	1.2712e-07	1.9862e-08	1.4338e-07	3.0316e-08	7.987e-08	1.6535e-08	8.0905e-08	1.8702e-08	8.0275e-08	9.4712e-09	1.106e-07	2.311e-08	3.7034e-07	3.8265e-07	7.9815e-07	1.3707e-07	1.4424e-07	1.3634e-07	1.5702e-06	9.5984e-08	4.0127e-08	2.5277e-08
31.5864	 	 	 	 	 	 	 	 	 	 	 	 	 	 	 	 	 	 	 	 	 	 	 	 	 	 	 	 	 	7.0166e-13	7.7701e-11	1.155e-11	6.1361e-10	2.0518e-10	9.8448e-10	2.257e-10	1.0452e-09	3.2522e-10	2.94e-09	5.0654e-09	1.7478e-09	8.2406e-09	3.2686e-09	2.8873e-08	4.8324e-09	1.6697e-07	1.6648e-08	5.5989e-07	1.0699e-07	6.5534e-07	5.3627e-08	6.5473e-07	7.0573e-08	1.8606e-07	3.0673e-08	1.7234e-07	5.1699e-08	2.1711e-08	1.2402e-07	1.9278e-08	1.3986e-07	2.9616e-08	7.7685e-08	1.6071e-08	7.8811e-08	1.8201e-08	7.8121e-08	9.199e-09	1.0765e-07	2.2423e-08	3.5958e-07	3.7104e-07	7.7451e-07	1.3255e-07	1.3946e-07	1.318e-07	1.5132e-06	9.2797e-08	3.8656e-08	2.4306e-08
32.0254	 	 	 	 	 	 	 	 	 	 	 	 	 	 	 	 	 	 	 	 	 	 	 	 	 	 	 	 	 	2.1207e-12	7.9677e-11	1.1616e-11	9.2535e-10	2.1801e-10	1.0104e-09	2.2866e-10	1.7717e-09	3.7504e-10	3.0759e-09	6.024e-09	1.834e-09	8.4203e-09	3.5928e-09	3.013e-08	4.9692e-09	1.7914e-07	1.7205e-08	5.7076e-07	1.0789e-07	6.582e-07	5.3042e-08	6.5371e-07	6.9932e-08	1.8349e-07	3.0202e-08	1.6905e-07	5.069e-08	2.1177e-08	1.2074e-07	1.8734e-08	1.362e-07	2.8798e-08	7.5554e-08	1.5669e-08	7.6587e-08	1.7721e-08	7.5974e-08	8.9213e-09	1.0455e-07	2.1746e-08	3.4851e-07	3.5899e-07	7.4925e-07	1.2843e-07	1.3479e-07	1.2749e-07	1.4634e-06	8.964e-08	3.7192e-08	2.3428e-08
32.4705	 	 	 	 	 	 	 	 	 	 	 	 	 	 	 	 	 	 	 	 	 	 	 	 	 	 	 	 	 	3.3971e-12	7.9159e-11	1.1792e-11	1.0934e-09	2.2589e-10	1.0133e-09	2.311e-10	3.0893e-09	4.084e-10	3.171e-09	6.6169e-09	1.9382e-09	8.9138e-09	4.2849e-09	3.1369e-08	5.1902e-09	1.8871e-07	1.7484e-08	5.8701e-07	1.1038e-07	6.5961e-07	5.2621e-08	6.4523e-07	6.9024e-08	1.8056e-07	2.9686e-08	1.6583e-07	4.9596e-08	2.0611e-08	1.1717e-07	1.8302e-08	1.3311e-07	2.8011e-08	7.358e-08	1.5249e-08	7.4627e-08	1.7241e-08	7.3781e-08	8.6696e-09	1.0149e-07	2.1117e-08	3.3753e-07	3.4838e-07	7.2647e-07	1.2435e-07	1.3044e-07	1.2285e-07	1.4138e-06	8.642e-08	3.5748e-08	2.2537e-08
32.9217	 	 	 	 	 	 	 	 	 	 	 	 	 	 	 	 	 	 	 	 	 	 	 	 	 	 	 	 	 	4.0747e-12	8.0251e-11	1.18e-11	1.2006e-09	2.3981e-10	1.0251e-09	2.3399e-10	3.7787e-09	4.3159e-10	3.1657e-09	7.0371e-09	2.0194e-09	9.863e-09	4.8767e-09	3.2104e-08	5.3841e-09	1.9385e-07	1.753e-08	5.8983e-07	1.1305e-07	6.5277e-07	5.2379e-08	6.4029e-07	6.7975e-08	1.7738e-07	2.9132e-08	1.6179e-07	4.8319e-08	2.0082e-08	1.1399e-07	1.7875e-08	1.2943e-07	2.7243e-08	7.1701e-08	1.482e-08	7.2652e-08	1.678e-08	7.1556e-08	8.4337e-09	9.838e-08	2.0505e-08	3.2715e-07	3.3712e-07	7.034e-07	1.202e-07	1.261e-07	1.1881e-07	1.3632e-06	8.3406e-08	3.4388e-08	2.1643e-08
33.3792	 	 	 	 	 	 	 	 	 	 	 	 	 	 	 	 	 	 	 	 	 	 	 	 	 	 	 	 	5.673e-12	4.48e-12	8.1038e-11	1.368e-11	1.2653e-09	2.4884e-10	1.0375e-09	4.0209e-10	4.2422e-09	4.4874e-10	3.233e-09	7.3812e-09	2.0995e-09	1.178e-08	5.5009e-09	3.3011e-08	5.5943e-09	1.9961e-07	1.7848e-08	5.8977e-07	1.1327e-07	6.4753e-07	5.189e-08	6.3122e-07	6.6816e-08	1.7424e-07	2.8629e-08	1.5796e-07	4.6978e-08	1.969e-08	1.1162e-07	1.7411e-08	1.2588e-07	2.6531e-08	6.9602e-08	1.4427e-08	7.0666e-08	1.6319e-08	6.9558e-08	8.183e-09	9.5587e-08	1.9874e-08	3.1732e-07	3.2688e-07	6.8006e-07	1.1626e-07	1.2191e-07	1.1478e-07	1.3153e-06	8.0362e-08	3.3088e-08	2.0802e-08
33.8431	 	 	 	 	 	 	 	 	 	 	 	 	 	 	 	 	 	 	 	 	 	 	1.2644e-07	 	 	 	 	 	1.7758e-11	4.7148e-12	8.3885e-11	2.3417e-11	1.3177e-09	2.5289e-10	1.0382e-09	7.38e-10	4.594e-09	4.7428e-10	3.5508e-09	7.7864e-09	2.1542e-09	1.3379e-08	5.8491e-09	3.4478e-08	5.9524e-09	2.0553e-07	1.8247e-08	5.9214e-07	1.1327e-07	6.4518e-07	5.1383e-08	6.2093e-07	6.5561e-08	1.7103e-07	2.8093e-08	1.5485e-07	4.5981e-08	1.92e-08	1.088e-07	1.7007e-08	1.2248e-07	2.5854e-08	6.7841e-08	1.4041e-08	6.8754e-08	1.5841e-08	6.7649e-08	7.9378e-09	9.2774e-08	1.9249e-08	3.0689e-07	3.1645e-07	6.5736e-07	1.1242e-07	1.1755e-07	1.1067e-07	1.2672e-06	7.7605e-08	3.191e-08	1.998e-08
34.3135	 	 	 	 	 	 	 	 	 	 	 	 	 	 	 	 	 	 	 	 	 	 	1.3289e-06	 	 	 	 	 	3.9372e-11	4.8989e-12	9.822e-11	4.5577e-11	1.3965e-09	2.5308e-10	1.7493e-09	1.1217e-09	4.7757e-09	4.9298e-10	4.3532e-09	8.0884e-09	2.197e-09	1.5007e-08	6.1063e-09	3.5776e-08	6.4163e-09	2.0743e-07	1.8372e-08	5.9403e-07	1.1386e-07	6.377e-07	5.1128e-08	6.0918e-07	6.4445e-08	1.6781e-07	2.745e-08	1.5185e-07	4.4962e-08	1.8679e-08	1.0604e-07	1.6545e-08	1.1921e-07	2.5097e-08	6.5923e-08	1.3671e-08	6.6858e-08	1.5364e-08	6.564e-08	7.7063e-09	8.9927e-08	1.8656e-08	2.9733e-07	3.0602e-07	6.361e-07	1.0875e-07	1.1362e-07	1.0679e-07	1.2244e-06	7.4803e-08	3.0635e-08	1.9243e-08
34.7903	 	 	 	 	 	 	 	 	 	 	 	 	 	 	 	 	 	 	 	 	 	 	4.0318e-06	 	 	 	 	 	4.9874e-11	5.1844e-12	2.1072e-10	9.8088e-11	1.4413e-09	2.5802e-10	3.1646e-09	1.3099e-09	5.0144e-09	4.9993e-10	6.6238e-09	8.3713e-09	2.3547e-09	1.5934e-08	6.3862e-09	3.7148e-08	6.6815e-09	2.0897e-07	1.8563e-08	5.8777e-07	1.1382e-07	6.3362e-07	5.0584e-08	5.9927e-07	6.3237e-08	1.6379e-07	2.6785e-08	1.489e-07	4.3835e-08	1.8135e-08	1.0347e-07	1.6097e-08	1.162e-07	2.4463e-08	6.4224e-08	1.3301e-08	6.4839e-08	1.4949e-08	6.3665e-08	7.4846e-09	8.7055e-08	1.8097e-08	2.8789e-07	2.9578e-07	6.1499e-07	1.0491e-07	1.0972e-07	1.0287e-07	1.18e-06	7.207e-08	2.9443e-08	1.8494e-08
35.2738	 	 	 	 	 	 	 	 	 	 	 	 	 	 	 	 	 	 	 	 	 	 	6.6652e-06	 	 	 	 	 	5.6885e-11	5.3524e-12	4.1322e-10	1.3553e-10	1.4577e-09	2.5905e-10	4.9708e-09	1.4418e-09	5.2627e-09	5.033e-10	8.5652e-09	8.5673e-09	2.6504e-09	1.6613e-08	6.6277e-09	3.9542e-08	6.8672e-09	2.1343e-07	1.9021e-08	5.8301e-07	1.1271e-07	6.2824e-07	5.0021e-08	5.8785e-07	6.1805e-08	1.599e-07	2.62e-08	1.4561e-07	4.2529e-08	1.7658e-08	1.0064e-07	1.566e-08	1.1282e-07	2.3772e-08	6.2518e-08	1.2946e-08	6.2896e-08	1.4524e-08	6.182e-08	7.2541e-09	8.443e-08	1.7501e-08	2.7829e-07	2.8625e-07	5.9442e-07	1.0139e-07	1.0579e-07	9.94e-08	1.1371e-06	6.9545e-08	2.8279e-08	1.7757e-08
35.764	 	 	 	 	 	 	 	 	 	 	 	 	 	 	 	 	 	 	 	 	 	 	8.0196e-06	 	 	 	 	 	6.1447e-11	5.3883e-12	7.8475e-10	1.5779e-10	1.4647e-09	3.3216e-10	5.8231e-09	1.5422e-09	5.4539e-09	5.1409e-10	9.6893e-09	8.9271e-09	3.1467e-09	1.7399e-08	6.7913e-09	4.2619e-08	7.0818e-09	2.1795e-07	1.944e-08	5.8093e-07	1.1189e-07	6.2249e-07	4.9298e-08	5.7667e-07	6.0305e-08	1.5663e-07	2.5719e-08	1.4185e-07	4.1325e-08	1.7287e-08	9.7897e-08	1.5234e-08	1.0993e-07	2.3159e-08	6.0825e-08	1.259e-08	6.1272e-08	1.4097e-08	6.0034e-08	7.0279e-09	8.183e-08	1.6957e-08	2.6918e-07	2.7672e-07	5.7329e-07	9.7954e-08	1.0211e-07	9.5804e-08	1.0968e-06	6.6966e-08	2.7181e-08	1.7064e-08
36.2611	 	 	 	 	 	 	 	 	 	 	 	 	 	 	 	 	 	 	 	 	 	 	8.8522e-06	 	 	 	 	2.2083e-12	6.3363e-11	5.3961e-12	9.819e-10	1.7187e-10	1.4912e-09	5.3027e-10	6.4347e-09	1.598e-09	5.4585e-09	6.0662e-10	1.0427e-08	9.5715e-09	3.5897e-09	1.8021e-08	6.9891e-09	4.4412e-08	7.2651e-09	2.1829e-07	1.9458e-08	5.7451e-07	1.1141e-07	6.1452e-07	4.8467e-08	5.6266e-07	5.8974e-08	1.5366e-07	2.5214e-08	1.3795e-07	4.0428e-08	1.6844e-08	9.5154e-08	1.4853e-08	1.0682e-07	2.2544e-08	5.917e-08	1.2222e-08	5.9446e-08	1.3667e-08	5.8187e-08	6.8095e-09	7.9226e-08	1.6419e-08	2.6029e-07	2.676e-07	5.5411e-07	9.4481e-08	9.8424e-08	9.2314e-08	1.0571e-06	6.4553e-08	2.6196e-08	1.6402e-08
36.765	 	 	 	 	 	 	 	 	 	 	 	 	 	 	 	 	 	 	 	 	 	 	9.3422e-06	 	 	 	 	6.7797e-12	6.6921e-11	5.4945e-12	1.1164e-09	1.7951e-10	1.4932e-09	1.0194e-09	6.9029e-09	1.6898e-09	5.5515e-09	8.4245e-10	1.094e-08	1.1362e-08	3.9632e-09	1.8479e-08	7.3052e-09	4.5646e-08	7.3038e-09	2.2147e-07	1.9467e-08	5.7045e-07	1.0999e-07	6.0529e-07	4.7508e-08	5.4937e-07	5.7898e-08	1.5066e-07	2.4709e-08	1.3508e-07	3.9453e-08	1.6427e-08	9.2759e-08	1.4428e-08	1.0409e-07	2.1934e-08	5.7514e-08	1.1854e-08	5.771e-08	1.3279e-08	5.6364e-08	6.6066e-09	7.6707e-08	1.5872e-08	2.5179e-07	2.5797e-07	5.3503e-07	9.1134e-08	9.4989e-08	8.9056e-08	1.0181e-06	6.2052e-08	2.5144e-08	1.5765e-08
37.2759	 	 	 	 	 	 	 	 	 	 	 	 	 	 	 	 	 	 	 	 	 	 	9.694e-06	 	 	 	 	1.2653e-11	6.9878e-11	5.501e-12	1.2033e-09	1.8809e-10	2.1403e-09	1.3428e-09	7.147e-09	1.7638e-09	5.9127e-09	1.2116e-09	1.1564e-08	1.3044e-08	4.1901e-09	1.9028e-08	7.5701e-09	4.7069e-08	7.3908e-09	2.2805e-07	1.958e-08	5.6605e-07	1.0953e-07	5.9502e-07	4.6774e-08	5.3861e-07	5.6762e-08	1.4746e-07	2.4084e-08	1.3202e-07	3.8426e-08	1.6016e-08	9.0363e-08	1.405e-08	1.0134e-07	2.1337e-08	5.577e-08	1.1535e-08	5.5971e-08	1.289e-08	5.4624e-08	6.3874e-09	7.426e-08	1.5353e-08	2.4289e-07	2.4938e-07	5.1588e-07	8.7864e-08	9.1567e-08	8.5814e-08	9.7918e-07	5.9801e-08	2.4152e-08	1.519e-08
37.794	 	 	 	 	 	 	 	 	 	 	 	 	 	 	 	 	 	 	 	 	 	 	1.0266e-05	 	 	 	 	1.5385e-11	7.1489e-11	6.2259e-12	1.2466e-09	1.9858e-10	3.5458e-09	1.5358e-09	7.5588e-09	1.8068e-09	7.2055e-09	1.4401e-09	1.2046e-08	1.4932e-08	4.3574e-09	1.9895e-08	7.9025e-09	4.8305e-08	7.554e-09	2.306e-07	1.9542e-08	5.6074e-07	1.0836e-07	5.8384e-07	4.5888e-08	5.2818e-07	5.5632e-08	1.4369e-07	2.3417e-08	1.2869e-07	3.7556e-08	1.558e-08	8.7727e-08	1.366e-08	9.8581e-08	2.074e-08	5.4149e-08	1.1207e-08	5.4387e-08	1.2495e-08	5.2994e-08	6.1911e-09	7.1778e-08	1.4846e-08	2.3476e-07	2.4087e-07	4.9791e-07	8.4874e-08	8.8226e-08	8.2662e-08	9.433e-07	5.745e-08	2.3218e-08	1.4598e-08
38.3192	 	 	 	 	 	 	 	 	 	 	 	 	 	 	 	 	 	 	 	 	 	 	1.0611e-05	 	 	 	 	1.722e-11	7.1026e-11	9.1649e-12	1.3165e-09	2.0402e-10	6.4063e-09	1.6713e-09	7.899e-09	1.8071e-09	1.0746e-08	1.5812e-09	1.2528e-08	1.6053e-08	4.5766e-09	2.0599e-08	8.3928e-09	4.8574e-08	7.6709e-09	2.3065e-07	1.9361e-08	5.537e-07	1.0746e-07	5.74e-07	4.4941e-08	5.1795e-07	5.4231e-08	1.3969e-07	2.288e-08	1.2486e-07	3.652e-08	1.5156e-08	8.5475e-08	1.3309e-08	9.5912e-08	2.0111e-08	5.272e-08	1.0878e-08	5.2736e-08	1.2097e-08	5.1244e-08	5.9953e-09	6.9452e-08	1.4361e-08	2.2682e-07	2.3222e-07	4.8007e-07	8.1793e-08	8.5152e-08	7.9493e-08	9.0669e-07	5.5315e-08	2.2314e-08	1.4007e-08
38.8518	 	 	 	 	 	 	 	 	 	 	 	 	 	 	 	 	 	 	 	 	 	 	1.0699e-05	 	 	 	 	1.8355e-11	7.2154e-11	1.9813e-11	1.3769e-09	2.052e-10	7.9859e-09	1.7556e-09	8.1144e-09	1.8495e-09	1.4335e-08	1.681e-09	1.2851e-08	1.6836e-08	4.7157e-09	2.157e-08	9.0608e-09	4.9145e-08	7.7019e-09	2.312e-07	1.9231e-08	5.4552e-07	1.0602e-07	5.6326e-07	4.383e-08	5.0651e-07	5.2737e-08	1.3672e-07	2.2403e-08	1.2133e-07	3.5523e-08	1.4732e-08	8.3135e-08	1.2959e-08	9.3259e-08	1.9528e-08	5.1154e-08	1.0546e-08	5.1142e-08	1.1731e-08	4.9658e-08	5.7958e-09	6.7146e-08	1.3855e-08	2.1876e-07	2.2415e-07	4.6323e-07	7.8834e-08	8.1944e-08	7.659e-08	8.7324e-07	5.3309e-08	2.1465e-08	1.3454e-08
39.3917	 	 	 	 	 	 	 	 	 	 	 	 	 	 	 	 	 	 	 	 	 	 	1.0703e-05	 	 	 	 	1.894e-11	7.2779e-11	4.1971e-11	1.4091e-09	2.0718e-10	9.0114e-09	1.8306e-09	8.106e-09	2.0936e-09	1.6476e-08	1.764e-09	1.3121e-08	1.7554e-08	4.8424e-09	2.2929e-08	9.3965e-09	5.0232e-08	7.8524e-09	2.3299e-07	1.9138e-08	5.363e-07	1.0437e-07	5.5061e-07	4.2796e-08	4.9342e-07	5.151e-08	1.3372e-07	2.1844e-08	1.188e-07	3.4568e-08	1.4363e-08	8.0968e-08	1.2604e-08	9.0439e-08	1.9012e-08	4.9644e-08	1.0247e-08	4.9487e-08	1.1373e-08	4.8084e-08	5.6055e-09	6.4955e-08	1.3391e-08	2.1103e-07	2.1603e-07	4.4656e-07	7.6022e-08	7.9011e-08	7.3606e-08	8.4096e-07	5.1273e-08	2.0665e-08	1.2912e-08
39.9391	 	 	 	 	 	 	 	 	 	 	 	 	 	 	 	 	 	 	 	 	 	 	1.0902e-05	 	 	 	 	2.0099e-11	7.6452e-11	6.1539e-11	1.4098e-09	2.1015e-10	9.7874e-09	1.932e-09	8.2944e-09	2.7161e-09	1.7789e-08	1.8612e-09	1.4078e-08	1.8345e-08	5.0065e-09	2.4721e-08	9.6631e-09	5.1025e-08	8.0792e-09	2.3056e-07	1.8879e-08	5.2614e-07	1.0258e-07	5.3725e-07	4.205e-08	4.7993e-07	5.0446e-08	1.3037e-07	2.1218e-08	1.1587e-07	3.3641e-08	1.3984e-08	7.8802e-08	1.2265e-08	8.776e-08	1.8447e-08	4.8172e-08	9.947e-09	4.8026e-08	1.1009e-08	4.6483e-08	5.4214e-09	6.2605e-08	1.2938e-08	2.0343e-07	2.0854e-07	4.3031e-07	7.3325e-08	7.5955e-08	7.0887e-08	8.0944e-07	4.9293e-08	1.9851e-08	1.2419e-08
40.4942	 	 	 	 	 	 	 	 	 	 	 	 	 	 	 	 	 	 	 	 	 	 	1.0922e-05	 	 	 	 	2.0866e-11	8.9262e-11	7.2545e-11	1.4322e-09	2.103e-10	1.0188e-08	2.0078e-09	9.282e-09	4.0406e-09	1.8715e-08	1.9339e-09	1.5899e-08	1.8779e-08	5.2273e-09	2.5572e-08	9.978e-09	5.1224e-08	8.1205e-09	2.2874e-07	1.883e-08	5.1744e-07	1.0073e-07	5.2539e-07	4.1204e-08	4.7e-07	4.9188e-08	1.2651e-07	2.062e-08	1.1286e-07	3.2796e-08	1.3588e-08	7.6694e-08	1.1929e-08	8.5481e-08	1.7903e-08	4.6803e-08	9.6421e-09	4.6471e-08	1.0661e-08	4.4962e-08	5.2441e-09	6.0548e-08	1.2479e-08	1.9652e-07	2.0103e-07	4.1531e-07	7.0559e-08	7.3189e-08	6.828e-08	7.7794e-07	4.7415e-08	1.9048e-08	1.1942e-08
41.0569	 	 	 	 	 	 	 	 	 	 	 	 	 	 	 	 	 	 	 	 	 	 	1.2294e-05	 	 	 	1.855e-11	2.1167e-11	2.0188e-10	7.9311e-11	1.4445e-09	3.3918e-10	1.0683e-08	2.0257e-09	1.1798e-08	5.0416e-09	1.9778e-08	2.001e-09	1.886e-08	1.9311e-08	5.3991e-09	2.6298e-08	1.021e-08	5.2223e-08	8.1213e-09	2.2766e-07	1.8603e-08	5.0775e-07	9.8933e-08	5.1586e-07	4.0414e-08	4.5931e-07	4.7789e-08	1.2294e-07	2.0121e-08	1.103e-07	3.1848e-08	1.3231e-08	7.4596e-08	1.1571e-08	8.2941e-08	1.7373e-08	4.5368e-08	9.3353e-09	4.5062e-08	1.0321e-08	4.3481e-08	5.0608e-09	5.85e-08	1.2038e-08	1.8939e-07	1.9369e-07	3.9961e-07	6.7931e-08	7.0342e-08	6.5709e-08	7.4845e-07	4.5634e-08	1.8298e-08	1.1458e-08
41.6275	 	 	 	 	 	 	 	 	 	 	 	 	 	 	 	 	 	 	 	 	 	 	1.5032e-05	 	 	 	5.7638e-11	2.1079e-11	4.0323e-10	8.3336e-11	1.5726e-09	6.0176e-10	1.1227e-08	2.0474e-09	1.7712e-08	5.6095e-09	2.0681e-08	2.048e-09	2.155e-08	2.0137e-08	5.7035e-09	2.7174e-08	1.0247e-08	5.3739e-08	8.1558e-09	2.2569e-07	1.846e-08	4.9653e-07	9.7086e-08	5.0577e-07	3.9438e-08	4.477e-07	4.6438e-08	1.2025e-07	1.9669e-08	1.0726e-07	3.1029e-08	1.2876e-08	7.2453e-08	1.1222e-08	8.0512e-08	1.6879e-08	4.3979e-08	9.0538e-09	4.3635e-08	9.9767e-09	4.2062e-08	4.89e-09	5.6412e-08	1.1605e-08	1.8254e-07	1.8694e-07	3.8529e-07	6.5395e-08	6.7702e-08	6.3157e-08	7.2009e-07	4.3997e-08	1.756e-08	1.0996e-08
42.206	 	 	 	 	 	 	 	 	 	 	 	 	 	 	 	 	 	 	 	 	 	 	1.849e-05	 	 	 	1.1758e-10	2.1489e-11	7.3517e-10	8.7019e-11	2.662e-09	9.8912e-10	1.1656e-08	2.0867e-09	2.2392e-08	6.0149e-09	2.149e-08	2.1387e-09	2.3721e-08	2.0928e-08	6.0901e-09	2.7735e-08	1.0394e-08	5.4024e-08	8.1827e-09	2.2337e-07	1.8208e-08	4.8446e-07	9.4803e-08	4.9574e-07	3.8393e-08	4.3441e-07	4.5302e-08	1.1738e-07	1.9162e-08	1.0433e-07	3.0154e-08	1.2539e-08	7.0275e-08	1.0935e-08	7.8104e-08	1.6362e-08	4.2588e-08	8.7763e-09	4.2191e-08	9.6532e-09	4.0581e-08	4.7246e-09	5.4434e-08	1.1211e-08	1.7605e-07	1.7993e-07	3.7044e-07	6.2915e-08	6.526e-08	6.0761e-08	6.9456e-07	4.2234e-08	1.6916e-08	1.0566e-08
42.7926	 	 	 	 	 	 	 	 	 	 	 	 	 	 	 	 	 	 	 	 	 	 	2.028e-05	 	 	 	1.44e-10	2.1589e-11	8.9702e-10	9.2183e-11	5.0246e-09	1.1661e-09	1.1677e-08	2.5244e-09	2.5066e-08	6.3029e-09	2.2098e-08	2.3037e-09	2.5062e-08	2.1648e-08	6.522e-09	2.7827e-08	1.0628e-08	5.4032e-08	8.0982e-09	2.2245e-07	1.792e-08	4.7362e-07	9.2542e-08	4.8329e-07	3.74e-08	4.222e-07	4.4294e-08	1.1433e-07	1.8711e-08	1.015e-07	2.9388e-08	1.2202e-08	6.8319e-08	1.061e-08	7.5894e-08	1.586e-08	4.1329e-08	8.4969e-09	4.0784e-08	9.3333e-09	3.9222e-08	4.5577e-09	5.2443e-08	1.0804e-08	1.6979e-07	1.7351e-07	3.5691e-07	6.0573e-08	6.2745e-08	5.8464e-08	6.6699e-07	4.0603e-08	1.6231e-08	1.0152e-08
43.3873	 	 	 	 	 	 	 	 	 	 	 	 	 	 	 	 	 	 	 	 	 	 	2.1858e-05	 	 	 	1.6261e-10	2.3653e-11	1.0128e-09	9.4928e-11	7.2036e-09	1.296e-09	1.1864e-08	3.6402e-09	2.6939e-08	6.6589e-09	2.2568e-08	2.7394e-09	2.606e-08	2.3097e-08	6.7046e-09	2.8271e-08	1.0759e-08	5.4262e-08	8.0341e-09	2.2004e-07	1.7601e-08	4.6511e-07	9.0626e-08	4.7e-07	3.668e-08	4.1344e-07	4.3155e-08	1.1174e-07	1.8215e-08	9.884e-08	2.8613e-08	1.1877e-08	6.6451e-08	1.0302e-08	7.3582e-08	1.5359e-08	3.997e-08	8.2276e-09	3.947e-08	9.0292e-09	3.7896e-08	4.3961e-09	5.0675e-08	1.0413e-08	1.6341e-07	1.6678e-07	3.431e-07	5.83e-08	6.0343e-08	5.6389e-08	6.41e-07	3.8994e-08	1.5582e-08	9.7525e-09
43.9903	 	 	 	 	 	 	 	 	 	 	 	 	 	 	 	 	 	 	 	 	 	 	2.3986e-05	 	 	 	1.7439e-10	2.8422e-11	1.086e-09	9.5802e-11	8.368e-09	1.3951e-09	1.2534e-08	5.0769e-09	2.8222e-08	6.922e-09	2.4049e-08	3.1422e-09	2.7389e-08	2.4872e-08	6.9005e-09	2.8914e-08	1.0832e-08	5.4448e-08	8.0072e-09	2.1772e-07	1.73e-08	4.5602e-07	8.8933e-08	4.5911e-07	3.5774e-08	4.0324e-07	4.2136e-08	1.0867e-07	1.7725e-08	9.634e-08	2.7836e-08	1.1551e-08	6.4486e-08	9.991e-09	7.1342e-08	1.4905e-08	3.8756e-08	7.9657e-09	3.8163e-08	8.7036e-09	3.6553e-08	4.2393e-09	4.8844e-08	1.0043e-08	1.5728e-07	1.6073e-07	3.3019e-07	5.6152e-08	5.8033e-08	5.4142e-08	6.1573e-07	3.7495e-08	1.4955e-08	9.368e-09
44.6016	 	 	 	 	 	 	 	 	 	 	 	 	 	 	 	 	 	 	 	 	 	 	2.7247e-05	 	 	 	1.7974e-10	7.0313e-11	1.1252e-09	9.6492e-11	9.1499e-09	1.4466e-09	1.5263e-08	5.9585e-09	2.9826e-08	7.1977e-09	2.6876e-08	3.5915e-09	2.8192e-08	2.603e-08	7.13e-09	2.9205e-08	1.1073e-08	5.3887e-08	7.9185e-09	2.1462e-07	1.698e-08	4.4706e-07	8.721e-08	4.4964e-07	3.4814e-08	3.9279e-07	4.1024e-08	1.0572e-07	1.7243e-08	9.3537e-08	2.7086e-08	1.1215e-08	6.2549e-08	9.7093e-09	6.9066e-08	1.4415e-08	3.7529e-08	7.6999e-09	3.6893e-08	8.4175e-09	3.5262e-08	4.0951e-09	4.7069e-08	9.6863e-09	1.5145e-07	1.5446e-07	3.1829e-07	5.3963e-08	5.5874e-08	5.2037e-08	5.9179e-07	3.6132e-08	1.4373e-08	8.9773e-09
45.2215	 	 	 	 	 	 	 	 	 	 	 	 	 	 	 	 	 	 	 	 	 	 	3.2335e-05	 	 	 	1.9065e-10	1.4537e-10	1.1918e-09	9.8121e-11	9.7236e-09	1.5275e-09	2.2702e-08	6.4945e-09	3.1011e-08	7.3711e-09	3.2043e-08	3.8519e-09	2.8963e-08	2.6754e-08	7.2327e-09	2.9456e-08	1.1364e-08	5.3462e-08	7.8667e-09	2.1103e-07	1.6662e-08	4.3589e-07	8.5392e-08	4.3846e-07	3.3802e-08	3.8384e-07	3.9922e-08	1.0288e-07	1.6773e-08	9.1174e-08	2.6339e-08	1.0879e-08	6.0747e-08	9.4168e-09	6.7029e-08	1.3977e-08	3.6287e-08	7.4508e-09	3.5581e-08	8.1332e-09	3.3995e-08	3.9466e-09	4.5409e-08	9.3222e-09	1.4567e-07	1.4867e-07	3.06e-07	5.1924e-08	5.384e-08	4.9982e-08	5.7035e-07	3.4675e-08	1.3805e-08	8.6209e-09
45.8499	 	 	 	 	 	 	 	 	 	 	 	 	 	 	 	 	 	 	 	 	 	 	3.7579e-05	 	 	 	1.9843e-10	2.3305e-10	1.2428e-09	9.8212e-11	1.01e-08	1.5987e-09	3.0497e-08	6.8698e-09	3.2291e-08	7.6091e-09	3.6496e-08	4.0366e-09	2.9991e-08	2.7572e-08	7.262e-09	3.0151e-08	1.1401e-08	5.3285e-08	7.8044e-09	2.0687e-07	1.6263e-08	4.2398e-07	8.322e-08	4.2599e-07	3.2912e-08	3.733e-07	3.8835e-08	1.0013e-07	1.6356e-08	8.861e-08	2.5544e-08	1.0586e-08	5.8995e-08	9.1322e-09	6.4843e-08	1.3535e-08	3.5087e-08	7.2039e-09	3.4395e-08	7.8432e-09	3.2841e-08	3.8042e-09	4.3762e-08	8.9732e-09	1.4028e-07	1.4332e-07	2.9433e-07	4.9942e-08	5.1683e-08	4.8044e-08	5.4755e-07	3.3312e-08	1.3269e-08	8.2788e-09
46.4871	 	 	 	 	 	 	 	 	 	 	 	 	 	 	 	 	 	 	 	 	 	 	4.1298e-05	 	 	 	2.0198e-10	2.7715e-10	1.2682e-09	1.496e-10	1.0683e-08	1.6473e-09	3.5187e-08	7.2374e-09	3.307e-08	8.1556e-09	4.0586e-08	4.2127e-09	3.1305e-08	2.8357e-08	7.4041e-09	3.0893e-08	1.1403e-08	5.2698e-08	7.7339e-09	2.0373e-07	1.5879e-08	4.1401e-07	8.091e-08	4.1398e-07	3.2227e-08	3.6315e-07	3.7776e-08	9.7623e-08	1.5897e-08	8.6342e-08	2.4789e-08	1.0287e-08	5.7187e-08	8.8369e-09	6.2879e-08	1.3087e-08	3.3947e-08	6.9694e-09	3.3213e-08	7.5683e-09	3.1651e-08	3.6685e-09	4.2155e-08	8.6402e-09	1.3504e-07	1.378e-07	2.8305e-07	4.8154e-08	4.9696e-08	4.6306e-08	5.2597e-07	3.2026e-08	1.2727e-08	7.9576e-09
47.1332	 	 	 	 	 	 	 	 	 	 	 	 	 	 	 	 	 	 	 	 	 	 	4.3028e-05	 	 	 	2.0068e-10	3.0706e-10	1.2687e-09	2.5794e-10	1.1125e-08	1.645e-09	3.8029e-08	7.6125e-09	3.4032e-08	9.4793e-09	4.3005e-08	4.3958e-09	3.2317e-08	2.8554e-08	7.5735e-09	3.096e-08	1.1463e-08	5.2355e-08	7.6369e-09	1.999e-07	1.5564e-08	4.0557e-07	7.9182e-08	4.0394e-07	3.1406e-08	3.5325e-07	3.6837e-08	9.4806e-08	1.5475e-08	8.4061e-08	2.4147e-08	9.9856e-09	5.5396e-08	8.577e-09	6.089e-08	1.2655e-08	3.2833e-08	6.7173e-09	3.2027e-08	7.292e-09	3.0507e-08	3.5387e-09	4.0542e-08	8.3108e-09	1.3004e-07	1.3252e-07	2.7258e-07	4.6296e-08	4.772e-08	4.4449e-08	5.0563e-07	3.0778e-08	1.2215e-08	7.6322e-09
47.7882	 	 	 	 	 	 	 	 	 	 	 	 	 	 	 	 	 	 	 	 	 	 	4.4534e-05	 	 	 	2.0471e-10	3.2525e-10	1.2922e-09	4.4313e-10	1.132e-08	1.6823e-09	4.004e-08	7.9114e-09	3.6495e-08	1.1018e-08	4.477e-08	4.5007e-09	3.424e-08	2.8863e-08	7.6089e-09	3.0973e-08	1.1473e-08	5.1942e-08	7.524e-09	1.9582e-07	1.5268e-08	3.955e-07	7.7467e-08	3.9493e-07	3.0633e-08	3.4409e-07	3.5809e-08	9.238e-08	1.5052e-08	8.1796e-08	2.3431e-08	9.6817e-09	5.3699e-08	8.3011e-09	5.8877e-08	1.2243e-08	3.1708e-08	6.4972e-09	3.0913e-08	7.0463e-09	2.9423e-08	3.4053e-09	3.9064e-08	8.0031e-09	1.2497e-07	1.2746e-07	2.6258e-07	4.4478e-08	4.592e-08	4.2699e-08	4.8597e-07	2.9631e-08	1.1727e-08	7.3244e-09
48.4523	 	 	 	 	 	 	 	 	 	 	 	 	 	 	 	 	 	 	 	 	 	 	4.5976e-05	 	 	 	2.0598e-10	3.3817e-10	1.3006e-09	5.3622e-10	1.138e-08	1.8654e-09	4.2324e-08	8.1657e-09	4.2079e-08	1.2662e-08	4.7017e-08	4.6303e-09	3.6625e-08	2.9508e-08	7.705e-09	3.1149e-08	1.1363e-08	5.1475e-08	7.3977e-09	1.91e-07	1.4974e-08	3.8434e-07	7.5538e-08	3.8479e-07	2.9871e-08	3.3536e-07	3.4855e-08	8.9779e-08	1.4664e-08	7.9583e-08	2.2747e-08	9.4083e-09	5.2093e-08	8.0501e-09	5.6924e-08	1.1842e-08	3.0614e-08	6.2778e-09	2.9809e-08	6.7918e-09	2.8378e-08	3.2788e-09	3.7545e-08	7.7043e-09	1.2025e-07	1.227e-07	2.5208e-07	4.2743e-08	4.4216e-08	4.1049e-08	4.6745e-07	2.8515e-08	1.1262e-08	7.0197e-09
49.1257	 	 	 	 	 	 	 	 	 	 	 	 	 	 	 	 	 	 	 	 	 	 	4.7219e-05	 	 	 	2.2279e-10	3.5899e-10	1.5521e-09	6.0033e-10	1.1642e-08	2.3351e-09	4.4296e-08	8.3587e-09	4.9219e-08	1.3751e-08	4.8545e-08	4.8367e-09	3.9074e-08	3.0027e-08	7.9167e-09	3.1134e-08	1.1281e-08	5.0831e-08	7.2603e-09	1.8652e-07	1.4651e-08	3.7348e-07	7.3314e-08	3.7577e-07	2.9062e-08	3.256e-07	3.3906e-08	8.7505e-08	1.428e-08	7.7363e-08	2.2069e-08	9.1337e-09	5.0392e-08	7.7948e-09	5.5085e-08	1.1435e-08	2.9586e-08	6.0538e-09	2.8765e-08	6.5453e-09	2.7314e-08	3.1564e-09	3.616e-08	7.419e-09	1.1568e-07	1.1826e-07	2.4238e-07	4.1065e-08	4.2441e-08	3.9455e-08	4.5011e-07	2.7379e-08	1.0823e-08	6.7383e-09
49.8084	 	 	 	 	 	 	 	 	 	 	 	 	 	 	 	 	 	 	 	 	 	 	4.7656e-05	 	 	 	2.6561e-10	3.7158e-10	2.5414e-09	6.4897e-10	1.362e-08	3.5366e-09	4.6039e-08	8.8034e-09	5.6507e-08	1.4473e-08	4.9857e-08	5.0239e-09	4.0168e-08	3.0124e-08	8.06e-09	3.0846e-08	1.1239e-08	5.0081e-08	7.1389e-09	1.833e-07	1.4276e-08	3.6433e-07	7.1255e-08	3.6583e-07	2.8276e-08	3.1742e-07	3.3031e-08	8.5204e-08	1.3891e-08	7.5028e-08	2.1446e-08	8.8547e-09	4.8827e-08	7.5384e-09	5.3272e-08	1.1042e-08	2.8552e-08	5.8422e-09	2.7732e-08	6.3146e-09	2.6289e-08	3.037e-09	3.4833e-08	7.13e-09	1.1155e-07	1.1352e-07	2.3276e-07	3.9566e-08	4.0773e-08	3.7959e-08	4.3244e-07	2.6278e-08	1.0383e-08	6.4683e-09
50.5006	 	 	 	 	 	 	 	 	 	 	 	 	 	 	 	 	 	 	 	 	 	 	4.7951e-05	 	 	 	6.4269e-10	3.7668e-10	4.8752e-09	6.7426e-10	1.8722e-08	4.5178e-09	4.7363e-08	9.6634e-09	6.1568e-08	1.5077e-08	5.1508e-08	5.2163e-09	4.1364e-08	3.0701e-08	8.0651e-09	3.0638e-08	1.1101e-08	4.9242e-08	7.0068e-09	1.7964e-07	1.3885e-08	3.563e-07	6.9691e-08	3.5602e-07	2.7488e-08	3.0855e-07	3.2166e-08	8.2899e-08	1.352e-08	7.2866e-08	2.0793e-08	8.5734e-09	4.7281e-08	7.2872e-09	5.147e-08	1.0671e-08	2.7535e-08	5.6284e-09	2.6726e-08	6.0859e-09	2.5316e-08	2.924e-09	3.3522e-08	6.8608e-09	1.0721e-07	1.0916e-07	2.2405e-07	3.8005e-08	3.9201e-08	3.6544e-08	4.1494e-07	2.5241e-08	9.9526e-09	6.2122e-09
51.2024	 	 	 	 	 	 	 	 	 	 	 	 	 	 	 	 	 	 	 	 	 	 	4.838e-05	 	 	 	1.3208e-09	3.7817e-10	6.6494e-09	7.1022e-10	2.7251e-08	5.0803e-09	4.8387e-08	1.1544e-08	6.4873e-08	1.5824e-08	5.3831e-08	5.5588e-09	4.2709e-08	3.1621e-08	8.0774e-09	3.0515e-08	1.1055e-08	4.833e-08	6.8495e-09	1.7623e-07	1.3598e-08	3.4717e-07	6.8041e-08	3.4636e-07	2.6805e-08	3.0064e-07	3.129e-08	8.0668e-08	1.3152e-08	7.0947e-08	2.0161e-08	8.3162e-09	4.5711e-08	7.0533e-09	4.9671e-08	1.0298e-08	2.6568e-08	5.4392e-09	2.5796e-08	5.8626e-09	2.4349e-08	2.8145e-09	3.2223e-08	6.6e-09	1.0301e-07	1.0482e-07	2.1564e-07	3.6504e-08	3.7677e-08	3.5104e-08	3.9863e-07	2.4237e-08	9.5427e-09	5.9589e-09
51.914	 	 	 	 	 	 	 	 	 	 	 	 	 	 	 	 	 	 	 	 	 	 	4.7991e-05	 	 	 	2.1963e-09	3.8538e-10	7.664e-09	7.4479e-10	3.2542e-08	5.4657e-09	5.1576e-08	1.317e-08	6.755e-08	1.6216e-08	5.5659e-08	5.9964e-09	4.3267e-08	3.1818e-08	8.14e-09	3.0115e-08	1.0942e-08	4.7522e-08	6.6848e-09	1.7198e-07	1.3294e-08	3.39e-07	6.6282e-08	3.3697e-07	2.6097e-08	2.9269e-07	3.0456e-08	7.8444e-08	1.2759e-08	6.8849e-08	1.9521e-08	8.061e-09	4.4225e-08	6.8199e-09	4.801e-08	9.9312e-09	2.565e-08	5.2431e-09	2.482e-08	5.6385e-09	2.345e-08	2.7109e-09	3.1002e-08	6.3648e-09	9.8978e-08	1.0086e-07	2.0701e-07	3.5089e-08	3.6301e-08	3.3687e-08	3.8258e-07	2.3342e-08	9.1672e-09	5.7201e-09
52.6355	 	 	 	 	 	 	 	 	 	 	 	 	 	 	 	 	 	 	 	 	 	 	4.7246e-05	 	 	 	2.6212e-09	3.8631e-10	8.3544e-09	7.7004e-10	3.5821e-08	5.7314e-09	5.7683e-08	1.4882e-08	7.0953e-08	1.6677e-08	5.8734e-08	6.2529e-09	4.3497e-08	3.1831e-08	8.0935e-09	3.0028e-08	1.0854e-08	4.6645e-08	6.5401e-09	1.6743e-07	1.296e-08	3.3009e-07	6.479e-08	3.2861e-07	2.5367e-08	2.8485e-07	2.9627e-08	7.6082e-08	1.2375e-08	6.6822e-08	1.8946e-08	7.8064e-09	4.2767e-08	6.5943e-09	4.6341e-08	9.5822e-09	2.4732e-08	5.0526e-09	2.3931e-08	5.4331e-09	2.2577e-08	2.6053e-09	2.9833e-08	6.1169e-09	9.5111e-08	9.7132e-08	1.9889e-07	3.3727e-08	3.491e-08	3.2362e-08	3.6858e-07	2.2391e-08	8.7966e-09	5.4857e-09
53.367	 	 	 	 	 	 	 	 	 	 	 	 	 	 	 	 	 	 	 	 	 	 	4.8979e-05	 	 	2.7513e-11	2.9186e-09	5.4301e-10	8.8158e-09	7.6978e-10	3.8141e-08	6.0604e-09	6.8811e-08	1.5839e-08	7.2784e-08	1.7354e-08	6.2714e-08	6.4312e-09	4.4389e-08	3.1969e-08	8.0266e-09	2.9686e-08	1.0712e-08	4.5596e-08	6.422e-09	1.6316e-07	1.2577e-08	3.2125e-07	6.3017e-08	3.1938e-07	2.4701e-08	2.7714e-07	2.8743e-08	7.3851e-08	1.206e-08	6.4859e-08	1.8328e-08	7.559e-09	4.1378e-08	6.3596e-09	4.4695e-08	9.2521e-09	2.3843e-08	4.8751e-09	2.3013e-08	5.2219e-09	2.174e-08	2.507e-09	2.8775e-08	5.8778e-09	9.1658e-08	9.3233e-08	1.9122e-07	3.2429e-08	3.3504e-08	3.1064e-08	3.5367e-07	2.1501e-08	8.4511e-09	5.2653e-09
54.1087	 	 	 	 	 	 	 	 	 	 	 	 	 	 	 	 	 	 	 	 	 	 	5.2677e-05	 	 	8.5654e-11	3.1003e-09	8.95e-10	9.1862e-09	7.8568e-10	4.0048e-08	6.3061e-09	7.845e-08	1.6546e-08	7.4844e-08	1.8074e-08	6.7319e-08	6.6376e-09	4.5414e-08	3.2103e-08	7.9835e-09	2.9462e-08	1.0549e-08	4.4502e-08	6.2978e-09	1.6002e-07	1.2224e-08	3.1254e-07	6.1309e-08	3.1098e-07	2.4046e-08	2.6935e-07	2.7876e-08	7.1935e-08	1.1704e-08	6.302e-08	1.7774e-08	7.3188e-09	3.9908e-08	6.1481e-09	4.3133e-08	8.9205e-09	2.2989e-08	4.6976e-09	2.217e-08	5.0294e-09	2.0894e-08	2.4116e-09	2.7627e-08	5.6474e-09	8.802e-08	8.957e-08	1.8379e-07	3.1239e-08	3.217e-08	2.9924e-08	3.3955e-07	2.0646e-08	8.105e-09	5.055e-09
54.8606	 	 	 	 	 	 	 	 	 	 	 	 	 	 	 	 	 	 	 	 	 	 	5.6568e-05	 	 	1.6665e-10	3.2201e-09	1.6455e-09	9.71e-09	8.5832e-10	4.2286e-08	6.5689e-09	8.721e-08	1.7328e-08	7.7811e-08	1.8692e-08	6.9243e-08	6.8126e-09	4.558e-08	3.1776e-08	7.9307e-09	2.9069e-08	1.037e-08	4.3544e-08	6.1727e-09	1.5609e-07	1.1972e-08	3.0406e-07	5.9671e-08	3.0247e-07	2.3417e-08	2.6126e-07	2.7168e-08	6.981e-08	1.1366e-08	6.1095e-08	1.7213e-08	7.0752e-09	3.8587e-08	5.9376e-09	4.1626e-08	8.5997e-09	2.2184e-08	4.5264e-09	2.132e-08	4.8453e-09	2.0105e-08	2.3255e-09	2.6556e-08	5.427e-09	8.4551e-08	8.612e-08	1.7712e-07	3.0018e-08	3.089e-08	2.8707e-08	3.2591e-07	1.9844e-08	7.7744e-09	4.8489e-09
55.623	 	 	 	 	 	 	 	 	 	 	 	 	 	 	 	 	 	 	 	 	 	 	5.898e-05	 	 	2.0356e-10	3.4212e-09	2.0656e-09	1.0099e-08	1.0542e-09	4.3969e-08	6.7304e-09	9.2415e-08	1.7982e-08	8.1096e-08	1.9917e-08	7.1294e-08	6.8506e-09	4.6194e-08	3.1533e-08	7.8312e-09	2.8617e-08	1.0186e-08	4.2757e-08	6.0178e-09	1.5188e-07	1.1679e-08	2.9653e-07	5.8085e-08	2.9473e-07	2.2787e-08	2.5384e-07	2.6367e-08	6.7769e-08	1.1024e-08	5.9221e-08	1.6645e-08	6.8475e-09	3.7289e-08	5.7257e-09	4.0148e-08	8.2921e-09	2.1341e-08	4.3529e-09	2.0516e-08	4.6628e-09	1.9342e-08	2.2355e-09	2.5508e-08	5.2302e-09	8.128e-08	8.2772e-08	1.7028e-07	2.8808e-08	2.9679e-08	2.7567e-08	3.1325e-07	1.9057e-08	7.4633e-09	4.6487e-09
56.3961	 	 	 	 	 	 	 	 	 	 	 	 	 	 	 	 	 	 	 	 	 	 	6.204e-05	 	 	2.2874e-10	3.5471e-09	2.3356e-09	1.0213e-08	1.6058e-09	4.5521e-08	6.9259e-09	9.6231e-08	1.8448e-08	8.3809e-08	2.1411e-08	7.3712e-08	6.9401e-09	4.7551e-08	3.1435e-08	7.8187e-09	2.8116e-08	1.0006e-08	4.1933e-08	5.852e-09	1.475e-07	1.1378e-08	2.8825e-07	5.6637e-08	2.8704e-07	2.2186e-08	2.4709e-07	2.5607e-08	6.5763e-08	1.0714e-08	5.7371e-08	1.6095e-08	6.6209e-09	3.5965e-08	5.5271e-09	3.8707e-08	8.0012e-09	2.0561e-08	4.1949e-09	1.9778e-08	4.4824e-09	1.8655e-08	2.148e-09	2.4523e-08	5.0225e-09	7.8124e-08	7.975e-08	1.6342e-07	2.7677e-08	2.8574e-08	2.6463e-08	3.0089e-07	1.8318e-08	7.1617e-09	4.4621e-09
57.1798	 	 	 	 	 	 	 	 	 	 	 	 	 	 	 	 	 	 	 	 	 	 	6.8343e-05	 	 	2.4434e-10	3.6007e-09	2.5393e-09	1.0317e-08	2.0875e-09	4.6624e-08	7.4315e-09	1.0112e-07	1.9009e-08	8.9258e-08	2.2541e-08	7.4815e-08	7.0988e-09	4.8272e-08	3.1099e-08	7.7264e-09	2.764e-08	9.821e-09	4.1097e-08	5.7217e-09	1.437e-07	1.1121e-08	2.8064e-07	5.5005e-08	2.7924e-07	2.1582e-08	2.398e-07	2.4836e-08	6.3908e-08	1.0393e-08	5.5679e-08	1.5575e-08	6.4059e-09	3.4704e-08	5.33e-09	3.7316e-08	7.698e-09	1.9787e-08	4.0313e-09	1.9014e-08	4.3125e-09	1.7925e-08	2.0641e-09	2.3637e-08	4.8246e-09	7.5134e-08	7.6699e-08	1.5694e-07	2.6555e-08	2.741e-08	2.5435e-08	2.8922e-07	1.7559e-08	6.8758e-09	4.2804e-09
57.9745	 	 	 	 	 	 	 	 	 	 	 	 	 	 	 	 	 	 	 	 	 	 	7.1946e-05	 	 	2.5227e-10	3.6126e-09	2.645e-09	1.0526e-08	2.3653e-09	4.8767e-08	8.5754e-09	1.0438e-07	1.9894e-08	9.5872e-08	2.3177e-08	7.5143e-08	7.2043e-09	4.8311e-08	3.0902e-08	7.6617e-09	2.7135e-08	9.59e-09	4.0066e-08	5.6023e-09	1.4069e-07	1.0817e-08	2.73e-07	5.361e-08	2.7179e-07	2.0952e-08	2.3271e-07	2.4139e-08	6.1961e-08	1.008e-08	5.3849e-08	1.5064e-08	6.1742e-09	3.3446e-08	5.1435e-09	3.6015e-08	7.4157e-09	1.9048e-08	3.8825e-09	1.8292e-08	4.1503e-09	1.7226e-08	1.9833e-09	2.2688e-08	4.6381e-09	7.2365e-08	7.3612e-08	1.5067e-07	2.5577e-08	2.6313e-08	2.4431e-08	2.7738e-07	1.6862e-08	6.5908e-09	4.1158e-09
58.7802	 	 	 	 	 	 	 	 	 	 	 	 	 	 	 	 	 	 	 	 	 	 	7.4281e-05	 	 	2.68e-10	3.6834e-09	2.7771e-09	1.2701e-08	2.5485e-09	5.2759e-08	1.0036e-08	1.0725e-07	2.0616e-08	1.012e-07	2.3894e-08	7.6646e-08	7.2458e-09	4.8418e-08	3.0665e-08	7.5566e-09	2.6632e-08	9.3647e-09	3.8962e-08	5.4638e-09	1.3712e-07	1.0524e-08	2.6601e-07	5.2109e-08	2.644e-07	2.0324e-08	2.2595e-07	2.3416e-08	6.0078e-08	9.7555e-09	5.2206e-08	1.4551e-08	5.9723e-09	3.2319e-08	4.9592e-09	3.4643e-08	7.1373e-09	1.8334e-08	3.7413e-09	1.7592e-08	4.003e-09	1.655e-08	1.9113e-09	2.1797e-08	4.458e-09	6.9534e-08	7.0683e-08	1.4483e-07	2.4562e-08	2.5281e-08	2.3483e-08	2.6627e-07	1.6189e-08	6.3218e-09	3.948e-09
59.5971	 	 	 	 	 	 	 	 	 	 	 	 	 	 	 	 	 	 	 	 	 	 	7.6791e-05	 	 	2.784e-10	3.6949e-09	2.9198e-09	1.8296e-08	2.6762e-09	6.2897e-08	1.1533e-08	1.1093e-07	2.1618e-08	1.0406e-07	2.4609e-08	7.8435e-08	7.401e-09	4.8833e-08	3.0397e-08	7.4329e-09	2.5998e-08	9.1766e-09	3.8103e-08	5.3063e-09	1.3381e-07	1.0238e-08	2.5908e-07	5.0791e-08	2.565e-07	1.9792e-08	2.1953e-07	2.2711e-08	5.8186e-08	9.4696e-09	5.0568e-08	1.4049e-08	5.7709e-09	3.1153e-08	4.7799e-09	3.339e-08	6.8698e-09	1.7645e-08	3.5997e-09	1.6949e-08	3.8433e-09	1.5906e-08	1.8357e-09	2.0957e-08	4.2877e-09	6.6727e-08	6.7872e-08	1.394e-07	2.3577e-08	2.4296e-08	2.2517e-08	2.5566e-07	1.5556e-08	6.0712e-09	3.7906e-09
60.4253	 	 	 	 	 	 	 	 	 	 	 	 	 	 	 	 	 	 	 	 	 	 	7.939e-05	 	 	2.8242e-10	5.1088e-09	3.0306e-09	2.5628e-08	2.8315e-09	7.2167e-08	1.2565e-08	1.1595e-07	2.3018e-08	1.0727e-07	2.4821e-08	7.8821e-08	7.6106e-09	4.8423e-08	3.0022e-08	7.2887e-09	2.5391e-08	9.0057e-09	3.7305e-08	5.1581e-09	1.3044e-07	9.9758e-09	2.5205e-07	4.946e-08	2.4884e-07	1.9224e-08	2.1283e-07	2.198e-08	5.6476e-08	9.1652e-09	4.8897e-08	1.3579e-08	5.5651e-09	3.0026e-08	4.6137e-09	3.2126e-08	6.6132e-09	1.7002e-08	3.4608e-09	1.632e-08	3.6946e-09	1.5331e-08	1.7633e-09	2.0143e-08	4.1296e-09	6.4108e-08	6.5213e-08	1.3372e-07	2.2627e-08	2.3336e-08	2.1621e-08	2.4555e-07	1.4935e-08	5.8238e-09	3.6327e-09
61.265	 	 	 	 	 	 	 	 	 	 	 	 	 	 	 	 	 	 	 	 	 	 	8.0076e-05	4.3921e-11	 	2.8161e-10	8.3593e-09	3.0357e-09	3.013e-08	2.9502e-09	8.2424e-08	1.3242e-08	1.1986e-07	2.4832e-08	1.1054e-07	2.5068e-08	7.9858e-08	7.6443e-09	4.8049e-08	2.9583e-08	7.1797e-09	2.4897e-08	8.8339e-09	3.6383e-08	5.0399e-09	1.2694e-07	9.7234e-09	2.4534e-07	4.8132e-08	2.4253e-07	1.867e-08	2.0625e-07	2.1337e-08	5.4628e-08	8.8891e-09	4.7297e-08	1.3106e-08	5.3718e-09	2.8969e-08	4.4391e-09	3.0934e-08	6.3652e-09	1.6342e-08	3.3296e-09	1.5672e-08	3.5488e-09	1.472e-08	1.6951e-09	1.9388e-08	3.968e-09	6.1523e-08	6.2786e-08	1.2835e-07	2.1748e-08	2.2429e-08	2.0758e-08	2.3596e-07	1.434e-08	5.6002e-09	3.4859e-09
62.1165	 	 	 	 	 	 	 	 	 	 	 	 	 	 	 	 	 	 	 	 	 	 	8.1465e-05	2.1433e-10	5.0276e-10	2.8725e-10	1.5598e-08	3.0901e-09	3.2867e-08	3.0728e-09	8.8193e-08	1.3798e-08	1.2679e-07	2.568e-08	1.1158e-07	2.5638e-08	8.212e-08	7.6488e-09	4.7831e-08	2.9093e-08	7.0452e-09	2.4427e-08	8.6476e-09	3.5331e-08	4.9246e-09	1.2351e-07	9.4411e-09	2.3867e-07	4.6839e-08	2.3536e-07	1.8104e-08	1.9989e-07	2.0652e-08	5.2975e-08	8.6091e-09	4.5755e-08	1.264e-08	5.1763e-09	2.7926e-08	4.2803e-09	2.9769e-08	6.1325e-09	1.5725e-08	3.2048e-09	1.5068e-08	3.4123e-09	1.4141e-08	1.6294e-09	1.8663e-08	3.8078e-09	5.9274e-08	6.023e-08	1.2334e-07	2.0892e-08	2.1492e-08	1.994e-08	2.2642e-07	1.3737e-08	5.3699e-09	3.3462e-09
62.9797	 	 	 	 	 	 	 	 	 	 	 	 	 	 	 	 	 	 	 	 	 	 	8.2269e-05	6.5259e-10	1.6088e-09	2.8854e-10	1.9712e-08	3.3085e-09	3.4779e-08	3.1518e-09	9.2395e-08	1.4495e-08	1.356e-07	2.6435e-08	1.1261e-07	2.6137e-08	8.3571e-08	7.6907e-09	4.7462e-08	2.8563e-08	6.9089e-09	2.3962e-08	8.4281e-09	3.4346e-08	4.7984e-09	1.2011e-07	9.2052e-09	2.3156e-07	4.5545e-08	2.2856e-07	1.7597e-08	1.9399e-07	2.003e-08	5.1309e-08	8.3258e-09	4.4267e-08	1.2197e-08	5.0012e-09	2.69e-08	4.1166e-09	2.8648e-08	5.8943e-09	1.5125e-08	3.0905e-09	1.4473e-08	3.2889e-09	1.3595e-08	1.5671e-09	1.7923e-08	3.6584e-09	5.6891e-08	5.782e-08	1.1853e-07	2.0083e-08	2.064e-08	1.9155e-08	2.1701e-07	1.3176e-08	5.1542e-09	3.214e-09
63.855	 	 	 	 	 	 	 	 	 	 	 	 	 	 	 	 	 	 	 	 	 	 	8.1956e-05	9.8485e-10	3.6099e-09	4.5957e-10	2.2329e-08	4.0512e-09	3.6696e-08	3.2362e-09	9.6575e-08	1.4867e-08	1.4517e-07	2.735e-08	1.1517e-07	2.6218e-08	8.3652e-08	7.7048e-09	4.6969e-08	2.8086e-08	6.7407e-09	2.3443e-08	8.1978e-09	3.3569e-08	4.6894e-09	1.1716e-07	8.9513e-09	2.2465e-07	4.4177e-08	2.2174e-07	1.7079e-08	1.8762e-07	1.9399e-08	4.9618e-08	8.05e-09	4.2728e-08	1.1778e-08	4.8216e-09	2.5875e-08	3.9657e-09	2.7609e-08	5.672e-09	1.4584e-08	2.967e-09	1.3939e-08	3.1567e-09	1.3068e-08	1.5094e-09	1.7203e-08	3.5111e-09	5.4617e-08	5.5557e-08	1.1387e-07	1.9269e-08	1.982e-08	1.8385e-08	2.0809e-07	1.2655e-08	4.9402e-09	3.0855e-09
64.7424	 	 	 	 	 	 	 	 	 	 	 	 	 	 	 	 	 	 	 	 	 	 	8.209e-05	1.1686e-09	4.5729e-09	8.598e-10	2.43e-08	6.095e-09	3.8602e-08	3.4751e-09	1.0061e-07	1.5295e-08	1.4934e-07	2.7874e-08	1.1753e-07	2.6708e-08	8.3822e-08	7.6326e-09	4.6819e-08	2.7573e-08	6.5842e-09	2.2844e-08	8.0287e-09	3.2796e-08	4.5631e-09	1.14e-07	8.7225e-09	2.1896e-07	4.2906e-08	2.1553e-07	1.6562e-08	1.8187e-07	1.8761e-08	4.7989e-08	7.7918e-09	4.1297e-08	1.1357e-08	4.6465e-09	2.4935e-08	3.8146e-09	2.654e-08	5.456e-09	1.4026e-08	2.8528e-09	1.3405e-08	3.033e-09	1.2571e-08	1.4504e-09	1.6526e-08	3.3829e-09	5.2423e-08	5.3392e-08	1.0941e-07	1.849e-08	1.9056e-08	1.7617e-08	1.9991e-07	1.2153e-08	4.7424e-09	2.9602e-09
65.6422	 	 	 	 	 	 	 	 	 	 	 	 	 	 	 	 	 	 	 	 	 	 	8.2075e-05	1.2827e-09	5.2159e-09	1.8009e-09	2.5325e-08	8.0913e-09	4.0149e-08	3.9896e-09	1.0314e-07	1.5922e-08	1.5386e-07	2.7977e-08	1.1786e-07	2.7528e-08	8.453e-08	7.58e-09	4.6325e-08	2.6949e-08	6.4683e-09	2.2228e-08	7.852e-09	3.1956e-08	4.4408e-09	1.1091e-07	8.4927e-09	2.125e-07	4.1785e-08	2.0904e-07	1.6032e-08	1.7616e-07	1.814e-08	4.6433e-08	7.5356e-09	3.9907e-08	1.0949e-08	4.4846e-09	2.3968e-08	3.6706e-09	2.5537e-08	5.2615e-09	1.3476e-08	2.74e-09	1.2872e-08	2.9162e-09	1.2106e-08	1.3919e-09	1.5869e-08	3.2465e-09	5.039e-08	5.1287e-08	1.0485e-07	1.7755e-08	1.8279e-08	1.6895e-08	1.9188e-07	1.1666e-08	4.5541e-09	2.841e-09
66.5544	 	 	 	 	 	 	 	 	 	 	 	 	 	 	 	 	 	 	 	1.5129e-12	 	 	8.2532e-05	1.3398e-09	5.6283e-09	2.3443e-09	2.6594e-08	9.2611e-09	4.1437e-08	4.6916e-09	1.0624e-07	1.6593e-08	1.59e-07	2.8499e-08	1.1997e-07	2.7733e-08	8.3966e-08	7.5551e-09	4.5864e-08	2.631e-08	6.3418e-09	2.1779e-08	7.657e-09	3.1235e-08	4.3223e-09	1.0796e-07	8.2672e-09	2.0637e-07	4.0556e-08	2.0276e-07	1.5561e-08	1.7033e-07	1.7559e-08	4.492e-08	7.284e-09	3.8502e-08	1.0558e-08	4.3193e-09	2.3086e-08	3.5388e-09	2.4561e-08	5.059e-09	1.2952e-08	2.6352e-09	1.2371e-08	2.8029e-09	1.1632e-08	1.3373e-09	1.5285e-08	3.1169e-09	4.8405e-08	4.9293e-08	1.007e-07	1.705e-08	1.7547e-08	1.623e-08	1.8431e-07	1.1198e-08	4.3736e-09	2.7294e-09
67.4793	 	 	 	 	 	 	 	 	 	 	 	 	 	 	 	 	 	1.3145e-12	 	4.9273e-12	 	 	8.3119e-05	1.4027e-09	5.8089e-09	2.683e-09	2.7973e-08	1.0001e-08	4.2417e-08	5.3914e-09	1.1118e-07	1.717e-08	1.6122e-07	2.9172e-08	1.2366e-07	2.7756e-08	8.3313e-08	7.465e-09	4.5229e-08	2.576e-08	6.2226e-09	2.1287e-08	7.4315e-09	3.0392e-08	4.2074e-09	1.0516e-07	8.0442e-09	2.0021e-07	3.9368e-08	1.9629e-07	1.5074e-08	1.648e-07	1.6982e-08	4.3373e-08	7.0286e-09	3.7149e-08	1.0189e-08	4.1648e-09	2.2243e-08	3.4021e-09	2.3681e-08	4.861e-09	1.2445e-08	2.5396e-09	1.1894e-08	2.6987e-09	1.1162e-08	1.2834e-09	1.4663e-08	2.9919e-09	4.653e-08	4.7232e-08	9.6711e-08	1.6389e-08	1.6816e-08	1.5582e-08	1.7681e-07	1.0736e-08	4.1999e-09	2.6215e-09
68.4171	 	 	 	 	 	 	 	 	 	 	 	 	 	 	 	1.5646e-12	 	4.2931e-12	 	1.1829e-11	 	 	8.6712e-05	1.4798e-09	6.1578e-09	2.9301e-09	2.9043e-08	1.0522e-08	4.4874e-08	5.8871e-09	1.1541e-07	1.8309e-08	1.6212e-07	2.9395e-08	1.2472e-07	2.7884e-08	8.292e-08	7.4371e-09	4.4491e-08	2.5294e-08	6.077e-09	2.0752e-08	7.2242e-09	2.9576e-08	4.1034e-09	1.0243e-07	7.8171e-09	1.9461e-07	3.8219e-08	1.9055e-07	1.4612e-08	1.594e-07	1.6415e-08	4.1904e-08	6.7948e-09	3.5821e-08	9.8038e-09	4.0041e-09	2.1407e-08	3.2732e-09	2.2782e-08	4.6715e-09	1.1992e-08	2.4376e-09	1.1434e-08	2.5974e-09	1.0724e-08	1.2366e-09	1.4081e-08	2.8759e-09	4.4631e-08	4.5362e-08	9.2972e-08	1.5724e-08	1.614e-08	1.4963e-08	1.6957e-07	1.031e-08	4.0275e-09	2.5163e-09
69.3679	 	 	 	 	 	 	 	 	 	 	 	 	 	 	 	4.9825e-12	 	1.0402e-11	 	1.5406e-11	 	 	8.9952e-05	1.5261e-09	6.424e-09	3.0517e-09	2.9096e-08	1.1141e-08	4.9683e-08	6.2098e-09	1.2057e-07	1.9704e-08	1.6553e-07	2.9744e-08	1.2484e-07	2.8017e-08	8.2338e-08	7.3628e-09	4.3636e-08	2.4813e-08	5.9187e-09	2.0143e-08	7.0767e-09	2.879e-08	3.9863e-09	9.9668e-08	7.5841e-09	1.8876e-07	3.7141e-08	1.8439e-07	1.415e-08	1.5425e-07	1.584e-08	4.05e-08	6.5605e-09	3.4611e-08	9.4438e-09	3.8601e-09	2.0581e-08	3.1483e-09	2.1886e-08	4.4891e-09	1.152e-08	2.342e-09	1.1019e-08	2.4941e-09	1.0294e-08	1.1868e-09	1.3523e-08	2.7627e-09	4.2844e-08	4.3564e-08	8.9181e-08	1.5075e-08	1.5498e-08	1.4358e-08	1.6284e-07	9.893e-09	3.8648e-09	2.4152e-09
70.332	 	 	 	 	 	 	 	 	 	 	 	 	 	 	 	1.0694e-11	 	1.3595e-11	 	1.7693e-11	 	2.0052e-11	9.3639e-05	1.5254e-09	6.5529e-09	3.2114e-09	2.9632e-08	1.1628e-08	5.9564e-08	6.472e-09	1.2829e-07	2.0735e-08	1.6945e-07	3.0537e-08	1.2538e-07	2.774e-08	8.1428e-08	7.307e-09	4.2983e-08	2.4311e-08	5.7664e-09	1.959e-08	6.9046e-09	2.8027e-08	3.8852e-09	9.7045e-08	7.3737e-09	1.8308e-07	3.6012e-08	1.7884e-07	1.3695e-08	1.4881e-07	1.5313e-08	3.9081e-08	6.328e-09	3.3363e-08	9.091e-09	3.7091e-09	1.9802e-08	3.0341e-09	2.1038e-08	4.3263e-09	1.1066e-08	2.252e-09	1.0591e-08	2.3942e-09	9.9178e-09	1.1395e-09	1.2999e-08	2.6557e-09	4.1139e-08	4.1884e-08	8.5592e-08	1.4455e-08	1.4884e-08	1.3767e-08	1.5625e-07	9.4951e-09	3.7155e-09	2.3162e-09
71.3094	 	 	 	 	 	 	 	 	 	 	 	 	 	 	 	1.3258e-11	 	1.5627e-11	 	1.9178e-11	 	6.8949e-11	9.5384e-05	1.5397e-09	6.5138e-09	3.3807e-09	3.1823e-08	1.211e-08	6.7893e-08	6.8032e-09	1.3876e-07	2.133e-08	1.7014e-07	3.1196e-08	1.2607e-07	2.7538e-08	8.1238e-08	7.213e-09	4.2192e-08	2.3701e-08	5.6577e-09	1.9192e-08	6.7283e-09	2.7334e-08	3.777e-09	9.4423e-08	7.1756e-09	1.7726e-07	3.4909e-08	1.7322e-07	1.3241e-08	1.4389e-07	1.4785e-08	3.7703e-08	6.1078e-09	3.2162e-08	8.7495e-09	3.5715e-09	1.906e-08	2.9206e-09	2.0213e-08	4.1553e-09	1.0639e-08	2.1645e-09	1.0165e-08	2.2999e-09	9.5158e-09	1.0938e-09	1.2484e-08	2.5469e-09	3.9515e-08	4.0176e-08	8.2042e-08	1.3888e-08	1.428e-08	1.3223e-08	1.5001e-07	9.1023e-09	3.5676e-09	2.2251e-09
72.3004	 	 	 	 	 	 	 	 	 	 	 	 	 	 	 	1.5039e-11	 	1.6948e-11	 	1.9806e-11	 	2.0145e-10	9.6756e-05	1.5619e-09	6.6473e-09	3.5047e-09	3.9037e-08	1.2439e-08	7.6216e-08	6.982e-09	1.44e-07	2.2004e-08	1.7254e-07	3.1241e-08	1.2481e-07	2.7463e-08	8.0359e-08	7.1044e-09	4.1331e-08	2.305e-08	5.5202e-09	1.8721e-08	6.5765e-09	2.6552e-08	3.6823e-09	9.1636e-08	6.9655e-09	1.7208e-07	3.3829e-08	1.6753e-07	1.2818e-08	1.3907e-07	1.4261e-08	3.6367e-08	5.8948e-09	3.1028e-08	8.4246e-09	3.4435e-09	1.8383e-08	2.8053e-09	1.9476e-08	3.9919e-09	1.0227e-08	2.085e-09	9.766e-09	2.2088e-09	9.1383e-09	1.0514e-09	1.2001e-08	2.4454e-09	3.7972e-08	3.8565e-08	7.8771e-08	1.3328e-08	1.371e-08	1.2688e-08	1.4378e-07	8.735e-09	3.4234e-09	2.1378e-09
73.3052	 	 	 	 	 	 	 	 	 	 	 	 	 	 	 	1.6162e-11	 	1.7505e-11	 	2.0961e-11	 	2.8102e-10	9.7163e-05	1.5704e-09	6.6938e-09	3.5063e-09	5.8932e-08	1.2733e-08	8.1014e-08	7.1853e-09	1.4828e-07	2.2663e-08	1.7778e-07	3.1293e-08	1.2392e-07	2.7174e-08	7.9615e-08	6.9851e-09	4.033e-08	2.2566e-08	5.3738e-09	1.825e-08	6.3981e-09	2.5884e-08	3.5864e-09	8.8878e-08	6.7584e-09	1.6652e-07	3.2835e-08	1.6202e-07	1.2396e-08	1.3415e-07	1.3765e-08	3.5137e-08	5.6864e-09	2.9924e-08	8.1103e-09	3.3116e-09	1.765e-08	2.6971e-09	1.8712e-08	3.8379e-09	9.8358e-09	2.0061e-09	9.3725e-09	2.1274e-09	8.7734e-09	1.01e-09	1.1504e-08	2.3481e-09	3.644e-08	3.6962e-08	7.5616e-08	1.2806e-08	1.3149e-08	1.2179e-08	1.3796e-07	8.3855e-09	3.2847e-09	2.0543e-09
74.324	 	 	 	 	 	 	 	 	 	 	 	 	 	 	 	1.6675e-11	 	1.8522e-11	 	2.1908e-11	 	3.2793e-10	9.8295e-05	4.0757e-09	1.0317e-08	3.5711e-09	7.8023e-08	1.3687e-08	8.4521e-08	7.4817e-09	1.5341e-07	2.2852e-08	1.8041e-07	3.1545e-08	1.2357e-07	2.7021e-08	7.8529e-08	6.8655e-09	3.9404e-08	2.2084e-08	5.2195e-09	1.7827e-08	6.2264e-09	2.5164e-08	3.4906e-09	8.6643e-08	6.566e-09	1.6152e-07	3.1759e-08	1.5681e-07	1.1992e-08	1.2946e-07	1.3286e-08	3.3871e-08	5.483e-09	2.8815e-08	7.8129e-09	3.1851e-09	1.697e-08	2.5911e-09	1.7975e-08	3.6893e-09	9.4747e-09	1.9259e-09	9.021e-09	2.041e-09	8.4336e-09	9.7092e-10	1.1048e-08	2.2556e-09	3.4926e-08	3.5482e-08	7.2639e-08	1.2283e-08	1.2622e-08	1.1674e-08	1.3248e-07	8.0549e-09	3.1497e-09	1.9736e-09
75.3569	 	 	 	 	 	 	 	 	 	 	 	 	 	 	 	1.772e-11	 	1.9364e-11	1.2693e-10	2.2402e-11	 	3.589e-10	9.9495e-05	9.3005e-09	2.0779e-08	3.9693e-09	8.9123e-08	1.56e-08	8.8804e-08	7.7999e-09	1.5679e-07	2.3111e-08	1.8064e-07	3.1421e-08	1.2231e-07	2.681e-08	7.7258e-08	6.7433e-09	3.8745e-08	2.1542e-08	5.0851e-09	1.7346e-08	6.0575e-09	2.4532e-08	3.3974e-09	8.4111e-08	6.3782e-09	1.5645e-07	3.0794e-08	1.5169e-07	1.1564e-08	1.2478e-07	1.2816e-08	3.2654e-08	5.2869e-09	2.7728e-08	7.5096e-09	3.064e-09	1.6301e-08	2.4962e-09	1.7281e-08	3.5487e-09	9.105e-09	1.8492e-09	8.6715e-09	1.9598e-09	8.1012e-09	9.3118e-10	1.0608e-08	2.1672e-09	3.3494e-08	3.4067e-08	6.9677e-08	1.1782e-08	1.2119e-08	1.1202e-08	1.2716e-07	7.735e-09	3.0298e-09	1.8936e-09
76.4041	 	 	 	 	 	 	 	 	 	 	 	 	 	 	 	1.8451e-11	 	1.9805e-11	3.9695e-10	2.2273e-11	 	3.7146e-10	9.9467e-05	1.5638e-08	4.7857e-08	5.3144e-09	9.6234e-08	1.8469e-08	9.19e-08	8.0744e-09	1.5745e-07	2.3651e-08	1.8119e-07	3.1172e-08	1.2158e-07	2.6591e-08	7.577e-08	6.6204e-09	3.7992e-08	2.0912e-08	4.9805e-09	1.6881e-08	5.9048e-09	2.3893e-08	3.304e-09	8.1707e-08	6.1847e-09	1.5131e-07	2.983e-08	1.4655e-07	1.1182e-08	1.2059e-07	1.2358e-08	3.15e-08	5.1031e-09	2.6717e-08	7.2274e-09	2.9503e-09	1.5678e-08	2.3994e-09	1.6612e-08	3.4181e-09	8.7382e-09	1.7761e-09	8.323e-09	1.8826e-09	7.7878e-09	8.9408e-10	1.0197e-08	2.08e-09	3.2178e-08	3.2723e-08	6.6888e-08	1.1313e-08	1.1626e-08	1.0757e-08	1.2221e-07	7.4237e-09	2.9088e-09	1.8177e-09
77.466	 	 	 	 	 	 	 	 	 	 	 	 	 	 	 	1.8764e-11	 	1.9691e-11	7.2666e-10	2.27e-11	 	3.9133e-10	9.9122e-05	1.8706e-08	6.5519e-08	8.9971e-09	1.0123e-07	2.1212e-08	9.4466e-08	8.6145e-09	1.6022e-07	2.4083e-08	1.8281e-07	3.1016e-08	1.2069e-07	2.6266e-08	7.4661e-08	6.4646e-09	3.7279e-08	2.0329e-08	4.8553e-09	1.6418e-08	5.7558e-09	2.3257e-08	3.2052e-09	7.9263e-08	5.9919e-09	1.4634e-07	2.8847e-08	1.4152e-07	1.0804e-08	1.1626e-07	1.1916e-08	3.0387e-08	4.9096e-09	2.5689e-08	6.9538e-09	2.8438e-09	1.511e-08	2.3046e-09	1.5976e-08	3.2846e-09	8.396e-09	1.7062e-09	7.9879e-09	1.8097e-09	7.4675e-09	8.5851e-10	9.7875e-09	1.9934e-09	3.0891e-08	3.1392e-08	6.4165e-08	1.0857e-08	1.1147e-08	1.0328e-08	1.1723e-07	7.1189e-09	2.7975e-09	1.7436e-09
78.5425	 	 	 	 	 	 	 	 	 	 	 	 	 	 	 	1.8692e-11	 	2.0067e-11	8.8462e-10	2.2883e-11	2.0492e-10	4.1084e-10	9.9443e-05	2.0784e-08	7.5928e-08	1.2272e-08	1.0722e-07	2.3245e-08	9.7674e-08	9.2779e-09	1.6407e-07	2.4187e-08	1.8113e-07	3.0832e-08	1.1969e-07	2.5883e-08	7.3295e-08	6.3151e-09	3.637e-08	1.9905e-08	4.7391e-09	1.6012e-08	5.5894e-09	2.2636e-08	3.1137e-09	7.7058e-08	5.8116e-09	1.4163e-07	2.7912e-08	1.368e-07	1.0419e-08	1.1207e-07	1.1502e-08	2.9255e-08	4.7314e-09	2.4747e-08	6.7074e-09	2.7304e-09	1.4504e-08	2.2154e-09	1.5392e-08	3.1522e-09	8.0585e-09	1.6431e-09	7.6781e-09	1.7381e-09	7.1713e-09	8.2472e-10	9.398e-09	1.9118e-09	2.9669e-08	3.0138e-08	6.1586e-08	1.0424e-08	1.0701e-08	9.9224e-09	1.1248e-07	6.8284e-09	2.6848e-09	1.6759e-09
79.6341	 	 	 	 	 	 	 	 	 	 	 	 	 	 	 	1.9079e-11	 	2.0231e-11	9.8723e-10	2.4624e-11	6.5615e-10	4.2261e-10	9.9342e-05	2.2198e-08	8.3108e-08	1.4153e-08	1.1187e-07	2.455e-08	1.0222e-07	9.7602e-09	1.6563e-07	2.4689e-08	1.7984e-07	3.0457e-08	1.1825e-07	2.5461e-08	7.1822e-08	6.1941e-09	3.54e-08	1.9431e-08	4.6205e-09	1.5606e-08	5.4504e-09	2.2011e-08	3.0327e-09	7.4762e-08	5.6373e-09	1.3702e-07	2.7001e-08	1.3205e-07	1.006e-08	1.0815e-07	1.1066e-08	2.8158e-08	4.5538e-09	2.384e-08	6.4464e-09	2.6259e-09	1.3936e-08	2.1299e-09	1.4792e-08	3.0288e-09	7.7651e-09	1.5764e-09	7.3776e-09	1.6708e-09	6.8859e-09	7.9241e-10	9.0044e-09	1.8366e-09	2.8469e-08	2.8909e-08	5.915e-08	9.9918e-09	1.0266e-08	9.5206e-09	1.0785e-07	6.556e-09	2.5755e-09	1.6091e-09
80.7408	 	 	 	 	 	 	 	 	 	 	 	 	 	 	 	1.9184e-11	 	2.1757e-11	1.0486e-09	2.9389e-11	1.4024e-09	4.2034e-10	9.8029e-05	2.3072e-08	8.6891e-08	1.5374e-08	1.1659e-07	2.5591e-08	1.0582e-07	1.0044e-08	1.6748e-07	2.5441e-08	1.7917e-07	3.0425e-08	1.1654e-07	2.5013e-08	7.0085e-08	6.0788e-09	3.4567e-08	1.8933e-08	4.4976e-09	1.516e-08	5.3028e-09	2.1354e-08	2.9439e-09	7.253e-08	5.4584e-09	1.3236e-07	2.613e-08	1.2738e-07	9.7016e-09	1.0424e-07	1.0664e-08	2.7128e-08	4.3842e-09	2.295e-08	6.1958e-09	2.522e-09	1.3401e-08	2.048e-09	1.4196e-08	2.9074e-09	7.4522e-09	1.5136e-09	7.0913e-09	1.6015e-09	6.6162e-09	7.6058e-10	8.6395e-09	1.7634e-09	2.73e-08	2.7749e-08	5.6741e-08	9.5864e-09	9.8747e-09	9.1325e-09	1.0355e-07	6.2976e-09	2.4726e-09	1.5453e-09
81.8629	 	 	 	 	 	 	 	 	 	 	 	 	 	4.855e-13	 	2.118e-11	 	2.596e-11	1.0887e-09	7.1945e-11	1.7322e-09	4.2676e-10	9.8227e-05	2.45e-08	9.1273e-08	1.6176e-08	1.197e-07	2.6925e-08	1.119e-07	1.0366e-08	1.719e-07	2.5598e-08	1.777e-07	3.0084e-08	1.1464e-07	2.4589e-08	6.8472e-08	5.9651e-09	3.3885e-08	1.8515e-08	4.3772e-09	1.4776e-08	5.1676e-09	2.075e-08	2.8579e-09	7.0213e-08	5.288e-09	1.2785e-07	2.5212e-08	1.2291e-07	9.3648e-09	1.0045e-07	1.0264e-08	2.6088e-08	4.2208e-09	2.2064e-08	5.9532e-09	2.4279e-09	1.2882e-08	1.9734e-09	1.3641e-08	2.8013e-09	7.1557e-09	1.4543e-09	6.8072e-09	1.5381e-09	6.3544e-09	7.2889e-10	8.2971e-09	1.6935e-09	2.6222e-08	2.6649e-08	5.4399e-08	9.2069e-09	9.4711e-09	8.7584e-09	9.947e-08	6.0467e-09	2.3753e-09	1.4838e-09
83.0005	 	 	 	 	 	 	 	 	 	 	 	 	 	8.0281e-12	 	2.5721e-11	 	3.3187e-11	1.1561e-09	1.502e-10	1.9632e-09	4.3139e-10	0.00010073	2.5514e-08	9.6273e-08	1.7141e-08	1.2298e-07	2.7655e-08	1.1977e-07	1.0677e-08	1.7587e-07	2.5628e-08	1.7618e-07	2.9839e-08	1.1262e-07	2.4146e-08	6.7346e-08	5.8362e-09	3.3059e-08	1.8014e-08	4.2584e-09	1.4382e-08	5.032e-09	2.0207e-08	2.7753e-09	6.8172e-08	5.1215e-09	1.2359e-07	2.438e-08	1.1874e-07	9.0306e-09	9.6622e-08	9.8818e-09	2.5133e-08	4.0631e-09	2.1232e-08	5.7226e-09	2.3374e-09	1.2409e-08	1.8967e-09	1.3092e-08	2.6881e-09	6.8696e-09	1.3979e-09	6.5302e-09	1.4769e-09	6.1009e-09	6.9907e-10	7.9695e-09	1.6252e-09	2.5162e-08	2.5564e-08	5.2231e-08	8.8354e-09	9.0956e-09	8.4089e-09	9.5521e-08	5.8023e-09	2.281e-09	1.4273e-09
84.154	 	 	 	 	 	 	 	 	 	 	 	 	 	2.4886e-11	2.7187e-11	3.228e-11	1.2689e-10	4.1224e-11	1.1976e-09	2.497e-10	2.1078e-09	5.3668e-10	0.00010522	2.5923e-08	9.989e-08	1.7938e-08	1.3221e-07	2.847e-08	1.2845e-07	1.0764e-08	1.7621e-07	2.5775e-08	1.7542e-07	2.9441e-08	1.1073e-07	2.3592e-08	6.6037e-08	5.6881e-09	3.2139e-08	1.7532e-08	4.1547e-09	1.4014e-08	4.9e-09	1.9617e-08	2.6972e-09	6.5988e-08	4.9524e-09	1.1929e-07	2.3566e-08	1.1448e-07	8.7059e-09	9.3135e-08	9.5139e-09	2.421e-08	3.915e-09	2.0437e-08	5.5166e-09	2.2443e-09	1.194e-08	1.8205e-09	1.2616e-08	2.5815e-09	6.6039e-09	1.3428e-09	6.2716e-09	1.4202e-09	5.8454e-09	6.716e-10	7.649e-09	1.5584e-09	2.4155e-08	2.451e-08	5.0102e-08	8.4939e-09	8.7168e-09	8.0779e-09	9.1686e-08	5.57e-09	2.1907e-09	1.3723e-09
85.3236	 	 	 	 	 	 	 	 	 	 	 	 	 	4.1132e-11	3.0098e-10	3.5564e-11	4.2153e-10	7.3096e-11	1.2086e-09	2.9871e-10	2.1755e-09	1.2909e-09	0.00010627	2.6044e-08	9.9965e-08	1.8692e-08	1.5231e-07	2.9651e-08	1.3225e-07	1.0896e-08	1.7654e-07	2.5856e-08	1.738e-07	2.8971e-08	1.0874e-07	2.3044e-08	6.4808e-08	5.5371e-09	3.1245e-08	1.7062e-08	4.0423e-09	1.3645e-08	4.7683e-09	1.9042e-08	2.6156e-09	6.4013e-08	4.7942e-09	1.1508e-07	2.2734e-08	1.1038e-07	8.4048e-09	8.9513e-08	9.1589e-09	2.3309e-08	3.7634e-09	1.9714e-08	5.2972e-09	2.1568e-09	1.1464e-08	1.7493e-09	1.2109e-08	2.4786e-09	6.3443e-09	1.2908e-09	6.0231e-09	1.3626e-09	5.6073e-09	6.4487e-10	7.3434e-09	1.4969e-09	2.3154e-08	2.3533e-08	4.821e-08	8.1472e-09	8.3671e-09	7.7567e-09	8.7993e-08	5.3482e-09	2.103e-09	1.3203e-09
86.5093	 	 	 	 	 	 	 	 	 	 	 	 	 	4.9647e-11	9.317e-10	3.8462e-11	1.0377e-09	1.4532e-10	1.212e-09	3.3232e-10	2.3156e-09	3.0373e-09	0.00010682	2.6639e-08	1.0161e-07	1.9111e-08	1.7905e-07	3.093e-08	1.3637e-07	1.1155e-08	1.7798e-07	2.5621e-08	1.7192e-07	2.8411e-08	1.0627e-07	2.2588e-08	6.3238e-08	5.4281e-09	3.0507e-08	1.6629e-08	3.9352e-09	1.3288e-08	4.633e-09	1.8495e-08	2.5354e-09	6.2009e-08	4.6368e-09	1.1103e-07	2.1942e-08	1.0648e-07	8.0873e-09	8.6222e-08	8.8249e-09	2.2409e-08	3.6221e-09	1.893e-08	5.0896e-09	2.0739e-09	1.1008e-08	1.6787e-09	1.1627e-08	2.3827e-09	6.0992e-09	1.237e-09	5.7907e-09	1.3082e-09	5.3862e-09	6.1926e-10	7.0422e-09	1.4364e-09	2.2219e-08	2.2574e-08	4.6222e-08	7.8187e-09	8.0324e-09	7.4442e-09	8.4447e-08	5.14e-09	2.0225e-09	1.2678e-09
87.7116	 	 	 	 	 	 	 	 	 	 	 	 	 	5.474e-11	1.5084e-09	4.5844e-11	1.3606e-09	2.0759e-10	1.2356e-09	3.5266e-10	2.41e-09	4.5325e-09	0.00010753	3.8485e-08	1.1362e-07	1.9784e-08	2.0619e-07	3.2033e-08	1.4102e-07	1.135e-08	1.774e-07	2.5454e-08	1.6955e-07	2.8008e-08	1.0379e-07	2.2177e-08	6.1558e-08	5.305e-09	2.9837e-08	1.6213e-08	3.8303e-09	1.293e-08	4.496e-09	1.7974e-08	2.4579e-09	5.9981e-08	4.4875e-09	1.0728e-07	2.1149e-08	1.0274e-07	7.7987e-09	8.3118e-08	8.483e-09	2.1565e-08	3.485e-09	1.8202e-08	4.8941e-09	1.9938e-09	1.0573e-08	1.6173e-09	1.1162e-08	2.289e-09	5.8491e-09	1.1881e-09	5.556e-09	1.2537e-09	5.1732e-09	5.9437e-10	6.7619e-09	1.3788e-09	2.1339e-08	2.172e-08	4.4388e-08	7.4962e-09	7.7162e-09	7.1459e-09	8.1199e-08	4.934e-09	1.9433e-09	1.2189e-09
88.9305	 	 	 	 	 	 	 	 	 	 	 	 	 	5.7619e-11	1.8143e-09	8.2973e-11	1.565e-09	2.414e-10	1.2386e-09	3.6764e-10	2.4477e-09	5.3502e-09	0.00010743	6.7248e-08	1.6364e-07	2.2136e-08	2.2496e-07	3.4196e-08	1.4301e-07	1.1413e-08	1.7603e-07	2.5386e-08	1.6683e-07	2.7498e-08	1.0173e-07	2.1764e-08	6.0115e-08	5.1711e-09	2.9084e-08	1.5747e-08	3.733e-09	1.2559e-08	4.3756e-09	1.743e-08	2.3859e-09	5.8014e-08	4.3265e-09	1.0343e-07	2.0442e-08	9.8905e-08	7.5028e-09	7.9968e-08	8.1648e-09	2.0757e-08	3.3617e-09	1.7486e-08	4.7049e-09	1.9219e-09	1.0158e-08	1.5531e-09	1.0731e-08	2.2006e-09	5.6172e-09	1.1411e-09	5.3279e-09	1.2034e-09	4.9663e-09	5.6993e-10	6.4911e-09	1.3218e-09	2.0488e-08	2.0827e-08	4.2542e-08	7.1974e-09	7.4096e-09	6.8593e-09	7.7948e-08	4.7361e-09	1.8702e-09	1.169e-09
90.1664	 	 	 	 	 	 	 	 	 	 	 	 	 	6.0169e-11	1.9986e-09	1.652e-10	1.697e-09	2.641e-10	1.4223e-09	3.9095e-10	2.443e-09	5.8759e-09	0.00010701	1.1114e-07	2.9734e-07	2.7588e-08	2.3731e-07	3.6861e-08	1.4396e-07	1.1662e-08	1.752e-07	2.5096e-08	1.6378e-07	2.6959e-08	9.989e-08	2.131e-08	5.8935e-08	5.0209e-09	2.8427e-08	1.5358e-08	3.6371e-09	1.2187e-08	4.2551e-09	1.6893e-08	2.3085e-09	5.6157e-08	4.1857e-09	9.9724e-08	1.9711e-08	9.5223e-08	7.2274e-09	7.6907e-08	7.8562e-09	2.0025e-08	3.2315e-09	1.6818e-08	4.5282e-09	1.8477e-09	9.7829e-09	1.4911e-09	1.0309e-08	2.1101e-09	5.3939e-09	1.0972e-09	5.1092e-09	1.1556e-09	4.7677e-09	5.4743e-10	6.2291e-09	1.2685e-09	1.9684e-08	2.0002e-08	4.0843e-08	6.914e-09	7.1073e-09	6.594e-09	7.4803e-08	4.5434e-09	1.7961e-09	1.1231e-09
91.4195	 	 	 	 	 	 	 	 	 	 	 	 	 	6.3725e-11	2.0995e-09	2.3944e-10	1.7535e-09	2.7783e-10	2.1098e-09	4.0465e-10	2.4942e-09	6.198e-09	0.0001069	1.3491e-07	4.1768e-07	3.3942e-08	2.4772e-07	3.8772e-08	1.4718e-07	1.2012e-08	1.7421e-07	2.5016e-08	1.6124e-07	2.6311e-08	9.803e-08	2.0775e-08	5.7505e-08	4.8866e-09	2.7676e-08	1.4942e-08	3.5398e-09	1.1871e-08	4.1324e-09	1.6381e-08	2.2379e-09	5.4333e-08	4.0455e-09	9.621e-08	1.9e-08	9.1731e-08	6.9554e-09	7.3997e-08	7.5785e-09	1.923e-08	3.1059e-09	1.6211e-08	4.3602e-09	1.7734e-09	9.3861e-09	1.4314e-09	9.911e-09	2.0266e-09	5.1827e-09	1.0526e-09	4.9092e-09	1.11e-09	4.5717e-09	5.2532e-10	5.9728e-09	1.2181e-09	1.8889e-08	1.917e-08	3.9213e-08	6.6401e-09	6.8214e-09	6.3299e-09	7.1784e-08	4.3622e-09	1.7268e-09	1.0797e-09
92.69	 	 	 	 	 	 	 	 	 	 	 	 	 	6.581e-11	2.1955e-09	2.8073e-10	1.8586e-09	2.8978e-10	3.6708e-09	4.0984e-10	2.5062e-09	6.484e-09	0.00010729	1.5023e-07	4.866e-07	4.0001e-08	2.604e-07	3.9919e-08	1.5072e-07	1.2078e-08	1.7215e-07	2.4773e-08	1.5835e-07	2.5709e-08	9.6e-08	2.0218e-08	5.5905e-08	4.7891e-09	2.6944e-08	1.4564e-08	3.4469e-09	1.1534e-08	4.0086e-09	1.5898e-08	2.168e-09	5.2494e-08	3.9021e-09	9.2818e-08	1.8339e-08	8.8231e-08	6.6943e-09	7.1251e-08	7.2842e-09	1.8489e-08	2.9845e-09	1.5562e-08	4.1886e-09	1.7039e-09	9.0119e-09	1.3761e-09	9.5049e-09	1.946e-09	4.9783e-09	1.0104e-09	4.7115e-09	1.0651e-09	4.3906e-09	5.0426e-10	5.7334e-09	1.1699e-09	1.8119e-08	1.8404e-08	3.7672e-08	6.374e-09	6.5575e-09	6.0755e-09	6.8866e-08	4.1935e-09	1.6581e-09	1.0374e-09
93.9782	 	 	 	 	 	 	 	 	 	 	 	 	 	6.5999e-11	2.3228e-09	3.0474e-10	1.9423e-09	3.0458e-10	7.0483e-09	4.1288e-10	4.311e-09	6.867e-09	0.00010582	1.6052e-07	5.3075e-07	4.3995e-08	2.6713e-07	4.1218e-08	1.5134e-07	1.2095e-08	1.72e-07	2.4599e-08	1.5494e-07	2.5287e-08	9.3596e-08	1.9815e-08	5.4358e-08	4.6716e-09	2.6232e-08	1.4183e-08	3.3544e-09	1.1207e-08	3.8975e-09	1.5388e-08	2.0967e-09	5.0703e-08	3.7677e-09	8.9376e-08	1.7674e-08	8.5004e-08	6.4533e-09	6.8699e-08	7.0016e-09	1.7763e-08	2.8691e-09	1.4954e-08	4.0208e-09	1.6357e-09	8.661e-09	1.3221e-09	9.1283e-09	1.8702e-09	4.7798e-09	9.6856e-10	4.5274e-09	1.0227e-09	4.2139e-09	4.8344e-10	5.5017e-09	1.1237e-09	1.7379e-08	1.7669e-08	3.6179e-08	6.1171e-09	6.2977e-09	5.8297e-09	6.6238e-08	4.0298e-09	1.5916e-09	9.9896e-10
95.2842	 	 	 	 	 	 	 	 	 	 	8.9609e-10	 	 	6.6533e-11	2.3983e-09	3.1881e-10	1.9837e-09	3.1439e-10	9.4568e-09	4.2078e-10	8.5659e-09	7.1294e-09	0.00010461	1.6861e-07	5.5888e-07	4.6575e-08	2.7519e-07	4.2459e-08	1.537e-07	1.2173e-08	1.7014e-07	2.4292e-08	1.5129e-07	2.4798e-08	9.1085e-08	1.9377e-08	5.3091e-08	4.5574e-09	2.5544e-08	1.3813e-08	3.2555e-09	1.087e-08	3.7849e-09	1.4914e-08	2.0295e-09	4.9021e-08	3.6323e-09	8.6024e-08	1.7038e-08	8.1884e-08	6.2045e-09	6.5963e-08	6.7278e-09	1.7085e-08	2.766e-09	1.4381e-08	3.8632e-09	1.5741e-09	8.3243e-09	1.2711e-09	8.7658e-09	1.796e-09	4.58e-09	9.3006e-10	4.343e-09	9.8096e-10	4.0447e-09	4.6399e-10	5.2905e-09	1.0785e-09	1.6686e-08	1.6975e-08	3.4695e-08	5.871e-09	6.0456e-09	5.5949e-09	6.3634e-08	3.8723e-09	1.5296e-09	9.613e-10
96.6084	 	 	 	 	 	 	 	 	 	 	7.0793e-09	 	 	6.7601e-11	2.4018e-09	3.3273e-10	1.9728e-09	3.1534e-10	1.0948e-08	4.2173e-10	1.7587e-08	7.1726e-09	0.00010398	1.7882e-07	5.9224e-07	4.8943e-08	2.8736e-07	4.2796e-08	1.5864e-07	1.2198e-08	1.6875e-07	2.3932e-08	1.4811e-07	2.4342e-08	8.9266e-08	1.8897e-08	5.1923e-08	4.4493e-09	2.4921e-08	1.3444e-08	3.1599e-09	1.057e-08	3.6714e-09	1.4448e-08	1.9633e-09	4.732e-08	3.5088e-09	8.2896e-08	1.6387e-08	7.8847e-08	5.9712e-09	6.3445e-08	6.4679e-09	1.6469e-08	2.6561e-09	1.3825e-08	3.7102e-09	1.5136e-09	7.9983e-09	1.2193e-09	8.4229e-09	1.7247e-09	4.3937e-09	8.929e-10	4.1663e-09	9.4173e-10	3.878e-09	4.4549e-10	5.0763e-09	1.0344e-09	1.603e-08	1.6301e-08	3.3301e-08	5.6455e-09	5.8019e-09	5.3802e-09	6.1175e-08	3.7156e-09	1.4702e-09	9.2476e-10
97.951	 	 	 	 	 	 	 	 	 	 	2.194e-08	 	 	6.7738e-11	2.4243e-09	3.4916e-10	2.0148e-09	3.1809e-10	1.1912e-08	6.3932e-10	2.2488e-08	7.2634e-09	0.00010454	1.8639e-07	6.212e-07	5.1756e-08	2.9946e-07	4.337e-08	1.6069e-07	1.2095e-08	1.6653e-07	2.3525e-08	1.4553e-07	2.3759e-08	8.7303e-08	1.8348e-08	5.0616e-08	4.331e-09	2.4216e-08	1.3064e-08	3.0805e-09	1.026e-08	3.5554e-09	1.3972e-08	1.9002e-09	4.5658e-08	3.3837e-09	7.9717e-08	1.5799e-08	7.5807e-08	5.7444e-09	6.0941e-08	6.2357e-09	1.581e-08	2.5522e-09	1.3321e-08	3.5742e-09	1.4529e-09	7.6871e-09	1.1708e-09	8.0906e-09	1.6524e-09	4.2206e-09	8.5788e-10	4.0011e-09	9.0439e-10	3.7223e-09	4.2798e-10	4.8748e-09	9.9225e-10	1.5394e-08	1.5633e-08	3.2019e-08	5.4197e-09	5.5632e-09	5.1695e-09	5.8694e-08	3.5667e-09	1.4135e-09	8.8972e-10
99.3123	 	 	 	 	 	 	 	 	 	 	3.4497e-08	 	3.4518e-10	8.0229e-11	2.4614e-09	3.5872e-10	2.0295e-09	3.2232e-10	1.2442e-08	1.1143e-09	2.5633e-08	7.7021e-09	0.0001076	1.9156e-07	6.4712e-07	5.332e-08	3.1069e-07	4.4425e-08	1.6098e-07	1.2024e-08	1.639e-07	2.3151e-08	1.4283e-07	2.3132e-08	8.5146e-08	1.7852e-08	4.9484e-08	4.2162e-09	2.3613e-08	1.2679e-08	2.9908e-09	9.9547e-09	3.4517e-09	1.3527e-08	1.8324e-09	4.4053e-08	3.2617e-09	7.6805e-08	1.5185e-08	7.2958e-08	5.5407e-09	5.8666e-08	5.9878e-09	1.5192e-08	2.4543e-09	1.2817e-08	3.4295e-09	1.3946e-09	7.3675e-09	1.1243e-09	7.7685e-09	1.5854e-09	4.054e-09	8.2296e-10	3.84e-09	8.6768e-10	3.5726e-09	4.1101e-10	4.6725e-09	9.5277e-10	1.4773e-08	1.5006e-08	3.075e-08	5.2012e-09	5.3503e-09	4.9685e-09	5.633e-08	3.4219e-09	1.362e-09	8.5552e-10
100.692	 	 	 	 	 	 	 	 	 	 	4.1263e-08	 	2.468e-09	1.0195e-10	2.4802e-09	3.5937e-10	2.2183e-09	3.2738e-10	1.3142e-08	1.8772e-09	2.7892e-08	1.1801e-08	0.00011094	1.9503e-07	6.5996e-07	5.4967e-08	3.3235e-07	4.5158e-08	1.6171e-07	1.199e-08	1.608e-07	2.2737e-08	1.4002e-07	2.2591e-08	8.2676e-08	1.7497e-08	4.8176e-08	4.1012e-09	2.2965e-08	1.2341e-08	2.9051e-09	9.6376e-09	3.3449e-09	1.3085e-08	1.7731e-09	4.2571e-08	3.1495e-09	7.4004e-08	1.4626e-08	7.0229e-08	5.3293e-09	5.6495e-08	5.7537e-09	1.4611e-08	2.3596e-09	1.2305e-08	3.2937e-09	1.3407e-09	7.0772e-09	1.0802e-09	7.4437e-09	1.5228e-09	3.892e-09	7.9008e-10	3.6872e-09	8.3201e-10	3.4344e-09	3.9454e-10	4.485e-09	9.1531e-10	1.4183e-08	1.4428e-08	2.9514e-08	4.9916e-09	5.1377e-09	4.7671e-09	5.405e-08	3.2895e-09	1.3095e-09	8.2339e-10
102.092	 	 	 	 	 	 	 	 	 	 	4.5428e-08	 	7.6512e-09	1.196e-10	2.9427e-09	3.6302e-10	2.6833e-09	3.7468e-10	1.3847e-08	2.2392e-09	2.9018e-08	2.2063e-08	0.00011201	2.2503e-07	6.884e-07	5.8217e-08	3.5934e-07	4.5478e-08	1.6297e-07	1.1845e-08	1.5852e-07	2.2327e-08	1.3657e-07	2.2152e-08	8.0439e-08	1.7073e-08	4.6902e-08	4.0019e-09	2.2394e-08	1.2003e-08	2.8201e-09	9.3598e-09	3.2435e-09	1.2665e-08	1.7139e-09	4.1045e-08	3.0321e-09	7.1245e-08	1.4104e-08	6.7756e-08	5.1217e-09	5.4247e-08	5.5331e-09	1.4046e-08	2.2714e-09	1.1817e-08	3.1641e-09	1.2883e-09	6.7986e-09	1.0379e-09	7.1412e-09	1.4628e-09	3.7366e-09	7.5808e-10	3.5346e-09	7.9888e-10	3.2966e-09	3.7835e-10	4.306e-09	8.7891e-10	1.3617e-08	1.3856e-08	2.8322e-08	4.789e-09	4.9411e-09	4.576e-09	5.1962e-08	3.1586e-09	1.2604e-09	7.9142e-10
103.511	 	 	 	 	 	 	 	 	 	 	4.7563e-08	 	1.1901e-08	1.3071e-10	3.7565e-09	3.6611e-10	3.4036e-09	5.5395e-10	1.4216e-08	2.4976e-09	3.0718e-08	3.2555e-08	0.0001115	2.8745e-07	7.9916e-07	6.2172e-08	3.7572e-07	4.6553e-08	1.614e-07	1.1827e-08	1.5568e-07	2.1803e-08	1.3286e-07	2.1618e-08	7.8843e-08	1.6653e-08	4.5673e-08	3.8978e-09	2.1817e-08	1.1658e-08	2.742e-09	9.0648e-09	3.142e-09	1.2212e-08	1.6534e-09	3.9577e-08	2.9246e-09	6.8508e-08	1.3566e-08	6.5067e-08	4.9228e-09	5.2138e-08	5.3196e-09	1.3535e-08	2.1871e-09	1.135e-08	3.0422e-09	1.2385e-09	6.5365e-09	9.9644e-10	6.86e-09	1.4042e-09	3.5833e-09	7.2773e-10	3.3919e-09	7.6642e-10	3.1654e-09	3.6296e-10	4.1367e-09	8.4347e-10	1.3089e-08	1.3301e-08	2.7162e-08	4.6064e-09	4.7445e-09	4.3904e-09	4.9899e-08	3.0338e-09	1.2128e-09	7.6047e-10
104.949	 	 	 	 	 	 	 	 	 	 	4.9886e-08	 	1.4206e-08	1.4101e-10	4.3773e-09	3.6954e-10	3.9457e-09	8.3437e-10	1.4304e-08	2.6948e-09	3.2269e-08	3.855e-08	0.00011138	4.0438e-07	1.0642e-06	6.6495e-08	3.8722e-07	4.7898e-08	1.6039e-07	1.1698e-08	1.526e-07	2.1309e-08	1.3014e-07	2.1018e-08	7.6933e-08	1.6266e-08	4.4484e-08	3.7923e-09	2.1244e-08	1.1311e-08	2.6598e-09	8.7952e-09	3.0415e-09	1.1817e-08	1.5965e-09	3.8189e-08	2.8131e-09	6.5931e-08	1.3051e-08	6.257e-08	4.7318e-09	5.0139e-08	5.1216e-09	1.3023e-08	2.1009e-09	1.0911e-08	2.9222e-09	1.1889e-09	6.2714e-09	9.5494e-10	6.5896e-09	1.3482e-09	3.4414e-09	6.9902e-10	3.2578e-09	7.3749e-10	3.0345e-09	3.4855e-10	3.9727e-09	8.0975e-10	1.2566e-08	1.2763e-08	2.6131e-08	4.4257e-09	4.5525e-09	4.2208e-09	4.7918e-08	2.9133e-09	1.1659e-09	7.3115e-10
106.408	 	 	 	 	 	 	 	 	 	 	5.2683e-08	1.5449e-12	1.5636e-08	1.9836e-10	6.5103e-09	4.2662e-10	4.9451e-09	1.3106e-09	1.4562e-08	2.8e-09	3.3274e-08	4.2225e-08	0.00011147	4.8406e-07	1.3477e-06	7.2622e-08	4.0066e-07	4.8129e-08	1.6001e-07	1.1625e-08	1.4896e-07	2.0927e-08	1.274e-07	2.044e-08	7.5044e-08	1.5834e-08	4.3402e-08	3.6938e-09	2.0682e-08	1.0999e-08	2.5799e-09	8.5213e-09	2.9416e-09	1.1422e-08	1.539e-09	3.684e-08	2.711e-09	6.3475e-08	1.2557e-08	6.0113e-08	4.5618e-09	4.8208e-08	4.9313e-09	1.2503e-08	2.017e-09	1.0505e-08	2.8096e-09	1.1408e-09	6.0182e-09	9.1606e-10	6.3261e-09	1.293e-09	3.3033e-09	6.7044e-10	3.1276e-09	7.0721e-10	2.9123e-09	3.3486e-10	3.8112e-09	7.7779e-10	1.2063e-08	1.2241e-08	2.5091e-08	4.2547e-09	4.3719e-09	4.0529e-09	4.6007e-08	2.8027e-09	1.1219e-09	7.0377e-10
107.886	 	 	 	 	 	 	 	 	 	 	5.4392e-08	5.5461e-12	1.635e-08	3.086e-10	1.0713e-08	5.3e-10	7.1328e-09	1.5696e-09	1.4709e-08	2.9716e-09	3.3235e-08	4.4618e-08	0.00011113	5.5433e-07	1.607e-06	8.052e-08	4.1147e-07	4.8214e-08	1.5853e-07	1.1478e-08	1.4563e-07	2.0537e-08	1.2432e-07	1.997e-08	7.3307e-08	1.5416e-08	4.2172e-08	3.5994e-09	2.0111e-08	1.0681e-08	2.5003e-09	8.2444e-09	2.8486e-09	1.1019e-08	1.4872e-09	3.5485e-08	2.6082e-09	6.1229e-08	1.2095e-08	5.7827e-08	4.3814e-09	4.6473e-08	4.7364e-09	1.2008e-08	1.938e-09	1.008e-08	2.6931e-09	1.0958e-09	5.7705e-09	8.8009e-10	6.0738e-09	1.2417e-09	3.1707e-09	6.4298e-10	3.0059e-09	6.7924e-10	2.7964e-09	3.2153e-10	3.6582e-09	7.4741e-10	1.1573e-08	1.1776e-08	2.4136e-08	4.0823e-09	4.1979e-09	3.8926e-09	4.4272e-08	2.6953e-09	1.0783e-09	6.7847e-10
109.386	 	 	 	 	 	 	 	 	 	 	5.4311e-08	1.6387e-11	1.7168e-08	5.1568e-10	1.6461e-08	6.0424e-10	8.7242e-09	1.7603e-09	1.5865e-08	3.1144e-09	3.4059e-08	4.7246e-08	0.00011061	5.9568e-07	1.7726e-06	8.533e-08	4.1387e-07	4.8563e-08	1.5766e-07	1.1307e-08	1.4323e-07	2.0163e-08	1.2071e-07	1.9531e-08	7.1361e-08	1.4996e-08	4.1136e-08	3.5078e-09	1.9519e-08	1.0363e-08	2.4279e-09	7.9745e-09	2.7557e-09	1.0641e-08	1.4343e-09	3.4151e-08	2.5104e-09	5.8795e-08	1.1658e-08	5.5741e-08	4.2102e-09	4.4683e-08	4.5477e-09	1.1533e-08	1.8616e-09	9.6778e-09	2.5869e-09	1.0526e-09	5.5442e-09	8.4532e-10	5.825e-09	1.1921e-09	3.0404e-09	6.1758e-10	2.8843e-09	6.5104e-10	2.6866e-09	3.0858e-10	3.5169e-09	7.1753e-10	1.1113e-08	1.1307e-08	2.3167e-08	3.9183e-09	4.0322e-09	3.7375e-09	4.2557e-08	2.593e-09	1.036e-09	6.5376e-10
110.906	 	 	 	 	 	 	 	 	 	 	5.4988e-08	2.2784e-11	1.8118e-08	6.237e-10	1.917e-08	8.4794e-10	9.6815e-09	1.8765e-09	2.2475e-08	3.1982e-09	4.1395e-08	4.9724e-08	0.00010974	6.2504e-07	1.8779e-06	8.8863e-08	4.208e-07	4.8602e-08	1.5661e-07	1.1103e-08	1.4055e-07	1.9714e-08	1.174e-07	1.9042e-08	6.948e-08	1.4634e-08	4.0013e-08	3.4149e-09	1.8983e-08	1.0035e-08	2.3492e-09	7.7216e-09	2.6657e-09	1.026e-08	1.3827e-09	3.2917e-08	2.4209e-09	5.655e-08	1.1196e-08	5.3516e-08	4.0489e-09	4.2892e-08	4.3693e-09	1.1088e-08	1.7934e-09	9.3026e-09	2.4847e-09	1.012e-09	5.3207e-09	8.1163e-10	5.5941e-09	1.1441e-09	2.9186e-09	5.9245e-10	2.7673e-09	6.251e-10	2.5798e-09	2.9623e-10	3.3778e-09	6.8886e-10	1.0684e-08	1.0877e-08	2.2228e-08	3.7598e-09	3.8738e-09	3.5964e-09	4.0969e-08	2.4906e-09	9.967e-10	6.2992e-10
112.447	 	 	 	 	 	 	 	 	 	 	5.5743e-08	2.6567e-11	1.8705e-08	6.9489e-10	2.1179e-08	1.3243e-09	1.0483e-08	1.9578e-09	3.7302e-08	3.2108e-09	6.0841e-08	5.1783e-08	0.00010906	6.6738e-07	1.9818e-06	9.2872e-08	4.314e-07	4.8222e-08	1.5542e-07	1.094e-08	1.3795e-07	1.9213e-08	1.1507e-07	1.8622e-08	6.759e-08	1.4259e-08	3.9018e-08	3.3265e-09	1.8483e-08	9.7453e-09	2.2786e-09	7.4715e-09	2.5724e-09	9.9114e-09	1.3351e-09	3.1653e-08	2.328e-09	5.4327e-08	1.0768e-08	5.1428e-08	3.893e-09	4.1217e-08	4.1976e-09	1.0676e-08	1.7209e-09	8.9413e-09	2.3895e-09	9.7118e-10	5.1137e-09	7.7926e-10	5.3703e-09	1.0971e-09	2.8011e-09	5.7005e-10	2.6543e-09	6.0022e-10	2.4755e-09	2.8463e-10	3.2429e-09	6.6076e-10	1.0268e-08	1.0441e-08	2.1342e-08	3.6148e-09	3.7198e-09	3.4581e-09	3.9331e-08	2.3948e-09	9.5984e-10	6.0588e-10
114.01	 	 	 	 	 	 	 	 	 	 	5.7446e-08	2.905e-11	1.8657e-08	7.3865e-10	2.2583e-08	1.929e-09	1.1049e-08	2.081e-09	4.8695e-08	3.2948e-09	1.0393e-07	5.2837e-08	0.0001094	6.9547e-07	2.0992e-06	9.6195e-08	4.3665e-07	4.7983e-08	1.5363e-07	1.0743e-08	1.3463e-07	1.8724e-08	1.1233e-07	1.813e-08	6.5959e-08	1.387e-08	3.8013e-08	3.2382e-09	1.795e-08	9.4424e-09	2.208e-09	7.2219e-09	2.4879e-09	9.5593e-09	1.2857e-09	3.0497e-08	2.2405e-09	5.2276e-08	1.0346e-08	4.9465e-08	3.7472e-09	3.9565e-08	4.0435e-09	1.0244e-08	1.6527e-09	8.5937e-09	2.2926e-09	9.3118e-10	4.9054e-09	7.473e-10	5.1544e-09	1.0533e-09	2.6937e-09	5.4669e-10	2.5488e-09	5.767e-10	2.3762e-09	2.7345e-10	3.1124e-09	6.3489e-10	9.8667e-09	1.0018e-08	2.0507e-08	3.4713e-09	3.5768e-09	3.3278e-09	3.782e-08	2.2971e-09	9.2549e-10	5.8315e-10
115.594	 	 	 	 	 	 	 	 	 	 	6.7866e-08	3.0066e-11	1.8911e-08	7.6405e-10	2.3482e-08	2.2202e-09	1.1441e-08	2.1642e-09	5.5304e-08	3.7824e-09	1.3301e-07	5.4617e-08	0.00011185	7.17e-07	2.1672e-06	9.7453e-08	4.4153e-07	4.7804e-08	1.5148e-07	1.0547e-08	1.3104e-07	1.8381e-08	1.0953e-07	1.7651e-08	6.4271e-08	1.3514e-08	3.7024e-08	3.1436e-09	1.7422e-08	9.1598e-09	2.1359e-09	6.9748e-09	2.4031e-09	9.2155e-09	1.2403e-09	2.9395e-08	2.1556e-09	5.0377e-08	9.967e-09	4.7558e-08	3.6087e-09	3.8096e-08	3.8801e-09	9.8355e-09	1.5881e-09	8.2555e-09	2.2011e-09	8.9313e-10	4.7082e-09	7.1776e-10	4.9429e-09	1.0108e-09	2.585e-09	5.2491e-10	2.4489e-09	5.5392e-10	2.2841e-09	2.6254e-10	2.9847e-09	6.101e-10	9.4687e-09	9.6192e-09	1.9698e-08	3.3338e-09	3.4378e-09	3.196e-09	3.6285e-08	2.2072e-09	8.9199e-10	5.6106e-10
117.201	 	 	 	 	 	 	 	 	 	 	8.7659e-08	3.1819e-11	1.9159e-08	8.0512e-10	2.4685e-08	2.4367e-09	1.1931e-08	2.2054e-09	6.0178e-08	5.1079e-09	1.4999e-07	6.5303e-08	0.00011417	7.5988e-07	2.2325e-06	1.003e-07	4.5356e-07	4.7215e-08	1.4909e-07	1.0298e-08	1.2817e-07	1.7947e-08	1.0709e-07	1.7191e-08	6.2523e-08	1.3169e-08	3.6046e-08	3.0515e-09	1.6937e-08	8.8748e-09	2.0676e-09	6.745e-09	2.3187e-09	8.8999e-09	1.1929e-09	2.8294e-08	2.079e-09	4.8371e-08	9.5886e-09	4.5841e-08	3.4669e-09	3.662e-08	3.7262e-09	9.4546e-09	1.5268e-09	7.9171e-09	2.1101e-09	8.5821e-10	4.5199e-09	6.8898e-10	4.7454e-09	9.7231e-10	2.4826e-09	5.0324e-10	2.3518e-09	5.3127e-10	2.194e-09	2.5204e-10	2.8709e-09	5.8644e-10	9.0906e-09	9.2426e-09	1.8919e-08	3.201e-09	3.3084e-09	3.073e-09	3.4864e-08	2.1221e-09	8.5875e-10	5.3983e-10
118.83	 	 	 	 	 	 	 	 	 	 	1.0052e-07	3.3358e-11	1.9906e-08	8.3051e-10	2.5587e-08	2.5895e-09	1.2283e-08	2.2288e-09	6.3597e-08	7.4256e-09	1.6182e-07	8.9234e-08	0.00011709	8.3495e-07	2.4028e-06	1.0434e-07	4.6474e-07	4.7223e-08	1.4659e-07	1.0066e-08	1.2561e-07	1.7478e-08	1.0424e-07	1.6751e-08	6.0917e-08	1.2835e-08	3.5045e-08	2.9759e-09	1.6458e-08	8.5898e-09	2.0007e-09	6.5126e-09	2.2386e-09	8.568e-09	1.1499e-09	2.7213e-08	2.0005e-09	4.6488e-08	9.2103e-09	4.4099e-08	3.3286e-09	3.5159e-08	3.581e-09	9.0877e-09	1.4669e-09	7.6052e-09	2.0263e-09	8.2405e-10	4.339e-09	6.6137e-10	4.554e-09	9.3279e-10	2.3798e-09	4.8321e-10	2.2572e-09	5.0997e-10	2.1065e-09	2.4174e-10	2.757e-09	5.6347e-10	8.7223e-09	8.8778e-09	1.8164e-08	3.0805e-09	3.1784e-09	2.9479e-09	3.352e-08	2.0394e-09	8.2578e-10	5.1874e-10
120.481	 	 	 	 	 	 	 	 	 	 	1.0958e-07	3.4181e-11	2.348e-08	8.425e-10	2.5909e-08	2.6916e-09	1.2323e-08	2.2751e-09	6.6435e-08	8.8886e-09	1.7003e-07	1.1674e-07	0.0001183	9.4188e-07	2.6352e-06	1.0622e-07	4.6603e-07	4.6708e-08	1.4414e-07	9.8983e-09	1.226e-07	1.6987e-08	1.015e-07	1.6343e-08	5.9364e-08	1.2497e-08	3.4019e-08	2.8898e-09	1.5966e-08	8.3087e-09	1.9368e-09	6.2848e-09	2.162e-09	8.2645e-09	1.1062e-09	2.6189e-08	1.9226e-09	4.4714e-08	8.8552e-09	4.2334e-08	3.1985e-09	3.3753e-08	3.4427e-09	8.735e-09	1.4104e-09	7.3061e-09	1.9457e-09	7.9159e-10	4.1673e-09	6.3422e-10	4.3803e-09	8.9599e-10	2.2846e-09	4.6418e-10	2.1672e-09	4.9039e-10	2.0219e-09	2.3236e-10	2.6519e-09	5.4074e-10	8.385e-09	8.5274e-09	1.7477e-08	2.9617e-09	3.056e-09	2.8326e-09	3.2217e-08	1.9644e-09	7.9484e-10	4.9886e-10
122.156	 	 	 	 	 	 	 	 	 	 	1.1882e-07	3.4014e-11	3.0454e-08	8.4454e-10	2.6002e-08	2.8232e-09	1.2448e-08	2.2818e-09	7.0223e-08	9.788e-09	1.8063e-07	1.4008e-07	0.00011868	1.0567e-06	2.8983e-06	1.0924e-07	4.6734e-07	4.6401e-08	1.4162e-07	9.7121e-09	1.1912e-07	1.6565e-08	9.8761e-08	1.5881e-08	5.7861e-08	1.2175e-08	3.3108e-08	2.8077e-09	1.5469e-08	8.0467e-09	1.8683e-09	6.065e-09	2.0858e-09	7.9513e-09	1.0649e-09	2.5221e-08	1.8482e-09	4.2994e-08	8.5158e-09	4.0671e-08	3.0726e-09	3.2452e-08	3.308e-09	8.3904e-09	1.3518e-09	7.0252e-09	1.8696e-09	7.5981e-10	3.9957e-09	6.0886e-10	4.2029e-09	8.5881e-10	2.1936e-09	4.4593e-10	2.0813e-09	4.7102e-10	1.939e-09	2.2323e-10	2.5464e-09	5.1924e-10	8.0533e-09	8.1871e-09	1.6794e-08	2.8509e-09	2.9351e-09	2.7235e-09	3.102e-08	1.8901e-09	7.6496e-10	4.8067e-10
123.853	 	 	 	 	 	 	 	 	 	 	1.2924e-07	3.4723e-11	3.4724e-08	8.5585e-10	2.6416e-08	2.9201e-09	1.2578e-08	2.6539e-09	7.3441e-08	1.042e-08	1.8878e-07	1.5537e-07	0.00011869	1.1928e-06	3.2076e-06	1.1464e-07	4.718e-07	4.5816e-08	1.3838e-07	9.5379e-09	1.1587e-07	1.6229e-08	9.6376e-08	1.5494e-08	5.6338e-08	1.1853e-08	3.222e-08	2.7261e-09	1.5017e-08	7.786e-09	1.808e-09	5.8619e-09	2.0117e-09	7.6619e-09	1.027e-09	2.4323e-08	1.7766e-09	4.1452e-08	8.1904e-09	3.9057e-08	2.9601e-09	3.1184e-08	3.1801e-09	8.0479e-09	1.2986e-09	6.7415e-09	1.7937e-09	7.2873e-10	3.8339e-09	5.8437e-10	4.0369e-09	8.2456e-10	2.1077e-09	4.2821e-10	2.0005e-09	4.5211e-10	1.8649e-09	2.1465e-10	2.4434e-09	4.9832e-10	7.736e-09	7.8771e-09	1.617e-08	2.7376e-09	2.8178e-09	2.6173e-09	2.986e-08	1.8195e-09	7.3564e-10	4.6366e-10
125.574	 	 	 	 	 	 	 	 	 	 	1.3509e-07	3.5022e-11	3.7831e-08	8.5435e-10	2.657e-08	2.9506e-09	1.3029e-08	3.5126e-09	7.4119e-08	1.1005e-08	1.9547e-07	1.6494e-07	0.00011865	1.3125e-06	3.6181e-06	1.1886e-07	4.7012e-07	4.5114e-08	1.3526e-07	9.3161e-09	1.1345e-07	1.5829e-08	9.3962e-08	1.5077e-08	5.4889e-08	1.1508e-08	3.1299e-08	2.6513e-09	1.4561e-08	7.5289e-09	1.748e-09	5.6527e-09	1.941e-09	7.3745e-09	9.8766e-10	2.3358e-08	1.713e-09	3.9862e-08	7.8943e-09	3.7576e-08	2.8407e-09	2.9987e-08	3.0481e-09	7.731e-09	1.2476e-09	6.4666e-09	1.7221e-09	7.0008e-10	3.683e-09	5.6202e-10	3.8696e-09	7.9175e-10	2.0244e-09	4.1089e-10	1.9207e-09	4.3391e-10	1.791e-09	2.0619e-10	2.3466e-09	4.7889e-10	7.4315e-09	7.5694e-09	1.5524e-08	2.6325e-09	2.7085e-09	2.521e-09	2.8725e-08	1.7505e-09	7.0707e-10	4.4644e-10
127.32	 	 	 	 	 	 	 	 	 	 	1.4453e-07	3.8209e-11	4.1076e-08	9.3548e-10	2.9656e-08	2.964e-09	1.4174e-08	4.9966e-09	7.553e-08	1.1621e-08	1.9979e-07	1.7427e-07	0.0001183	1.3786e-06	3.8466e-06	1.2041e-07	4.6694e-07	4.4271e-08	1.3279e-07	9.0759e-09	1.1085e-07	1.5468e-08	9.1364e-08	1.4702e-08	5.3439e-08	1.1172e-08	3.0372e-08	2.5724e-09	1.4119e-08	7.2698e-09	1.6865e-09	5.4515e-09	1.8734e-09	7.0993e-09	9.5062e-10	2.247e-08	1.6454e-09	3.8265e-08	7.5891e-09	3.6155e-08	2.7282e-09	2.8775e-08	2.9284e-09	7.4268e-09	1.1997e-09	6.2021e-09	1.6528e-09	6.7193e-10	3.5351e-09	5.3934e-10	3.7152e-09	7.6081e-10	1.9421e-09	3.9443e-10	1.8441e-09	4.162e-10	1.7228e-09	1.9788e-10	2.2541e-09	4.6007e-10	7.1491e-09	7.2882e-09	1.4932e-08	2.5255e-09	2.6038e-09	2.426e-09	2.7643e-08	1.6831e-09	6.8087e-10	4.3054e-10
129.089	 	 	1.8268e-10	 	 	 	 	 	 	 	2.219e-07	4.6331e-11	6.2475e-08	1.1088e-09	3.7363e-08	3.0071e-09	5.6786e-08	5.8086e-09	7.9275e-08	1.2205e-08	2.1953e-07	1.8645e-07	0.00011927	1.4612e-06	4.06e-06	1.2298e-07	4.687e-07	4.3991e-08	1.3135e-07	8.9266e-09	1.0886e-07	1.5187e-08	8.9709e-08	1.4429e-08	5.2264e-08	1.0976e-08	2.9757e-08	2.5137e-09	1.378e-08	7.0828e-09	1.6407e-09	5.2999e-09	1.8172e-09	6.8951e-09	9.2133e-10	2.1744e-08	1.5928e-09	3.7042e-08	7.3391e-09	3.496e-08	2.641e-09	2.7831e-08	2.834e-09	7.1939e-09	1.1596e-09	6.0038e-09	1.5984e-09	6.4981e-10	3.4239e-09	5.2181e-10	3.5935e-09	7.3608e-10	1.8779e-09	3.8213e-10	1.7819e-09	4.0339e-10	1.6665e-09	1.9142e-10	2.181e-09	4.4514e-10	6.9267e-09	7.0485e-09	1.4439e-08	2.4445e-09	2.5223e-09	2.3521e-09	2.678e-08	1.6321e-09	6.6122e-10	4.1745e-10
130.883	 	 	6.0343e-10	 	 	 	 	 	 	 	3.7321e-07	5.8912e-11	1.0429e-07	1.3124e-09	4.7832e-08	3.0249e-09	1.4815e-07	6.4399e-09	8.9861e-08	1.2792e-08	2.6117e-07	1.9517e-07	0.00012207	1.5572e-06	4.3268e-06	1.2721e-07	4.7178e-07	4.376e-08	1.306e-07	8.868e-09	1.0785e-07	1.4978e-08	8.85e-08	1.4234e-08	5.1376e-08	1.0793e-08	2.9268e-08	2.4674e-09	1.3511e-08	6.9255e-09	1.6018e-09	5.1764e-09	1.7718e-09	6.7133e-09	8.9982e-10	2.1203e-08	1.5511e-09	3.6008e-08	7.1417e-09	3.3982e-08	2.571e-09	2.7066e-08	2.7592e-09	6.9902e-09	1.1268e-09	5.8354e-09	1.5547e-09	6.309e-10	3.3261e-09	5.0647e-10	3.4962e-09	7.1487e-10	1.8284e-09	3.715e-10	1.7336e-09	3.9232e-10	1.6192e-09	1.8607e-10	2.1216e-09	4.3316e-10	6.7443e-09	6.8649e-09	1.4043e-08	2.3799e-09	2.4611e-09	2.2914e-09	2.6101e-08	1.5889e-09	6.45e-10	4.0667e-10
132.702	 	 	1.2885e-09	 	 	 	 	 	 	 	5.2722e-07	6.5148e-11	1.5775e-07	1.569e-09	6.4752e-08	3.377e-09	2.6546e-07	7.0182e-09	1.1799e-07	1.3289e-08	3.5204e-07	2.0346e-07	0.00012537	1.6175e-06	4.5444e-06	1.2884e-07	4.7326e-07	4.3452e-08	1.2939e-07	8.7657e-09	1.063e-07	1.4769e-08	8.7345e-08	1.4032e-08	5.0735e-08	1.0618e-08	2.8756e-08	2.4263e-09	1.3234e-08	6.767e-09	1.5674e-09	5.0505e-09	1.7288e-09	6.5432e-09	8.7667e-10	2.067e-08	1.5102e-09	3.5102e-08	6.942e-09	3.3081e-08	2.5013e-09	2.6335e-08	2.6808e-09	6.7882e-09	1.0941e-09	5.678e-09	1.5096e-09	6.1322e-10	3.2321e-09	4.9234e-10	3.4001e-09	6.9486e-10	1.7782e-09	3.6104e-10	1.6869e-09	3.8205e-10	1.5745e-09	1.81e-10	2.0625e-09	4.2177e-10	6.5622e-09	6.6723e-09	1.3671e-08	2.3158e-09	2.3962e-09	2.2309e-09	2.5405e-08	1.5458e-09	6.2948e-10	3.9647e-10
134.546	 	 	1.5928e-09	 	 	 	 	 	 	 	6.103e-07	7.0663e-11	1.8536e-07	2.0359e-09	7.5442e-08	4.3175e-09	3.2199e-07	7.4034e-09	1.493e-07	1.4248e-08	4.2514e-07	2.2381e-07	0.00012943	1.6951e-06	4.6877e-06	1.3078e-07	4.7832e-07	4.2961e-08	1.2773e-07	8.6325e-09	1.0481e-07	1.4565e-08	8.6128e-08	1.381e-08	4.9891e-08	1.044e-08	2.8202e-08	2.3776e-09	1.2978e-08	6.6134e-09	1.5308e-09	4.9212e-09	1.6838e-09	6.3758e-09	8.5315e-10	2.0101e-08	1.4722e-09	3.4171e-08	6.7749e-09	3.2193e-08	2.4349e-09	2.5623e-08	2.6046e-09	6.5924e-09	1.0645e-09	5.5166e-09	1.4663e-09	5.9605e-10	3.1388e-09	4.7867e-10	3.3022e-09	6.766e-10	1.7285e-09	3.5088e-10	1.6419e-09	3.713e-10	1.5313e-09	1.7609e-10	2.009e-09	4.1085e-10	6.3878e-09	6.4893e-09	1.3306e-08	2.2584e-09	2.3353e-09	2.1745e-09	2.4721e-08	1.5055e-09	6.1428e-10	3.8661e-10
136.416	 	 	1.8024e-09	 	 	 	 	 	 	 	6.5979e-07	8.2691e-11	2.0236e-07	2.9795e-09	8.3828e-08	5.6126e-09	3.5873e-07	7.8807e-09	1.6862e-07	1.6023e-08	4.9617e-07	2.5323e-07	0.00013395	1.82e-06	4.9473e-06	1.3331e-07	4.8003e-07	4.2545e-08	1.2603e-07	8.5022e-09	1.033e-07	1.4396e-08	8.4981e-08	1.3576e-08	4.9084e-08	1.0281e-08	2.7736e-08	2.3353e-09	1.2715e-08	6.4722e-09	1.4944e-09	4.8044e-09	1.6429e-09	6.229e-09	8.3042e-10	1.9567e-08	1.4356e-09	3.322e-08	6.5845e-09	3.1341e-08	2.3631e-09	2.4912e-08	2.5291e-09	6.4146e-09	1.0344e-09	5.3585e-09	1.4264e-09	5.8024e-10	3.0521e-09	4.6572e-10	3.2099e-09	6.5804e-10	1.6797e-09	3.4091e-10	1.5974e-09	3.6081e-10	1.4894e-09	1.7124e-10	1.9549e-09	3.9988e-10	6.2056e-09	6.3177e-09	1.2965e-08	2.2007e-09	2.2759e-09	2.1169e-09	2.4071e-08	1.4677e-09	5.9845e-10	3.7652e-10
138.312	 	 	1.9297e-09	 	 	 	 	 	 	 	6.8581e-07	1.2612e-10	2.1297e-07	3.4948e-09	8.8965e-08	7.6873e-09	3.8034e-07	8.3773e-09	1.8201e-07	1.9262e-08	5.4066e-07	2.8686e-07	0.00013914	1.9197e-06	5.2707e-06	1.3527e-07	4.8147e-07	4.2379e-08	1.2529e-07	8.4158e-09	1.0205e-07	1.4171e-08	8.3781e-08	1.339e-08	4.8265e-08	1.0101e-08	2.7212e-08	2.2915e-09	1.2455e-08	6.3197e-09	1.4614e-09	4.6771e-09	1.6033e-09	6.064e-09	8.0834e-10	1.9055e-08	1.3963e-09	3.2293e-08	6.404e-09	3.0464e-08	2.2988e-09	2.4174e-08	2.4612e-09	6.2359e-09	1.0068e-09	5.2125e-09	1.3859e-09	5.6402e-10	2.9694e-09	4.5293e-10	3.1256e-09	6.3959e-10	1.6313e-09	3.3207e-10	1.5523e-09	3.5067e-10	1.4488e-09	1.6672e-10	1.9058e-09	3.892e-10	6.0376e-09	6.1493e-09	1.2642e-08	2.1446e-09	2.2159e-09	2.0597e-09	2.3465e-08	1.4327e-09	5.8328e-10	3.6664e-10
140.234	 	 	2.0046e-09	 	 	 	 	 	 	 	7.1237e-07	2.2368e-10	2.2173e-07	3.8513e-09	9.3152e-08	8.923e-09	3.9702e-07	8.7828e-09	1.934e-07	2.2288e-08	5.7478e-07	3.2439e-07	0.00014117	2.0192e-06	5.4542e-06	1.3711e-07	4.8124e-07	4.2131e-08	1.2392e-07	8.3351e-09	1.0078e-07	1.3997e-08	8.2382e-08	1.3183e-08	4.7531e-08	9.9219e-09	2.6738e-08	2.2448e-09	1.2173e-08	6.1715e-09	1.4248e-09	4.5629e-09	1.5629e-09	5.9031e-09	7.8922e-10	1.8555e-08	1.3577e-09	3.144e-08	6.2276e-09	2.9606e-08	2.2363e-09	2.3486e-08	2.3916e-09	6.0667e-09	9.7797e-10	5.0656e-09	1.3498e-09	5.4845e-10	2.8877e-09	4.3991e-10	3.0399e-09	6.2156e-10	1.5893e-09	3.2311e-10	1.5093e-09	3.4135e-10	1.4086e-09	1.6227e-10	1.853e-09	3.787e-10	5.878e-09	5.9917e-09	1.2311e-08	2.0894e-09	2.159e-09	2.0059e-09	2.2908e-08	1.3984e-09	5.6851e-10	3.5764e-10
142.183	 	 	2.1358e-09	 	 	 	 	 	 	 	7.4652e-07	3.0431e-10	2.3298e-07	4.1326e-09	9.8757e-08	9.885e-09	4.219e-07	8.9387e-09	2.0676e-07	2.5034e-08	6.1982e-07	3.7368e-07	0.00014373	2.1868e-06	5.7654e-06	1.398e-07	4.7984e-07	4.1878e-08	1.2225e-07	8.2306e-09	9.9197e-08	1.379e-08	8.0976e-08	1.2974e-08	4.6699e-08	9.7411e-09	2.6237e-08	2.2009e-09	1.1923e-08	6.0314e-09	1.3917e-09	4.4556e-09	1.5222e-09	5.7443e-09	7.6756e-10	1.8112e-08	1.3209e-09	3.0592e-08	6.0637e-09	2.8797e-08	2.1774e-09	2.2847e-08	2.3277e-09	5.8958e-09	9.5037e-10	4.9248e-09	1.3111e-09	5.3242e-10	2.8065e-09	4.2762e-10	2.9548e-09	6.0367e-10	1.5454e-09	3.1453e-10	1.4669e-09	3.3201e-10	1.3721e-09	1.5812e-10	1.8047e-09	3.6801e-10	5.7222e-09	5.8428e-09	1.1997e-08	2.0344e-09	2.1008e-09	1.9556e-09	2.2355e-08	1.3638e-09	5.5419e-10	3.4874e-10
144.159	 	 	2.2185e-09	 	 	 	 	 	 	 	7.6209e-07	3.5123e-10	2.3918e-07	4.3055e-09	1.0272e-07	1.0459e-08	4.361e-07	9.2971e-09	2.1712e-07	2.688e-08	6.5436e-07	4.0349e-07	0.00014649	2.3617e-06	6.2445e-06	1.4149e-07	4.7742e-07	4.1388e-08	1.2032e-07	8.1549e-09	9.7952e-08	1.3621e-08	7.9987e-08	1.2749e-08	4.5868e-08	9.5798e-09	2.5712e-08	2.1566e-09	1.1661e-08	5.8912e-09	1.3559e-09	4.341e-09	1.4835e-09	5.5934e-09	7.4694e-10	1.7632e-08	1.2852e-09	2.9788e-08	5.8994e-09	2.8015e-08	2.1156e-09	2.2226e-08	2.2612e-09	5.7261e-09	9.2406e-10	4.7814e-09	1.2743e-09	5.1753e-10	2.7285e-09	4.1641e-10	2.8715e-09	5.8816e-10	1.5054e-09	3.0561e-10	1.4273e-09	3.2285e-10	1.3352e-09	1.5385e-10	1.7543e-09	3.5813e-10	5.5829e-09	5.6898e-09	1.1687e-08	1.9831e-09	2.0447e-09	1.9091e-09	2.181e-08	1.3282e-09	5.397e-10	3.4e-10
146.162	 	 	2.241e-09	 	 	 	 	 	 	 	7.5814e-07	3.7838e-10	2.4057e-07	4.4828e-09	1.0471e-07	1.0942e-08	4.3874e-07	9.8368e-09	2.2892e-07	2.8397e-08	6.8427e-07	4.2958e-07	0.00014776	2.4583e-06	6.5693e-06	1.4256e-07	4.7618e-07	4.0791e-08	1.1883e-07	8.0395e-09	9.6624e-08	1.3442e-08	7.8664e-08	1.2558e-08	4.5039e-08	9.3895e-09	2.5189e-08	2.1143e-09	1.1395e-08	5.7487e-09	1.323e-09	4.2291e-09	1.4466e-09	5.4618e-09	7.2745e-10	1.7141e-08	1.2536e-09	2.894e-08	5.7442e-09	2.727e-08	2.0555e-09	2.1606e-08	2.1971e-09	5.5705e-09	8.9822e-10	4.6475e-09	1.2374e-09	5.0321e-10	2.6534e-09	4.05e-10	2.7889e-09	5.7205e-10	1.4633e-09	2.9709e-10	1.3886e-09	3.1391e-10	1.3016e-09	1.4978e-10	1.7062e-09	3.4863e-10	5.4372e-09	5.5447e-09	1.1388e-08	1.9307e-09	1.9923e-09	1.8635e-09	2.1244e-08	1.2947e-09	5.2595e-10	3.3158e-10
148.194	 	 	2.2538e-09	 	 	 	 	 	 	 	7.643e-07	3.9421e-10	2.4311e-07	4.6623e-09	1.0656e-07	1.1606e-08	4.4323e-07	1.1183e-08	2.3901e-07	3.0303e-08	7.2771e-07	4.5943e-07	0.00014887	2.5524e-06	6.7934e-06	1.4348e-07	4.7392e-07	4.0449e-08	1.1791e-07	7.9277e-09	9.5385e-08	1.326e-08	7.7407e-08	1.2348e-08	4.4293e-08	9.2217e-09	2.4702e-08	2.0649e-09	1.1139e-08	5.6019e-09	1.2895e-09	4.1209e-09	1.4128e-09	5.3105e-09	7.0827e-10	1.6682e-08	1.2182e-09	2.8143e-08	5.5773e-09	2.6508e-08	1.9961e-09	2.1008e-08	2.1367e-09	5.4137e-09	8.7348e-10	4.5187e-09	1.2033e-09	4.8959e-10	2.5826e-09	3.9367e-10	2.7173e-09	5.5714e-10	1.4218e-09	2.8867e-10	1.3505e-09	3.0591e-10	1.2657e-09	1.4568e-10	1.6612e-09	3.3946e-10	5.3013e-09	5.4017e-09	1.1089e-08	1.8786e-09	1.9435e-09	1.8175e-09	2.0709e-08	1.2618e-09	5.1309e-10	3.2355e-10
150.253	 	 	2.2984e-09	 	 	 	 	 	 	 	7.7037e-07	4.1315e-10	2.448e-07	4.7524e-09	1.0875e-07	1.2028e-08	4.5053e-07	1.3566e-08	2.4843e-07	3.1583e-08	7.9198e-07	4.8341e-07	0.00015212	2.6718e-06	7.0401e-06	1.4408e-07	4.6955e-07	4.0131e-08	1.1647e-07	7.8176e-09	9.4079e-08	1.3076e-08	7.6117e-08	1.2136e-08	4.3419e-08	9.0495e-09	2.421e-08	2.0237e-09	1.09e-08	5.4696e-09	1.2572e-09	4.0205e-09	1.3739e-09	5.1685e-09	6.9078e-10	1.6216e-08	1.1845e-09	2.7371e-08	5.4252e-09	2.573e-08	1.9426e-09	2.0406e-08	2.0769e-09	5.2631e-09	8.4798e-10	4.3975e-09	1.1707e-09	4.7617e-10	2.5108e-09	3.8259e-10	2.6429e-09	5.415e-10	1.3823e-09	2.8104e-10	1.3146e-09	2.9779e-10	1.2327e-09	1.4162e-10	1.617e-09	3.3128e-10	5.1648e-09	5.2634e-09	1.079e-08	1.8297e-09	1.898e-09	1.77e-09	2.0178e-08	1.2285e-09	5.0018e-10	3.1527e-10
152.341	 	 	2.3066e-09	 	 	 	 	 	 	 	7.9216e-07	4.305e-10	2.4627e-07	4.758e-09	1.0893e-07	1.2255e-08	4.5558e-07	1.5538e-08	2.6214e-07	3.2985e-08	8.6902e-07	5.0097e-07	0.00015594	2.744e-06	7.3183e-06	1.4395e-07	4.6466e-07	3.9672e-08	1.1529e-07	7.7207e-09	9.2844e-08	1.2876e-08	7.4972e-08	1.1903e-08	4.2638e-08	8.8653e-09	2.3693e-08	1.9812e-09	1.0646e-08	5.3249e-09	1.2273e-09	3.9238e-09	1.3384e-09	5.0341e-09	6.7349e-10	1.5827e-08	1.153e-09	2.6637e-08	5.2763e-09	2.4995e-08	1.8879e-09	1.9842e-08	2.0195e-09	5.1105e-09	8.241e-10	4.276e-09	1.1386e-09	4.6258e-10	2.441e-09	3.716e-10	2.5741e-09	5.2625e-10	1.3453e-09	2.733e-10	1.2799e-09	2.9033e-10	1.1984e-09	1.3786e-10	1.5756e-09	3.226e-10	5.0286e-09	5.1252e-09	1.0507e-08	1.7839e-09	1.8524e-09	1.7255e-09	1.9652e-08	1.1962e-09	4.8779e-10	3.0718e-10
154.458	 	 	2.7133e-09	 	 	 	 	 	 	 	9.028e-07	4.4087e-10	2.8146e-07	4.8301e-09	1.1742e-07	1.2458e-08	6.4647e-07	1.6738e-08	2.9141e-07	3.4828e-08	9.686e-07	5.325e-07	0.00015805	2.8149e-06	7.4265e-06	1.4403e-07	4.6147e-07	3.9024e-08	1.1379e-07	7.627e-09	9.1548e-08	1.266e-08	7.3668e-08	1.171e-08	4.1842e-08	8.694e-09	2.3186e-08	1.9357e-09	1.0398e-08	5.195e-09	1.1951e-09	3.8168e-09	1.302e-09	4.9013e-09	6.5498e-10	1.5385e-08	1.1224e-09	2.5913e-08	5.1393e-09	2.4319e-08	1.8375e-09	1.9297e-08	1.9606e-09	4.9679e-09	8.0161e-10	4.1578e-09	1.1068e-09	4.4965e-10	2.3711e-09	3.6207e-10	2.5019e-09	5.1148e-10	1.3087e-09	2.6585e-10	1.2471e-09	2.8228e-10	1.1655e-09	1.342e-10	1.5366e-09	3.1447e-10	4.9016e-09	4.9873e-09	1.0241e-08	1.7416e-09	1.8051e-09	1.6816e-09	1.9134e-08	1.1655e-09	4.7589e-10	2.9962e-10
156.605	 	 	3.4566e-09	 	 	 	 	 	 	 	1.1278e-06	4.4084e-10	3.457e-07	4.8664e-09	1.3695e-07	1.2694e-08	1.0364e-06	1.7657e-08	3.2305e-07	3.6728e-08	1.0915e-06	5.7174e-07	0.00016213	2.9012e-06	7.6063e-06	1.4413e-07	4.5926e-07	3.8447e-08	1.1225e-07	7.5066e-09	9.0041e-08	1.2482e-08	7.2369e-08	1.1484e-08	4.0991e-08	8.5191e-09	2.2707e-08	1.8934e-09	1.0162e-08	5.074e-09	1.165e-09	3.7176e-09	1.2701e-09	4.7834e-09	6.37e-10	1.4964e-08	1.0924e-09	2.5201e-08	4.9936e-09	2.3657e-08	1.7852e-09	1.8751e-08	1.9056e-09	4.8291e-09	7.795e-10	4.0368e-09	1.0761e-09	4.3788e-10	2.3075e-09	3.5217e-10	2.4315e-09	4.9795e-10	1.2728e-09	2.5859e-10	1.2136e-09	2.7489e-10	1.1348e-09	1.3072e-10	1.4964e-09	3.0648e-10	4.7715e-09	4.8566e-09	9.9983e-09	1.7001e-09	1.7592e-09	1.6373e-09	1.8635e-08	1.1381e-09	4.6406e-10	2.9245e-10
158.781	 	 	4.087e-09	 	 	 	 	 	 	 	1.2594e-06	4.4721e-10	3.9005e-07	5.2264e-09	1.6557e-07	1.2711e-08	1.4041e-06	1.8746e-08	3.6055e-07	3.8464e-08	1.1993e-06	5.9439e-07	0.00016819	2.9853e-06	7.8211e-06	1.4331e-07	4.568e-07	3.8178e-08	1.1072e-07	7.4162e-09	8.8512e-08	1.2299e-08	7.1067e-08	1.1286e-08	4.0203e-08	8.3528e-09	2.22e-08	1.8495e-09	9.9278e-09	4.9431e-09	1.1355e-09	3.6179e-09	1.2379e-09	4.6615e-09	6.197e-10	1.4553e-08	1.0628e-09	2.4454e-08	4.8552e-09	2.3001e-08	1.7345e-09	1.821e-08	1.8534e-09	4.7022e-09	7.5851e-10	3.9239e-09	1.0463e-09	4.2591e-10	2.2452e-09	3.4301e-10	2.3633e-09	4.8434e-10	1.2375e-09	2.5194e-10	1.1816e-09	2.6707e-10	1.1047e-09	1.2755e-10	1.4584e-09	2.9842e-10	4.6426e-09	4.7339e-09	9.7585e-09	1.6582e-09	1.7143e-09	1.5944e-09	1.819e-08	1.1105e-09	4.5214e-10	2.8514e-10
160.988	 	 	4.4819e-09	 	 	 	 	 	 	 	1.3559e-06	4.4842e-10	4.9955e-07	6.0284e-09	1.7972e-07	1.4027e-08	1.6095e-06	1.9691e-08	3.8402e-07	4.1617e-08	1.2694e-06	6.3337e-07	0.00017089	3.0551e-06	7.968e-06	1.4257e-07	4.5317e-07	3.7752e-08	1.0925e-07	7.3148e-09	8.7448e-08	1.2103e-08	6.99e-08	1.1076e-08	3.9394e-08	8.1589e-09	2.1704e-08	1.8088e-09	9.6878e-09	4.8166e-09	1.1098e-09	3.5309e-09	1.2041e-09	4.532e-09	6.0324e-10	1.4171e-08	1.0322e-09	2.3765e-08	4.7134e-09	2.2365e-08	1.6872e-09	1.7709e-08	1.803e-09	4.5705e-09	7.3731e-10	3.8157e-09	1.0186e-09	4.1404e-10	2.1862e-09	3.334e-10	2.3009e-09	4.7103e-10	1.206e-09	2.454e-10	1.1493e-09	2.5989e-10	1.0766e-09	1.2421e-10	1.4209e-09	2.9082e-10	4.5235e-09	4.622e-09	9.5237e-09	1.6149e-09	1.6705e-09	1.5536e-09	1.7759e-08	1.0838e-09	4.4083e-10	2.7814e-10
163.225	 	 	4.8562e-09	 	 	 	 	 	 	 	1.4599e-06	4.7438e-10	7.0937e-07	7.1231e-09	1.9068e-07	1.6898e-08	1.7629e-06	2.0604e-08	4.0366e-07	4.5477e-08	1.3463e-06	6.9403e-07	0.00017313	3.177e-06	8.1868e-06	1.4214e-07	4.4763e-07	3.7304e-08	1.08e-07	7.223e-09	8.602e-08	1.1896e-08	6.8529e-08	1.0854e-08	3.8626e-08	7.9957e-09	2.1199e-08	1.7671e-09	9.4416e-09	4.6935e-09	1.0799e-09	3.4375e-09	1.1724e-09	4.4091e-09	5.8831e-10	1.3789e-08	1.0042e-09	2.3119e-08	4.5843e-09	2.1724e-08	1.6399e-09	1.7207e-08	1.7538e-09	4.4453e-09	7.1617e-10	3.7126e-09	9.9031e-10	4.0241e-10	2.1266e-09	3.2403e-10	2.238e-09	4.5803e-10	1.1739e-09	2.39e-10	1.1174e-09	2.5306e-10	1.0499e-09	1.2106e-10	1.3846e-09	2.8302e-10	4.412e-09	4.5112e-09	9.2773e-09	1.5744e-09	1.626e-09	1.5171e-09	1.7326e-08	1.0582e-09	4.3027e-10	2.7097e-10
165.494	 	 	5.3299e-09	1.3466e-10	 	 	 	 	 	 	1.8521e-06	5.5137e-10	9.396e-07	8.4013e-09	2.0179e-07	2.0623e-08	1.8899e-06	2.1525e-08	4.2261e-07	4.8014e-08	1.4262e-06	7.3109e-07	0.00017612	3.2504e-06	8.3782e-06	1.4179e-07	4.4163e-07	3.6929e-08	1.0632e-07	7.1262e-09	8.466e-08	1.172e-08	6.7303e-08	1.0639e-08	3.7731e-08	7.828e-09	2.0756e-08	1.726e-09	9.2195e-09	4.5807e-09	1.0516e-09	3.3449e-09	1.1418e-09	4.288e-09	5.7175e-10	1.3427e-08	9.769e-10	2.2493e-08	4.4573e-09	2.1127e-08	1.5945e-09	1.6771e-08	1.7052e-09	4.3153e-09	6.9582e-10	3.6112e-09	9.6286e-10	3.9087e-10	2.0667e-09	3.1495e-10	2.1765e-09	4.4639e-10	1.1447e-09	2.3258e-10	1.0877e-09	2.4628e-10	1.0225e-09	1.1798e-10	1.3483e-09	2.7548e-10	4.3088e-09	4.4026e-09	9.0437e-09	1.5345e-09	1.5831e-09	1.4804e-09	1.6923e-08	1.031e-09	4.1978e-10	2.6417e-10
167.794	 	 	5.5899e-09	4.6437e-10	 	 	 	 	 	 	2.5611e-06	6.7588e-10	1.0582e-06	9.3268e-09	2.0825e-07	2.2432e-08	1.98e-06	2.2272e-08	4.3845e-07	5.0122e-08	1.4723e-06	7.5974e-07	0.00017897	3.3055e-06	8.5362e-06	1.4152e-07	4.3893e-07	3.6422e-08	1.0507e-07	7.0334e-09	8.3265e-08	1.1528e-08	6.6052e-08	1.043e-08	3.6975e-08	7.6483e-09	2.0273e-08	1.6881e-09	8.9765e-09	4.4692e-09	1.0233e-09	3.2577e-09	1.1122e-09	4.1783e-09	5.5592e-10	1.3038e-08	9.5133e-10	2.1863e-08	4.3381e-09	2.0545e-08	1.5482e-09	1.6287e-08	1.6559e-09	4.1956e-09	6.7676e-10	3.5085e-09	9.3534e-10	3.8087e-10	2.0101e-09	3.0664e-10	2.1165e-09	4.3464e-10	1.1129e-09	2.2643e-10	1.059e-09	2.4024e-10	9.9662e-10	1.1493e-10	1.3122e-09	2.6845e-10	4.2061e-09	4.2888e-09	8.8125e-09	1.4942e-09	1.5451e-09	1.4448e-09	1.6487e-08	1.0049e-09	4.0917e-10	2.5765e-10
170.125	 	 	5.9772e-09	1.069e-09	 	 	 	 	 	 	3.3407e-06	7.805e-10	1.1501e-06	1.0145e-08	2.1613e-07	2.3879e-08	2.1096e-06	2.3022e-08	4.5454e-07	5.258e-08	1.5357e-06	7.9192e-07	0.00018179	3.3598e-06	8.6361e-06	1.4062e-07	4.3461e-07	3.5928e-08	1.0357e-07	6.9362e-09	8.2026e-08	1.1332e-08	6.4715e-08	1.0227e-08	3.6196e-08	7.4812e-09	1.9798e-08	1.6455e-09	8.7583e-09	4.3485e-09	9.969e-10	3.1725e-09	1.0856e-09	4.0707e-09	5.4124e-10	1.2684e-08	9.2463e-10	2.1261e-08	4.2147e-09	1.9966e-08	1.505e-09	1.5839e-08	1.6094e-09	4.08e-09	6.5852e-10	3.4107e-09	9.1029e-10	3.7048e-10	1.9546e-09	2.9826e-10	2.0628e-09	4.2372e-10	1.0839e-09	2.2001e-10	1.0316e-09	2.3412e-10	9.7092e-10	1.1196e-10	1.2778e-09	2.6191e-10	4.1006e-09	4.181e-09	8.5862e-09	1.455e-09	1.509e-09	1.4107e-09	1.6068e-08	9.798e-10	3.9885e-10	2.5123e-10
172.49	 	 	6.4066e-09	1.3459e-09	 	 	 	 	 	 	3.8003e-06	9.8915e-10	1.2177e-06	1.0646e-08	2.2508e-07	2.5356e-08	2.2236e-06	2.4137e-08	4.7281e-07	5.4443e-08	1.628e-06	8.2363e-07	0.00018502	3.4085e-06	8.7425e-06	1.3908e-07	4.2911e-07	3.5414e-08	1.0231e-07	6.8239e-09	8.0612e-08	1.1116e-08	6.3481e-08	9.9976e-09	3.5367e-08	7.312e-09	1.936e-08	1.6062e-09	8.5551e-09	4.2355e-09	9.7338e-10	3.092e-09	1.0569e-09	3.9576e-09	5.2685e-10	1.2338e-08	8.9794e-10	2.0657e-08	4.0971e-09	1.9392e-08	1.4635e-09	1.5378e-08	1.5652e-09	3.9704e-09	6.4043e-10	3.3216e-09	8.8576e-10	3.6087e-10	1.9016e-09	2.9009e-10	2.0086e-09	4.1209e-10	1.0532e-09	2.141e-10	1.0066e-09	2.2825e-10	9.4632e-10	1.0895e-10	1.2457e-09	2.5581e-10	3.995e-09	4.0742e-09	8.3585e-09	1.4182e-09	1.4718e-09	1.3745e-09	1.567e-08	9.5534e-10	3.8873e-10	2.4505e-10
174.887	 	 	6.6469e-09	1.5329e-09	 	 	 	 	 	 	4.0456e-06	1.4847e-09	1.2654e-06	1.113e-08	2.3159e-07	2.6186e-08	2.2582e-06	2.5939e-08	4.926e-07	5.5394e-08	1.6921e-06	8.4043e-07	0.00018783	3.4272e-06	8.8029e-06	1.3758e-07	4.2235e-07	3.502e-08	1.0098e-07	6.7083e-09	7.9196e-08	1.0938e-08	6.2209e-08	9.7962e-09	3.4592e-08	7.1488e-09	1.8894e-08	1.5667e-09	8.3349e-09	4.1224e-09	9.4652e-10	3.0167e-09	1.0275e-09	3.8478e-09	5.1296e-10	1.2018e-08	8.7224e-10	2.0084e-08	3.9835e-09	1.886e-08	1.4245e-09	1.4955e-08	1.523e-09	3.8622e-09	6.2241e-10	3.2311e-09	8.6255e-10	3.5078e-10	1.8503e-09	2.821e-10	1.9581e-09	4.0132e-10	1.025e-09	2.0847e-10	9.8033e-10	2.2239e-10	9.2145e-10	1.0609e-10	1.2165e-09	2.497e-10	3.8939e-09	3.9694e-09	8.1413e-09	1.385e-09	1.4375e-09	1.3398e-09	1.5281e-08	9.3051e-10	3.7922e-10	2.3899e-10
177.317	 	 	6.8316e-09	1.6465e-09	 	 	 	 	 	4.4966e-13	4.2205e-06	1.8087e-09	1.322e-06	1.1729e-08	2.3292e-07	2.7308e-08	2.3127e-06	2.7908e-08	5.0203e-07	5.7224e-08	1.7683e-06	8.6485e-07	0.0001896	3.4521e-06	8.837e-06	1.3711e-07	4.1711e-07	3.4551e-08	9.9661e-08	6.6289e-09	7.7795e-08	1.0729e-08	6.1001e-08	9.5934e-09	3.3822e-08	6.9842e-09	1.8461e-08	1.527e-09	8.123e-09	4.0245e-09	9.213e-10	2.9357e-09	1.0001e-09	3.7468e-09	4.9877e-10	1.1677e-08	8.4883e-10	1.9541e-08	3.873e-09	1.8326e-08	1.3852e-09	1.455e-08	1.4814e-09	3.7519e-09	6.0508e-10	3.1413e-09	8.3909e-10	3.4095e-10	1.7994e-09	2.7495e-10	1.9045e-09	3.8991e-10	9.9807e-10	2.0301e-10	9.5557e-10	2.1656e-10	8.9685e-10	1.0341e-10	1.1874e-09	2.4334e-10	3.7947e-09	3.8646e-09	7.9458e-09	1.3514e-09	1.4016e-09	1.3064e-09	1.4883e-08	9.0686e-10	3.6966e-10	2.3304e-10
179.782	 	 	7.0762e-09	1.7131e-09	 	 	 	 	 	1.5693e-12	4.3943e-06	2.0091e-09	1.3644e-06	1.2143e-08	2.3768e-07	2.8515e-08	2.3891e-06	2.9628e-08	5.2797e-07	5.9378e-08	1.8924e-06	8.9325e-07	0.00019427	3.485e-06	8.871e-06	1.3582e-07	4.1412e-07	3.4081e-08	9.8291e-08	6.522e-09	7.6519e-08	1.0546e-08	5.9598e-08	9.3756e-09	3.306e-08	6.8241e-09	1.7982e-08	1.4901e-09	7.9158e-09	3.9168e-09	8.9752e-10	2.8546e-09	9.7267e-10	3.6465e-09	4.8478e-10	1.1354e-08	8.256e-10	1.8984e-08	3.767e-09	1.7863e-08	1.3471e-09	1.4156e-08	1.4394e-09	3.6476e-09	5.8915e-10	3.0533e-09	8.1551e-10	3.3141e-10	1.7529e-09	2.6776e-10	1.8547e-09	3.7946e-10	9.7143e-10	1.9813e-10	9.3127e-10	2.1114e-10	8.7341e-10	1.0095e-10	1.1588e-09	2.372e-10	3.6957e-09	3.7643e-09	7.7612e-09	1.3192e-09	1.3658e-09	1.2738e-09	1.4502e-08	8.8489e-10	3.6066e-10	2.2747e-10
182.28	 	 	7.2119e-09	1.8286e-09	 	 	 	 	 	3.6585e-12	4.5546e-06	2.1697e-09	1.3708e-06	1.2342e-08	2.4182e-07	2.9219e-08	2.5427e-06	3.0974e-08	5.5732e-07	6.0559e-08	2.0027e-06	9.1274e-07	0.00019683	3.4905e-06	8.9097e-06	1.3409e-07	4.0923e-07	3.3623e-08	9.6765e-08	6.4201e-09	7.5051e-08	1.0352e-08	5.8406e-08	9.1712e-09	3.2299e-08	6.6723e-09	1.7559e-08	1.4543e-09	7.7276e-09	3.812e-09	8.7407e-10	2.778e-09	9.493e-10	3.5514e-09	4.7162e-10	1.1025e-08	8.0301e-10	1.844e-08	3.6576e-09	1.7349e-08	1.308e-09	1.3765e-08	1.3994e-09	3.5527e-09	5.7315e-10	2.966e-09	7.932e-10	3.227e-10	1.7061e-09	2.6099e-10	1.802e-09	3.695e-10	9.4765e-10	1.9298e-10	9.0731e-10	2.0562e-10	8.5162e-10	9.8564e-11	1.1289e-09	2.3117e-10	3.5979e-09	3.6744e-09	7.5713e-09	1.2879e-09	1.3319e-09	1.2408e-09	1.415e-08	8.6281e-10	3.5161e-10	2.2208e-10
184.813	 	 	7.2304e-09	1.9011e-09	 	 	 	 	 	4.622e-12	4.6501e-06	2.2713e-09	1.3856e-06	1.2619e-08	2.5287e-07	2.9504e-08	2.9616e-06	3.1911e-08	5.8023e-07	6.2182e-08	2.064e-06	9.4707e-07	0.00019868	3.5017e-06	8.8975e-06	1.321e-07	4.052e-07	3.3218e-08	9.5155e-08	6.3152e-09	7.3702e-08	1.0146e-08	5.7169e-08	8.9575e-09	3.1564e-08	6.5074e-09	1.7106e-08	1.4183e-09	7.5383e-09	3.7132e-09	8.5353e-10	2.7031e-09	9.2265e-10	3.4507e-09	4.5893e-10	1.0727e-08	7.8084e-10	1.7941e-08	3.555e-09	1.6873e-08	1.2717e-09	1.3381e-08	1.3629e-09	3.4559e-09	5.5731e-10	2.8904e-09	7.7142e-10	3.1389e-10	1.6637e-09	2.5388e-10	1.7537e-09	3.5971e-10	9.236e-10	1.8816e-10	8.8384e-10	2.0008e-10	8.3164e-10	9.6211e-11	1.1007e-09	2.253e-10	3.5112e-09	3.5885e-09	7.3963e-09	1.255e-09	1.2991e-09	1.2093e-09	1.38e-08	8.4159e-10	3.4291e-10	2.1676e-10
187.382	 	 	7.3071e-09	1.9194e-09	 	 	 	 	 	5.2689e-12	4.663e-06	2.3621e-09	1.4016e-06	1.2845e-08	2.7262e-07	3.0111e-08	3.4932e-06	3.2861e-08	5.9541e-07	6.4862e-08	2.1291e-06	9.7114e-07	0.00020018	3.5087e-06	8.884e-06	1.3095e-07	4.0011e-07	3.2803e-08	9.3959e-08	6.2223e-09	7.2338e-08	9.947e-09	5.587e-08	8.7674e-09	3.0857e-08	6.3471e-09	1.6681e-08	1.3816e-09	7.3361e-09	3.6163e-09	8.3127e-10	2.6375e-09	8.9759e-10	3.3567e-09	4.4675e-10	1.0427e-08	7.5846e-10	1.7434e-08	3.4585e-09	1.6383e-08	1.2368e-09	1.3009e-08	1.3258e-09	3.3595e-09	5.4171e-10	2.8121e-09	7.5055e-10	3.0532e-10	1.6179e-09	2.4727e-10	1.7078e-09	3.5098e-10	9.005e-10	1.834e-10	8.6016e-10	1.9495e-10	8.1182e-10	9.3738e-11	1.0727e-09	2.1929e-10	3.4284e-09	3.5013e-09	7.2072e-09	1.2236e-09	1.2656e-09	1.1801e-09	1.3459e-08	8.2123e-10	3.3483e-10	2.1125e-10
189.986	 	 	7.4108e-09	1.9358e-09	 	 	 	 	 	5.6606e-12	4.7135e-06	2.4642e-09	1.4561e-06	1.2833e-08	2.8903e-07	3.084e-08	3.786e-06	3.3579e-08	6.1472e-07	6.6643e-08	2.2138e-06	9.9298e-07	0.00020136	3.5143e-06	8.8917e-06	1.3008e-07	3.9482e-07	3.2363e-08	9.2493e-08	6.1161e-09	7.0884e-08	9.7529e-09	5.4644e-08	8.5659e-09	3.0102e-08	6.196e-09	1.6295e-08	1.3468e-09	7.1456e-09	3.5265e-09	8.0824e-10	2.5634e-09	8.735e-10	3.2652e-09	4.3442e-10	1.0151e-08	7.3778e-10	1.6985e-08	3.3639e-09	1.5932e-08	1.2036e-09	1.267e-08	1.2891e-09	3.2658e-09	5.2622e-10	2.7392e-09	7.3035e-10	2.9693e-10	1.5762e-09	2.4024e-10	1.6626e-09	3.4197e-10	8.7747e-10	1.7861e-10	8.3775e-10	1.9014e-10	7.9223e-10	9.1389e-11	1.0449e-09	2.1358e-10	3.345e-09	3.4204e-09	7.0248e-09	1.193e-09	1.2329e-09	1.1507e-09	1.3134e-08	8.0097e-10	3.2689e-10	2.0595e-10
192.626	 	 	7.247e-09	1.9734e-09	 	 	 	 	 	5.8954e-12	4.703e-06	2.5193e-09	1.609e-06	1.3331e-08	2.9559e-07	3.3011e-08	3.9735e-06	3.4614e-08	6.31e-07	6.7612e-08	2.2467e-06	1.0084e-06	0.0002015	3.5263e-06	8.8988e-06	1.2869e-07	3.8961e-07	3.1937e-08	9.1077e-08	6.0093e-09	6.9548e-08	9.5648e-09	5.3456e-08	8.3664e-09	2.9352e-08	6.036e-09	1.5872e-08	1.3138e-09	6.9557e-09	3.4398e-09	7.8675e-10	2.4932e-09	8.5069e-10	3.1787e-09	4.2168e-10	9.8636e-09	7.1746e-10	1.6502e-08	3.2734e-09	1.5503e-08	1.1709e-09	1.232e-08	1.253e-09	3.1729e-09	5.128e-10	2.6626e-09	7.1023e-10	2.8943e-10	1.5323e-09	2.3381e-10	1.6224e-09	3.3352e-10	8.5451e-10	1.7409e-10	8.167e-10	1.857e-10	7.7183e-10	8.9065e-11	1.0176e-09	2.0847e-10	3.2673e-09	3.3329e-09	6.8514e-09	1.1632e-09	1.2028e-09	1.1224e-09	1.2812e-08	7.8055e-10	3.1911e-10	2.0093e-10
195.303	 	 	7.0908e-09	1.9865e-09	1.7141e-09	 	 	 	 	6.2952e-12	4.865e-06	2.5243e-09	1.9683e-06	1.4451e-08	3.0075e-07	3.6338e-08	4.163e-06	3.5672e-08	6.3654e-07	6.8799e-08	2.2914e-06	1.0241e-06	0.00020199	3.5211e-06	8.8992e-06	1.2749e-07	3.846e-07	3.1486e-08	8.9564e-08	5.9044e-09	6.8164e-08	9.3495e-09	5.2242e-08	8.1849e-09	2.8661e-08	5.891e-09	1.5474e-08	1.2833e-09	6.7926e-09	3.3462e-09	7.6486e-10	2.4274e-09	8.2785e-10	3.0918e-09	4.0979e-10	9.5865e-09	6.9739e-10	1.6042e-08	3.1827e-09	1.5084e-08	1.1376e-09	1.198e-08	1.2173e-09	3.0922e-09	4.9882e-10	2.5884e-09	6.9205e-10	2.8192e-10	1.4909e-09	2.2769e-10	1.5807e-09	3.2497e-10	8.3322e-10	1.6944e-10	7.9753e-10	1.8131e-10	7.5257e-10	8.6792e-11	9.9141e-10	2.0368e-10	3.1866e-09	3.2486e-09	6.6822e-09	1.1329e-09	1.1732e-09	1.0953e-09	1.2485e-08	7.6114e-10	3.1118e-10	1.9576e-10
198.017	 	 	7.0251e-09	2.3787e-09	6.021e-09	1.9004e-14	 	 	 	6.5445e-12	5.4564e-06	2.5655e-09	2.2988e-06	1.561e-08	3.0892e-07	3.8677e-08	4.3612e-06	3.6146e-08	6.4571e-07	7.0135e-08	2.3472e-06	1.031e-06	0.0002032	3.4946e-06	8.8486e-06	1.2584e-07	3.803e-07	3.0963e-08	8.8267e-08	5.8077e-09	6.6836e-08	9.1646e-09	5.1039e-08	7.9793e-09	2.7917e-08	5.7529e-09	1.5084e-08	1.2483e-09	6.6092e-09	3.255e-09	7.4652e-10	2.3633e-09	8.061e-10	3.0072e-09	3.9874e-10	9.325e-09	6.774e-10	1.5582e-08	3.0915e-09	1.4667e-08	1.1061e-09	1.164e-08	1.1863e-09	3.0095e-09	4.8599e-10	2.516e-09	6.7361e-10	2.7475e-10	1.452e-09	2.217e-10	1.5417e-09	3.1649e-10	8.1149e-10	1.6497e-10	7.786e-10	1.7683e-10	7.3352e-10	8.4501e-11	9.6813e-10	1.9866e-10	3.1056e-09	3.1685e-09	6.5091e-09	1.1048e-09	1.1442e-09	1.0683e-09	1.2176e-08	7.4313e-10	3.0319e-10	1.908e-10
200.769	 	 	6.9195e-09	3.0792e-09	1.3861e-08	1.1557e-13	 	 	 	6.6032e-12	6.4458e-06	2.588e-09	2.6295e-06	1.6104e-08	3.126e-07	3.9673e-08	4.5075e-06	3.6964e-08	6.5898e-07	7.0412e-08	2.388e-06	1.0395e-06	0.00020437	3.4676e-06	8.744e-06	1.2433e-07	3.7448e-07	3.0511e-08	8.6786e-08	5.6985e-09	6.5326e-08	8.976e-09	4.9893e-08	7.7943e-09	2.7244e-08	5.6079e-09	1.4744e-08	1.2163e-09	6.4333e-09	3.1672e-09	7.2621e-10	2.3009e-09	7.8262e-10	2.9191e-09	3.8802e-10	9.066e-09	6.5886e-10	1.5157e-08	3.0048e-09	1.426e-08	1.0774e-09	1.1327e-08	1.1543e-09	2.9307e-09	4.7248e-10	2.4502e-09	6.5698e-10	2.6733e-10	1.4136e-09	2.1636e-10	1.5023e-09	3.0859e-10	7.8968e-10	1.608e-10	7.6e-10	1.7225e-10	7.1444e-10	8.2318e-11	9.4517e-10	1.9407e-10	3.0286e-09	3.0902e-09	6.3432e-09	1.0779e-09	1.1164e-09	1.0411e-09	1.1886e-08	7.2509e-10	2.9561e-10	1.8607e-10
203.559	 	 	6.7842e-09	3.5786e-09	1.7374e-08	3.6833e-13	 	 	 	6.6682e-12	6.9311e-06	2.7857e-09	2.874e-06	1.6558e-08	3.1802e-07	4.0604e-08	4.6841e-06	3.8166e-08	6.6911e-07	7.0858e-08	2.4386e-06	1.0483e-06	0.00020618	3.4648e-06	8.7091e-06	1.2292e-07	3.7023e-07	3.011e-08	8.5314e-08	5.5959e-09	6.4018e-08	8.7732e-09	4.8762e-08	7.601e-09	2.6614e-08	5.4648e-09	1.4354e-08	1.1838e-09	6.2674e-09	3.0841e-09	7.0638e-10	2.2383e-09	7.6157e-10	2.8385e-09	3.7723e-10	8.8169e-09	6.4029e-10	1.475e-08	2.9227e-09	1.3867e-08	1.0482e-09	1.1026e-08	1.1244e-09	2.8484e-09	4.5929e-10	2.3833e-09	6.3886e-10	2.6037e-10	1.3785e-09	2.1079e-10	1.4631e-09	3.0047e-10	7.6952e-10	1.5695e-10	7.405e-10	1.6795e-10	6.9586e-10	8.036e-11	9.2255e-10	1.892e-10	2.9543e-09	3.0103e-09	6.19e-09	1.0512e-09	1.0895e-09	1.0152e-09	1.1599e-08	7.0711e-10	2.8841e-10	1.8156e-10
206.388	 	 	6.5859e-09	3.9216e-09	1.9766e-08	5.4312e-13	 	 	 	6.7952e-12	7.3879e-06	3.2349e-09	3.0475e-06	1.7088e-08	3.2275e-07	4.1824e-08	4.8363e-06	3.9289e-08	6.7503e-07	7.1602e-08	2.4906e-06	1.0532e-06	0.00020708	3.4428e-06	8.6747e-06	1.2143e-07	3.6518e-07	2.9635e-08	8.3786e-08	5.4929e-09	6.2644e-08	8.584e-09	4.7595e-08	7.4127e-09	2.5937e-08	5.3269e-09	1.398e-08	1.1555e-09	6.1038e-09	3.0079e-09	6.8711e-10	2.1752e-09	7.411e-10	2.7614e-09	3.6691e-10	8.5622e-09	6.2421e-10	1.4348e-08	2.8443e-09	1.3504e-08	1.019e-09	1.0737e-08	1.093e-09	2.7699e-09	4.465e-10	2.3187e-09	6.2246e-10	2.53e-10	1.3442e-09	2.0558e-10	1.4265e-09	2.9243e-10	7.5063e-10	1.533e-10	7.2207e-10	1.6371e-10	6.7816e-10	7.8494e-11	9.0118e-10	1.8439e-10	2.8785e-09	2.9339e-09	6.0376e-09	1.0255e-09	1.0618e-09	9.9135e-10	1.1308e-08	6.8923e-10	2.8108e-10	1.7691e-10
209.257	 	 	6.5299e-09	4.2766e-09	2.1195e-08	6.4145e-13	 	 	 	6.9065e-12	8.0808e-06	3.8205e-09	3.1867e-06	1.7315e-08	3.2461e-07	4.2461e-08	4.9067e-06	3.9734e-08	6.8737e-07	7.1707e-08	2.5315e-06	1.0558e-06	0.00020769	3.4075e-06	8.5991e-06	1.1995e-07	3.6083e-07	2.9143e-08	8.2452e-08	5.3832e-09	6.1239e-08	8.387e-09	4.6399e-08	7.2338e-09	2.528e-08	5.1994e-09	1.3607e-08	1.1256e-09	5.9565e-09	2.9241e-09	6.6928e-10	2.1165e-09	7.2182e-10	2.6875e-09	3.5654e-10	8.3249e-09	6.0631e-10	1.3948e-08	2.7672e-09	1.3132e-08	9.9067e-10	1.0447e-08	1.0627e-09	2.6921e-09	4.3482e-10	2.2558e-09	6.0509e-10	2.4624e-10	1.3099e-09	2.0037e-10	1.3889e-09	2.85e-10	7.3321e-10	1.4967e-10	7.0378e-10	1.5948e-10	6.6245e-10	7.6598e-11	8.7817e-10	1.7986e-10	2.8042e-09	2.8634e-09	5.8895e-09	1.0009e-09	1.0354e-09	9.6726e-10	1.1026e-08	6.7192e-10	2.7404e-10	1.7249e-10
212.165	 	 	6.4319e-09	4.6582e-09	2.2133e-08	7.0511e-13	 	 	 	8.2596e-12	8.5823e-06	4.5325e-09	3.3567e-06	1.7614e-08	3.2714e-07	4.339e-08	5.0513e-06	4.0442e-08	6.9874e-07	7.2499e-08	2.5566e-06	1.0575e-06	0.00020886	3.3625e-06	8.4811e-06	1.1826e-07	3.5623e-07	2.8722e-08	8.0864e-08	5.2827e-09	5.9888e-08	8.2071e-09	4.5323e-08	7.0597e-09	2.464e-08	5.0749e-09	1.3259e-08	1.0954e-09	5.808e-09	2.8435e-09	6.5137e-10	2.0597e-09	7.0166e-10	2.6118e-09	3.4672e-10	8.0957e-09	5.8972e-10	1.3564e-08	2.6891e-09	1.277e-08	9.627e-10	1.0155e-08	1.033e-09	2.6216e-09	4.23e-10	2.1985e-09	5.8888e-10	2.3981e-10	1.2769e-09	1.9516e-10	1.3519e-09	2.7807e-10	7.1594e-10	1.4586e-10	6.8567e-10	1.5527e-10	6.4659e-10	7.4838e-11	8.5613e-10	1.7547e-10	2.7362e-09	2.7926e-09	5.7478e-09	9.7614e-10	1.0103e-09	9.4352e-10	1.0748e-08	6.5563e-10	2.6737e-10	1.6816e-10
215.113	 	 	6.2632e-09	4.8951e-09	2.3637e-08	7.3225e-13	 	 	3.2105e-12	1.0755e-11	8.9827e-06	5.0252e-09	3.5198e-06	1.8065e-08	3.2983e-07	4.4142e-08	5.2624e-06	4.1182e-08	7.0114e-07	7.2626e-08	2.5815e-06	1.0595e-06	0.000209	3.3441e-06	8.3694e-06	1.1699e-07	3.5173e-07	2.827e-08	7.9463e-08	5.1784e-09	5.8639e-08	8.0201e-09	4.4142e-08	6.8873e-09	2.406e-08	4.9389e-09	1.2948e-08	1.0671e-09	5.649e-09	2.7693e-09	6.3446e-10	2.0056e-09	6.8163e-10	2.5398e-09	3.3739e-10	7.8835e-09	5.7267e-10	1.3203e-08	2.6147e-09	1.2408e-08	9.3823e-10	9.8784e-09	1.006e-09	2.5505e-09	4.1151e-10	2.1421e-09	5.7354e-10	2.3356e-10	1.2439e-09	1.9026e-10	1.3177e-09	2.7168e-10	6.9822e-10	1.4221e-10	6.6784e-10	1.5154e-10	6.3127e-10	7.2931e-11	8.3501e-10	1.7092e-10	2.6692e-09	2.7243e-09	5.6073e-09	9.5125e-10	9.8621e-10	9.1956e-10	1.0488e-08	6.3928e-10	2.6063e-10	1.637e-10
218.103	 	 	1.2933e-08	5.2604e-09	2.4548e-08	7.8004e-13	 	 	1.0924e-11	1.2413e-11	9.4843e-06	5.4672e-09	3.5692e-06	1.8283e-08	3.3155e-07	4.4472e-08	5.4769e-06	4.1289e-08	7.0429e-07	7.3158e-08	2.5952e-06	1.0636e-06	0.0002084	3.3299e-06	8.3565e-06	1.156e-07	3.4704e-07	2.7799e-08	7.8019e-08	5.0761e-09	5.7288e-08	7.8366e-09	4.3074e-08	6.7099e-09	2.3473e-08	4.8117e-09	1.2594e-08	1.0394e-09	5.4968e-09	2.6959e-09	6.1613e-10	1.9503e-09	6.6223e-10	2.4695e-09	3.2778e-10	7.6655e-09	5.5701e-10	1.2848e-08	2.5471e-09	1.2079e-08	9.1327e-10	9.6096e-09	9.7861e-10	2.4817e-09	4.0028e-10	2.0866e-09	5.5838e-10	2.28e-10	1.213e-09	1.8522e-10	1.2858e-09	2.6527e-10	6.8036e-10	1.3862e-10	6.5071e-10	1.4799e-10	6.1646e-10	7.1097e-11	8.1434e-10	1.6658e-10	2.6035e-09	2.6588e-09	5.4651e-09	9.2787e-10	9.6163e-10	8.9653e-10	1.0226e-08	6.2387e-10	2.5415e-10	1.5934e-10
221.134	 	 	4.5853e-08	5.6519e-09	2.4711e-08	8.1852e-13	 	 	2.1487e-11	2.1256e-10	9.9365e-06	5.7259e-09	3.6609e-06	1.8288e-08	3.3503e-07	4.5022e-08	5.7033e-06	4.1335e-08	7.1072e-07	7.3173e-08	2.6021e-06	1.0639e-06	0.00020774	3.3011e-06	8.2863e-06	1.1426e-07	3.416e-07	2.7282e-08	7.647e-08	4.9645e-09	5.5972e-08	7.6668e-09	4.2086e-08	6.5423e-09	2.2849e-08	4.6845e-09	1.2262e-08	1.0134e-09	5.3474e-09	2.626e-09	5.9954e-10	1.8934e-09	6.4458e-10	2.4016e-09	3.1848e-10	7.4575e-09	5.4211e-10	1.2496e-08	2.4783e-09	1.1755e-08	8.8932e-10	9.351e-09	9.5223e-10	2.4159e-09	3.9019e-10	2.0314e-09	5.4471e-10	2.2212e-10	1.1814e-09	1.8033e-10	1.2563e-09	2.5861e-10	6.6335e-10	1.3512e-10	6.3557e-10	1.4442e-10	6.0084e-10	6.9352e-11	7.9338e-10	1.6253e-10	2.5404e-09	2.5938e-09	5.3302e-09	9.0613e-10	9.3816e-10	8.7482e-10	9.9794e-09	6.0834e-10	2.477e-10	1.5514e-10
224.207	 	 	1.3344e-07	5.7905e-09	2.5027e-08	8.3587e-13	 	 	2.6538e-11	6.6586e-10	1.009e-05	6.0067e-09	3.7361e-06	1.8395e-08	3.3746e-07	4.5808e-08	5.8597e-06	4.1653e-08	7.0925e-07	7.2969e-08	2.608e-06	1.0576e-06	0.00020786	3.2689e-06	8.2045e-06	1.1299e-07	3.3598e-07	2.6857e-08	7.5045e-08	4.8656e-09	5.4741e-08	7.4768e-09	4.1009e-08	6.3829e-09	2.2256e-08	4.5751e-09	1.1948e-08	9.8893e-10	5.2127e-09	2.5523e-09	5.8343e-10	1.8403e-09	6.2708e-10	2.3364e-09	3.0992e-10	7.2412e-09	5.2747e-10	1.2149e-08	2.4097e-09	1.1452e-08	8.6445e-10	9.1001e-09	9.2659e-10	2.3535e-09	3.8017e-10	1.9777e-09	5.3106e-10	2.166e-10	1.1499e-09	1.7579e-10	1.2267e-09	2.5213e-10	6.4662e-10	1.3155e-10	6.2053e-10	1.411e-10	5.8592e-10	6.7644e-11	7.7354e-10	1.5857e-10	2.4796e-09	2.5281e-09	5.2044e-09	8.84e-10	9.1467e-10	8.5311e-10	9.7312e-09	5.9345e-10	2.4123e-10	1.5103e-10
227.323	 	 	1.9168e-07	6.0079e-09	2.5472e-08	8.3751e-13	 	 	2.9751e-11	1.0807e-09	1.0421e-05	6.3486e-09	3.7481e-06	1.8527e-08	3.3828e-07	4.658e-08	5.9275e-06	4.2131e-08	7.0718e-07	7.2567e-08	2.6142e-06	1.0479e-06	0.00020708	3.2306e-06	8.113e-06	1.1161e-07	3.3218e-07	2.6356e-08	7.357e-08	4.7607e-09	5.3463e-08	7.2976e-09	3.9982e-08	6.2354e-09	2.1671e-08	4.4525e-09	1.1639e-08	9.6246e-10	5.0788e-09	2.4829e-09	5.6834e-10	1.7909e-09	6.1e-10	2.2689e-09	3.013e-10	7.0428e-09	5.1288e-10	1.1803e-08	2.3428e-09	1.1141e-08	8.4073e-10	8.8505e-09	9.0308e-10	2.294e-09	3.7045e-10	1.9224e-09	5.178e-10	2.1118e-10	1.1206e-09	1.7159e-10	1.1958e-09	2.4579e-10	6.2983e-10	1.2817e-10	6.0581e-10	1.3763e-10	5.7138e-10	6.5904e-11	7.5494e-10	1.5469e-10	2.4169e-09	2.4657e-09	5.0791e-09	8.6262e-10	8.9233e-10	8.3256e-10	9.4929e-09	5.7953e-10	2.3487e-10	1.4692e-10
230.482	 	 	2.2464e-07	6.2039e-09	2.6448e-08	8.5839e-13	 	 	3.1557e-11	1.3e-09	1.0617e-05	6.5388e-09	3.8494e-06	1.8792e-08	3.3425e-07	4.7705e-08	5.976e-06	4.2121e-08	7.0677e-07	7.2519e-08	2.6055e-06	1.0467e-06	0.00020599	3.1999e-06	8.0263e-06	1.102e-07	3.2696e-07	2.5917e-08	7.2159e-08	4.6558e-09	5.2241e-08	7.1234e-09	3.8973e-08	6.0666e-09	2.1169e-08	4.3346e-09	1.1368e-08	9.3622e-10	4.9394e-09	2.4157e-09	5.5244e-10	1.743e-09	5.9329e-10	2.2058e-09	2.9348e-10	6.8509e-09	4.9878e-10	1.1503e-08	2.2763e-09	1.0829e-08	8.1724e-10	8.6272e-09	8.7999e-10	2.2331e-09	3.6058e-10	1.8718e-09	5.0471e-10	2.0573e-10	1.0931e-09	1.6763e-10	1.1659e-09	2.396e-10	6.1335e-10	1.2514e-10	5.9176e-10	1.3415e-10	5.572e-10	6.4247e-11	7.3632e-10	1.5099e-10	2.357e-09	2.4078e-09	4.9534e-09	8.4058e-10	8.7022e-10	8.1194e-10	9.2716e-09	5.6603e-10	2.2866e-10	1.4286e-10
233.685	 	 	2.4572e-07	6.2782e-09	3.1514e-08	8.6377e-13	 	 	3.3208e-11	1.4397e-09	1.0628e-05	6.6713e-09	4.1314e-06	1.9329e-08	3.3008e-07	4.8406e-08	5.9928e-06	4.2232e-08	7.0306e-07	7.2185e-08	2.5967e-06	1.0418e-06	0.00020417	3.1697e-06	7.9488e-06	1.0849e-07	3.2196e-07	2.545e-08	7.0543e-08	4.5511e-09	5.0907e-08	6.9422e-09	3.8085e-08	5.912e-09	2.0596e-08	4.2235e-09	1.1071e-08	9.1121e-10	4.804e-09	2.3523e-09	5.3695e-10	1.6947e-09	5.7645e-10	2.1462e-09	2.8526e-10	6.6685e-09	4.8525e-10	1.1191e-08	2.219e-09	1.0534e-08	7.9576e-10	8.3992e-09	8.5706e-10	2.1751e-09	3.5114e-10	1.823e-09	4.9161e-10	2.0052e-10	1.0678e-09	1.6369e-10	1.1366e-09	2.3326e-10	5.9881e-10	1.2226e-10	5.7677e-10	1.3085e-10	5.4276e-10	6.2711e-11	7.1841e-10	1.4733e-10	2.3003e-09	2.3497e-09	4.8293e-09	8.1975e-10	8.4891e-10	7.9209e-10	9.0558e-09	5.5262e-10	2.2266e-10	1.3895e-10
236.933	 	 	2.5503e-07	6.3235e-09	4.1505e-08	1.0039e-12	2.1388e-10	9.1661e-12	3.5284e-11	1.5051e-09	1.0713e-05	6.8254e-09	4.5298e-06	1.9614e-08	3.2978e-07	4.865e-08	6.065e-06	4.2593e-08	7.0399e-07	7.1622e-08	2.5972e-06	1.0325e-06	0.00020272	3.131e-06	7.8553e-06	1.0696e-07	3.1694e-07	2.4952e-08	6.9147e-08	4.4576e-09	4.9727e-08	6.777e-09	3.7121e-08	5.7556e-09	2.0053e-08	4.1138e-09	1.0768e-08	8.8721e-10	4.6796e-09	2.2881e-09	5.2164e-10	1.6485e-09	5.6078e-10	2.0885e-09	2.7725e-10	6.4894e-09	4.7245e-10	1.0906e-08	2.1601e-09	1.0253e-08	7.7442e-10	8.194e-09	8.3455e-10	2.116e-09	3.4129e-10	1.7763e-09	4.7946e-10	1.952e-10	1.0428e-09	1.5954e-10	1.108e-09	2.2727e-10	5.8503e-10	1.1932e-10	5.6245e-10	1.2768e-10	5.2953e-10	6.1165e-11	7.0128e-10	1.4361e-10	2.2457e-09	2.2922e-09	4.7087e-09	7.9986e-10	8.2815e-10	7.7349e-10	8.8425e-09	5.3872e-10	2.1657e-10	1.3515e-10
240.226	 	 	2.7194e-07	6.4121e-09	4.7194e-08	1.2819e-12	7.1556e-10	3.4636e-11	3.6591e-11	1.5969e-09	1.0822e-05	6.9243e-09	4.6945e-06	1.9479e-08	3.2743e-07	4.8502e-08	6.1209e-06	4.2498e-08	7.0138e-07	7.0879e-08	2.5989e-06	1.0191e-06	0.00020192	3.0891e-06	7.7631e-06	1.0582e-07	3.1238e-07	2.4477e-08	6.7678e-08	4.3561e-09	4.8461e-08	6.6196e-09	3.615e-08	5.6198e-09	1.954e-08	4.0158e-09	1.0484e-08	8.6567e-10	4.5557e-09	2.2258e-09	5.0782e-10	1.6023e-09	5.4559e-10	2.0321e-09	2.6944e-10	6.3061e-09	4.595e-10	1.0605e-08	2.1039e-09	9.9787e-09	7.5352e-10	7.9694e-09	8.1229e-10	2.0584e-09	3.3229e-10	1.7341e-09	4.6705e-10	1.9013e-10	1.0173e-09	1.5558e-10	1.0788e-09	2.2187e-10	5.7083e-10	1.166e-10	5.4856e-10	1.244e-10	5.1671e-10	5.9681e-11	6.8406e-10	1.4009e-10	2.19e-09	2.2344e-09	4.5953e-09	7.8024e-10	8.0813e-10	7.5545e-10	8.6211e-09	5.2535e-10	2.1068e-10	1.312e-10
243.564	 	 	2.8466e-07	6.4096e-09	5.1621e-08	1.5359e-12	1.2594e-09	8.836e-11	3.6548e-11	1.6834e-09	1.0777e-05	6.9317e-09	4.8346e-06	1.9532e-08	3.2413e-07	4.822e-08	6.0909e-06	4.2347e-08	7.0123e-07	7.0405e-08	2.5954e-06	1.0108e-06	0.00020054	3.0557e-06	7.6503e-06	1.0432e-07	3.0717e-07	2.4006e-08	6.6179e-08	4.2558e-09	4.7269e-08	6.4541e-09	3.5195e-08	5.473e-09	1.9034e-08	3.9158e-09	1.0197e-08	8.4163e-10	4.4381e-09	2.1612e-09	4.9387e-10	1.5584e-09	5.3037e-10	1.9766e-09	2.6213e-10	6.1328e-09	4.4687e-10	1.0311e-08	2.0452e-09	9.709e-09	7.3396e-10	7.7651e-09	7.899e-10	2.0052e-09	3.2365e-10	1.6895e-09	4.546e-10	1.8539e-10	9.9126e-10	1.5167e-10	1.0512e-09	2.1684e-10	5.5777e-10	1.1365e-10	5.3502e-10	1.2123e-10	5.0406e-10	5.8257e-11	6.6673e-10	1.3678e-10	2.1367e-09	2.1788e-09	4.4815e-09	7.6133e-10	7.8902e-10	7.3757e-10	8.4051e-09	5.1258e-10	2.05e-10	1.2746e-10
246.949	 	 	2.8973e-07	9.975e-09	5.6641e-08	1.6928e-12	1.5377e-09	1.1462e-10	3.728e-11	1.7288e-09	1.0769e-05	7.3212e-09	4.995e-06	1.9579e-08	3.1804e-07	4.8488e-08	6.0958e-06	4.232e-08	6.9773e-07	7.0134e-08	2.5759e-06	1.0086e-06	0.00019825	3.0248e-06	7.5856e-06	1.0279e-07	3.018e-07	2.3554e-08	6.4722e-08	4.164e-09	4.6188e-08	6.2912e-09	3.4292e-08	5.3281e-09	1.8588e-08	3.8086e-09	9.9564e-09	8.1857e-10	4.3118e-09	2.1024e-09	4.8069e-10	1.5166e-09	5.1523e-10	1.9198e-09	2.5516e-10	5.9758e-09	4.3413e-10	1.0025e-08	1.9892e-09	9.4436e-09	7.1477e-10	7.5478e-09	7.6927e-10	1.9528e-09	3.1534e-10	1.6474e-09	4.431e-10	1.8109e-10	9.6669e-10	1.4784e-10	1.0262e-09	2.1157e-10	5.4398e-10	1.1081e-10	5.2122e-10	1.1829e-10	4.9181e-10	5.6833e-11	6.5046e-10	1.3351e-10	2.0834e-09	2.1263e-09	4.3741e-09	7.4289e-10	7.7045e-10	7.191e-10	8.1984e-09	4.9965e-10	1.9934e-10	1.238e-10
250.381	 	 	2.9107e-07	3.5435e-08	6.1114e-08	1.8447e-12	1.7089e-09	1.3153e-10	3.779e-11	1.7273e-09	1.0843e-05	8.056e-09	5.0763e-06	1.9513e-08	3.1663e-07	4.8468e-08	6.1524e-06	4.2172e-08	6.9178e-07	6.9805e-08	2.5457e-06	1.0004e-06	0.00019581	2.9927e-06	7.4924e-06	1.0147e-07	2.9687e-07	2.3023e-08	6.3391e-08	4.0644e-09	4.4998e-08	6.1337e-09	3.3502e-08	5.1917e-09	1.8117e-08	3.7072e-09	9.6799e-09	7.9733e-10	4.196e-09	2.0452e-09	4.6746e-10	1.4733e-09	5.0138e-10	1.8672e-09	2.4825e-10	5.8124e-09	4.2302e-10	9.7653e-09	1.9338e-09	9.2074e-09	6.9704e-10	7.348e-09	7.4926e-10	1.9043e-09	3.0789e-10	1.6059e-09	4.3237e-10	1.7685e-10	9.4246e-10	1.4398e-10	1.0029e-09	2.0677e-10	5.3025e-10	1.081e-10	5.0849e-10	1.1544e-10	4.8017e-10	5.5401e-11	6.3531e-10	1.302e-10	2.0328e-09	2.0739e-09	4.266e-09	7.2476e-10	7.5238e-10	7.0127e-10	7.9958e-09	4.8714e-10	1.9359e-10	1.202e-10
253.861	 	 	2.9783e-07	1.0099e-07	6.4756e-08	2.0278e-12	1.7961e-09	1.4168e-10	4.1224e-11	1.7722e-09	1.0925e-05	8.5463e-09	5.1659e-06	1.9453e-08	3.1324e-07	4.8137e-08	6.1712e-06	4.1855e-08	6.852e-07	6.9281e-08	2.5375e-06	9.9105e-07	0.00019385	2.9596e-06	7.4128e-06	1.0013e-07	2.9184e-07	2.2581e-08	6.1948e-08	3.9727e-09	4.3889e-08	5.99e-09	3.259e-08	5.0577e-09	1.7619e-08	3.6063e-09	9.4196e-09	7.7631e-10	4.0828e-09	1.9913e-09	4.542e-10	1.432e-09	4.8738e-10	1.8164e-09	2.4133e-10	5.6525e-09	4.1161e-10	9.501e-09	1.8832e-09	8.9675e-09	6.7826e-10	7.1578e-09	7.3038e-10	1.8577e-09	2.9999e-10	1.5656e-09	4.2248e-10	1.7268e-10	9.182e-10	1.403e-10	9.7877e-10	2.0157e-10	5.1735e-10	1.0545e-10	4.9622e-10	1.1262e-10	4.6826e-10	5.4041e-11	6.1986e-10	1.2697e-10	1.9826e-09	2.0242e-09	4.1623e-09	7.0771e-10	7.3413e-10	6.8446e-10	7.7952e-09	4.7518e-10	1.8806e-10	1.1658e-10
257.389	 	 	2.9946e-07	1.4717e-07	6.968e-08	2.1312e-12	1.903e-09	1.4811e-10	5.0794e-11	1.7878e-09	1.0891e-05	8.8159e-09	5.2997e-06	1.9296e-08	3.0723e-07	4.7643e-08	6.1117e-06	4.1543e-08	6.8323e-07	6.8473e-08	2.5238e-06	9.7959e-07	0.00019157	2.9308e-06	7.3387e-06	9.8646e-08	2.8682e-07	2.2122e-08	6.0533e-08	3.8723e-09	4.2806e-08	5.8457e-09	3.1734e-08	4.9347e-09	1.7156e-08	3.5181e-09	9.1705e-09	7.5632e-10	3.9785e-09	1.9355e-09	4.4197e-10	1.3936e-09	4.7501e-10	1.7684e-09	2.3469e-10	5.4948e-09	4.0119e-10	9.2456e-09	1.8328e-09	8.7468e-09	6.6095e-10	6.9702e-09	7.1284e-10	1.8104e-09	2.9254e-10	1.5252e-09	4.1263e-10	1.6829e-10	8.9426e-10	1.3704e-10	9.5657e-10	1.9654e-10	5.0484e-10	1.0276e-10	4.8411e-10	1.0993e-10	4.5644e-10	5.2787e-11	6.0496e-10	1.2381e-10	1.9347e-09	1.9745e-09	4.0652e-09	6.9136e-10	7.1544e-10	6.6699e-10	7.6032e-09	4.6381e-10	1.8275e-10	1.1314e-10
260.966	 	 	3.5406e-07	1.729e-07	7.434e-08	2.6396e-12	2.0121e-09	1.5851e-10	6.4743e-11	2.0456e-09	1.0777e-05	9.1026e-09	5.3817e-06	1.9211e-08	3.017e-07	4.7684e-08	6.1008e-06	4.1174e-08	6.7703e-07	6.7639e-08	2.4994e-06	9.7026e-07	0.00018906	2.8968e-06	7.2571e-06	9.6999e-08	2.8174e-07	2.1627e-08	5.9226e-08	3.7806e-09	4.186e-08	5.6913e-09	3.0927e-08	4.8144e-09	1.6684e-08	3.426e-09	8.9326e-09	7.351e-10	3.8674e-09	1.8819e-09	4.2991e-10	1.3556e-09	4.6164e-10	1.721e-09	2.2866e-10	5.3473e-09	3.9019e-10	8.9974e-09	1.7835e-09	8.5104e-09	6.4278e-10	6.8039e-09	6.9461e-10	1.7654e-09	2.8519e-10	1.4851e-09	4.0239e-10	1.6415e-10	8.7316e-10	1.3385e-10	9.3246e-10	1.9176e-10	4.9187e-10	1.0021e-10	4.7239e-10	1.073e-10	4.4548e-10	5.1511e-11	5.8962e-10	1.2084e-10	1.8873e-09	1.9265e-09	3.971e-09	6.7504e-10	6.9779e-10	6.5039e-10	7.4207e-09	4.5205e-10	1.7743e-10	1.0966e-10
264.592	 	 	4.5678e-07	1.8931e-07	7.5743e-08	1.0872e-11	2.0728e-09	1.6486e-10	5.3902e-10	4.7994e-09	1.0737e-05	9.3458e-09	5.3845e-06	1.9119e-08	2.9813e-07	4.7516e-08	6.0884e-06	4.0973e-08	6.697e-07	6.7337e-08	2.4642e-06	9.6197e-07	0.00018605	2.8604e-06	7.172e-06	9.5634e-08	2.7643e-07	2.1165e-08	5.7826e-08	3.6879e-09	4.0734e-08	5.5443e-09	3.0133e-08	4.6843e-09	1.6289e-08	3.3329e-09	8.6977e-09	7.1535e-10	3.7606e-09	1.831e-09	4.1801e-10	1.3198e-09	4.4885e-10	1.6725e-09	2.2252e-10	5.2068e-09	3.7936e-10	8.7712e-09	1.7375e-09	8.2919e-09	6.2562e-10	6.6314e-09	6.7738e-10	1.7202e-09	2.7804e-10	1.4471e-09	3.9237e-10	1.6005e-10	8.5321e-10	1.307e-10	9.0924e-10	1.8709e-10	4.7951e-10	9.7816e-11	4.6124e-10	1.0461e-10	4.3509e-10	5.0274e-11	5.7516e-10	1.1786e-10	1.8416e-09	1.8815e-09	3.8774e-09	6.5789e-10	6.8104e-10	6.3442e-10	7.2332e-09	4.4091e-10	1.7213e-10	1.0629e-10
268.27	 	 	5.3663e-07	1.9658e-07	7.9159e-08	3.0184e-11	2.0685e-09	1.6597e-10	1.9332e-09	1.29e-08	1.0722e-05	9.4698e-09	5.4226e-06	1.8925e-08	2.9239e-07	4.6817e-08	5.9979e-06	4.0756e-08	6.6069e-07	6.6661e-08	2.438e-06	9.5048e-07	0.00018419	2.8186e-06	7.0688e-06	9.4026e-08	2.7108e-07	2.071e-08	5.6528e-08	3.5992e-09	3.9697e-08	5.4002e-09	2.9437e-08	4.5588e-09	1.5849e-08	3.2426e-09	8.467e-09	6.9605e-10	3.6532e-09	1.7806e-09	4.0615e-10	1.2836e-09	4.3618e-10	1.6268e-09	2.164e-10	5.0721e-09	3.6893e-10	8.5487e-09	1.6921e-09	8.0592e-09	6.0948e-10	6.47e-09	6.602e-10	1.6779e-09	2.7089e-10	1.4118e-09	3.8259e-10	1.5593e-10	8.3262e-10	1.2771e-10	8.8715e-10	1.8232e-10	4.6803e-10	9.5426e-11	4.4984e-10	1.0206e-10	4.244e-10	4.8999e-11	5.6124e-10	1.1505e-10	1.7989e-09	1.8378e-09	3.7807e-09	6.4162e-10	6.6395e-10	6.1933e-10	7.0553e-09	4.2992e-10	1.6707e-10	1.0299e-10
271.998	 	 	5.8993e-07	2.0983e-07	2.854e-07	4.5761e-11	2.1238e-09	1.6851e-10	5.0745e-09	3.4171e-08	1.0635e-05	9.668e-09	5.4655e-06	1.8662e-08	2.8582e-07	4.6337e-08	5.9009e-06	4.0538e-08	6.5501e-07	6.5776e-08	2.4309e-06	9.3843e-07	0.00018201	2.787e-06	6.9657e-06	9.269e-08	2.6607e-07	2.0251e-08	5.5099e-08	3.5143e-09	3.8643e-08	5.2764e-09	2.8675e-08	4.436e-09	1.5422e-08	3.1595e-09	8.2279e-09	6.7815e-10	3.557e-09	1.7321e-09	3.952e-10	1.2471e-09	4.244e-10	1.5853e-09	2.1044e-10	4.936e-09	3.5937e-10	8.3274e-09	1.6505e-09	7.8462e-09	5.9355e-10	6.3079e-09	6.4391e-10	1.6347e-09	2.6378e-10	1.3792e-09	3.7304e-10	1.5193e-10	8.1372e-10	1.245e-10	8.655e-10	1.7777e-10	4.5673e-10	9.3124e-11	4.3852e-10	9.9653e-11	4.1417e-10	4.7796e-11	5.4759e-10	1.1222e-10	1.7571e-09	1.7948e-09	3.6874e-09	6.2647e-10	6.4753e-10	6.0375e-10	6.8803e-09	4.186e-10	1.6196e-10	9.9682e-11
275.778	 	 	6.4517e-07	2.196e-07	7.8532e-07	5.4245e-11	2.1451e-09	1.715e-10	6.6584e-09	4.6181e-08	1.0445e-05	9.9599e-09	5.5499e-06	1.8566e-08	2.795e-07	4.5993e-08	5.8278e-06	4.0225e-08	6.509e-07	6.4865e-08	2.4087e-06	9.2776e-07	0.00017956	2.7557e-06	6.9052e-06	9.1179e-08	2.6104e-07	1.9794e-08	5.3805e-08	3.4244e-09	3.7707e-08	5.1338e-09	2.7893e-08	4.3257e-09	1.5009e-08	3.076e-09	8.0089e-09	6.5946e-10	3.4592e-09	1.6827e-09	3.8419e-10	1.2128e-09	4.1316e-10	1.5422e-09	2.0455e-10	4.7991e-09	3.497e-10	8.1103e-09	1.606e-09	7.6436e-09	5.7913e-10	6.146e-09	6.2724e-10	1.5915e-09	2.5703e-10	1.3473e-09	3.6325e-10	1.4816e-10	7.9365e-10	1.2143e-10	8.4347e-10	1.7356e-10	4.4569e-10	9.0927e-11	4.2803e-10	9.7296e-11	4.0388e-10	4.6644e-11	5.3439e-10	1.0951e-10	1.7162e-09	1.7499e-09	3.5995e-09	6.1043e-10	6.3199e-10	5.8881e-10	6.7003e-09	4.0757e-10	1.5699e-10	9.6436e-11
279.61	 	 	7.0367e-07	2.2332e-07	1.3981e-06	5.97e-11	2.444e-09	1.8146e-10	7.6604e-09	5.3545e-08	1.0413e-05	9.9525e-09	5.7166e-06	1.8431e-08	2.752e-07	4.5184e-08	5.8057e-06	3.9797e-08	6.4598e-07	6.4291e-08	2.3872e-06	9.19e-07	0.00017711	2.7232e-06	6.81e-06	8.9543e-08	2.5551e-07	1.9361e-08	5.2484e-08	3.3402e-09	3.6784e-08	4.9997e-09	2.7161e-08	4.2149e-09	1.4625e-08	2.9971e-09	7.7963e-09	6.4149e-10	3.3679e-09	1.6367e-09	3.7456e-10	1.18e-09	4.02e-10	1.4999e-09	1.9942e-10	4.6694e-09	3.4031e-10	7.8944e-09	1.5653e-09	7.4469e-09	5.6477e-10	5.9935e-09	6.1081e-10	1.5514e-09	2.5078e-10	1.315e-09	3.5402e-10	1.4479e-10	7.7379e-10	1.1846e-10	8.2262e-10	1.6932e-10	4.3513e-10	8.8707e-11	4.1807e-10	9.4896e-11	3.941e-10	4.551e-11	5.2156e-10	1.0697e-10	1.6739e-09	1.7066e-09	3.508e-09	5.9546e-10	6.1626e-10	5.7407e-10	6.5234e-09	3.9691e-10	1.5214e-10	9.3338e-11
283.496	 	 	7.424e-07	2.249e-07	1.7062e-06	6.2053e-11	3.0997e-09	2.1998e-10	8.2652e-09	5.8057e-08	1.0356e-05	1.0029e-08	5.8015e-06	1.8124e-08	2.7071e-07	4.4276e-08	5.7065e-06	3.9347e-08	6.3981e-07	6.374e-08	2.3594e-06	9.0943e-07	0.00017512	2.6854e-06	6.7245e-06	8.8027e-08	2.5049e-07	1.8925e-08	5.1221e-08	3.2595e-09	3.5801e-08	4.873e-09	2.6428e-08	4.1004e-09	1.4237e-08	2.9111e-09	7.5938e-09	6.231e-10	3.2753e-09	1.5918e-09	3.6402e-10	1.1489e-09	3.9087e-10	1.4583e-09	1.9418e-10	4.5455e-09	3.3118e-10	7.6791e-09	1.5222e-09	7.2727e-09	5.5089e-10	5.8358e-09	5.9534e-10	1.5139e-09	2.4501e-10	1.2814e-09	3.4568e-10	1.4136e-10	7.5509e-10	1.1555e-10	8.0305e-10	1.6525e-10	4.2465e-10	8.6465e-11	4.0783e-10	9.256e-11	3.8447e-10	4.4416e-11	5.0903e-10	1.045e-10	1.6321e-09	1.6663e-09	3.4211e-09	5.8077e-10	6.0107e-10	5.5888e-10	6.3533e-09	3.8652e-10	1.4733e-10	9.0278e-11
287.436	 	 	7.9958e-07	2.2997e-07	1.8913e-06	6.6168e-11	3.7878e-09	2.8836e-10	8.6525e-09	6.0685e-08	1.0211e-05	1.0095e-08	5.7687e-06	1.7793e-08	2.6489e-07	4.3516e-08	5.6242e-06	3.9168e-08	6.3166e-07	6.3026e-08	2.3341e-06	8.9965e-07	0.00017295	2.6579e-06	6.6391e-06	8.6491e-08	2.4549e-07	1.849e-08	5.0023e-08	3.1856e-09	3.4884e-08	4.7481e-09	2.5806e-08	3.9892e-09	1.3872e-08	2.8337e-09	7.3874e-09	6.0659e-10	3.1829e-09	1.5515e-09	3.5402e-10	1.1183e-09	3.8016e-10	1.4193e-09	1.8911e-10	4.4248e-09	3.229e-10	7.4813e-09	1.4819e-09	7.0873e-09	5.3706e-10	5.6848e-09	5.8092e-10	1.4794e-09	2.3936e-10	1.25e-09	3.379e-10	1.381e-10	7.3688e-10	1.1259e-10	7.8352e-10	1.6135e-10	4.1403e-10	8.4394e-11	3.9801e-10	9.027e-11	3.7516e-10	4.3351e-11	4.9714e-10	1.0205e-10	1.5923e-09	1.6238e-09	3.3374e-09	5.669e-10	5.8608e-10	5.442e-10	6.187e-09	3.7604e-10	1.4251e-10	8.7289e-11
291.431	 	 	8.6079e-07	2.3131e-07	1.9881e-06	6.9383e-11	4.1927e-09	8.8175e-10	9.2656e-09	6.514e-08	1.0053e-05	1.0223e-08	5.7903e-06	1.7545e-08	2.5966e-07	4.3113e-08	5.5566e-06	3.8733e-08	6.2324e-07	6.2533e-08	2.312e-06	8.9123e-07	0.00017049	2.6252e-06	6.5661e-06	8.5039e-08	2.4009e-07	1.8028e-08	4.8747e-08	3.1002e-09	3.3995e-08	4.639e-09	2.5094e-08	3.8873e-09	1.3472e-08	2.7587e-09	7.1733e-09	5.899e-10	3.0977e-09	1.5081e-09	3.4401e-10	1.0869e-09	3.7043e-10	1.3821e-09	1.8388e-10	4.306e-09	3.1475e-10	7.2879e-09	1.4437e-09	6.9128e-09	5.2327e-10	5.5442e-09	5.6762e-10	1.4452e-09	2.3363e-10	1.2191e-09	3.2985e-10	1.3484e-10	7.1813e-10	1.0988e-10	7.6469e-10	1.5744e-10	4.0394e-10	8.244e-11	3.8818e-10	8.812e-11	3.661e-10	4.2308e-11	4.8572e-10	9.9516e-11	1.5534e-09	1.5839e-09	3.2584e-09	5.5294e-10	5.7096e-10	5.3001e-10	6.0198e-09	3.6586e-10	1.3794e-10	8.4364e-11
295.481	 	 	8.782e-07	2.7749e-07	2.1028e-06	7.0668e-11	4.5738e-09	2.9531e-09	9.64e-09	6.7917e-08	1.0059e-05	1.0479e-08	5.8072e-06	1.7344e-08	2.5424e-07	4.2347e-08	5.4518e-06	3.8288e-08	6.1931e-07	6.1737e-08	2.2855e-06	8.8118e-07	0.00016774	2.592e-06	6.4765e-06	8.3248e-08	2.3505e-07	1.7617e-08	4.7552e-08	3.0221e-09	3.3154e-08	4.5201e-09	2.442e-08	3.7851e-09	1.3116e-08	2.6878e-09	6.9758e-09	5.7454e-10	3.0137e-09	1.4677e-09	3.3475e-10	1.0573e-09	3.6055e-10	1.3466e-09	1.7891e-10	4.1891e-09	3.0665e-10	7.1077e-09	1.406e-09	6.7414e-09	5.1053e-10	5.4164e-09	5.5455e-10	1.4098e-09	2.2766e-10	1.1882e-09	3.2243e-10	1.3149e-10	7.0018e-10	1.0725e-10	7.4674e-10	1.5348e-10	3.9462e-10	8.0433e-11	3.7882e-10	8.5963e-11	3.5736e-10	4.1322e-11	4.7424e-10	9.7067e-11	1.5147e-09	1.545e-09	3.1771e-09	5.3907e-10	5.559e-10	5.1606e-10	5.8557e-09	3.5584e-10	1.3346e-10	8.1561e-11
299.587	 	 	9.1652e-07	3.6192e-07	2.221e-06	7.1076e-11	2.0645e-08	8.7898e-09	9.7e-09	6.8768e-08	1.0285e-05	1.0725e-08	5.7929e-06	1.7072e-08	2.4867e-07	4.1557e-08	5.3537e-06	3.7734e-08	6.1276e-07	6.0962e-08	2.2591e-06	8.7034e-07	0.00016565	2.5531e-06	6.3805e-06	8.18e-08	2.2981e-07	1.7173e-08	4.6407e-08	2.9432e-09	3.2367e-08	4.3973e-09	2.3785e-08	3.6883e-09	1.2768e-08	2.6138e-09	6.7906e-09	5.5858e-10	2.9306e-09	1.4255e-09	3.2592e-10	1.0305e-09	3.5068e-10	1.3105e-09	1.7401e-10	4.0853e-09	2.9868e-10	6.9361e-09	1.3724e-09	6.5719e-09	4.9732e-10	5.2916e-09	5.4112e-10	1.3748e-09	2.221e-10	1.1572e-09	3.1436e-10	1.2828e-10	6.837e-10	1.0466e-10	7.2851e-10	1.4979e-10	3.8521e-10	7.851e-11	3.6958e-10	8.3929e-11	3.4899e-10	4.0376e-11	4.6219e-10	9.4772e-11	1.4778e-09	1.5084e-09	3.0986e-09	5.2538e-10	5.4158e-10	5.0205e-10	5.6967e-09	3.4608e-10	1.2903e-10	7.8795e-11
303.751	 	 	9.4587e-07	4.1936e-07	2.2852e-06	7.2738e-11	6.1247e-08	1.206e-08	9.868e-09	6.9856e-08	1.0257e-05	1.0735e-08	5.7785e-06	1.674e-08	2.4338e-07	4.0917e-08	5.2627e-06	3.7379e-08	6.0427e-07	6.0153e-08	2.2306e-06	8.579e-07	0.00016356	2.5202e-06	6.2929e-06	8.0278e-08	2.2497e-07	1.6757e-08	4.5358e-08	2.875e-09	3.1511e-08	4.2824e-09	2.3168e-08	3.5831e-09	1.2442e-08	2.5402e-09	6.6114e-09	5.4294e-10	2.8479e-09	1.3871e-09	3.1715e-10	1.0026e-09	3.4106e-10	1.2743e-09	1.6943e-10	3.9806e-09	2.9075e-10	6.7613e-09	1.3382e-09	6.4049e-09	4.8424e-10	5.168e-09	5.275e-10	1.3408e-09	2.1663e-10	1.13e-09	3.0662e-10	1.2518e-10	6.6715e-10	1.0215e-10	7.1021e-10	1.4634e-10	3.76e-10	7.6563e-11	3.6066e-10	8.1881e-11	3.4089e-10	3.9424e-11	4.5087e-10	9.2369e-11	1.4427e-09	1.4711e-09	3.0212e-09	5.1162e-10	5.2744e-10	4.8866e-10	5.5414e-09	3.3607e-10	1.2473e-10	7.6118e-11
307.972	 	 	9.5396e-07	4.6053e-07	2.2816e-06	7.318e-11	1.1963e-07	1.4015e-08	1.0039e-08	7.1193e-08	1.0197e-05	1.0733e-08	5.7325e-06	1.652e-08	2.3812e-07	4.0104e-08	5.1564e-06	3.7087e-08	5.9654e-07	5.9581e-08	2.2086e-06	8.4873e-07	0.00016145	2.4813e-06	6.1979e-06	7.8669e-08	2.1997e-07	1.6378e-08	4.4146e-08	2.8e-09	3.0665e-08	4.1665e-09	2.2569e-08	3.488e-09	1.2101e-08	2.4688e-09	6.4281e-09	5.2852e-10	2.7718e-09	1.3504e-09	3.0841e-10	9.7525e-10	3.316e-10	1.2399e-09	1.6497e-10	3.8819e-09	2.8287e-10	6.5947e-09	1.3059e-09	6.2377e-09	4.7222e-10	5.038e-09	5.1455e-10	1.3076e-09	2.1113e-10	1.1043e-09	2.9921e-10	1.2205e-10	6.5118e-10	9.9763e-11	6.9333e-10	1.428e-10	3.6657e-10	7.4718e-11	3.5197e-10	7.9915e-11	3.3302e-10	3.8425e-11	4.4025e-10	9.0103e-11	1.4065e-09	1.4344e-09	2.9415e-09	4.9821e-10	5.1324e-10	4.7526e-10	5.3808e-09	3.2657e-10	1.2058e-10	7.3467e-11
312.252	 	 	9.6439e-07	5.0578e-07	2.3428e-06	8.7265e-11	1.4787e-07	1.5227e-08	1.0783e-08	7.4926e-08	1.0128e-05	1.0791e-08	5.719e-06	1.6258e-08	2.324e-07	3.9321e-08	5.0371e-06	3.6748e-08	5.903e-07	5.8814e-08	2.1856e-06	8.3919e-07	0.00015901	2.4505e-06	6.1176e-06	7.7057e-08	2.1511e-07	1.596e-08	4.3037e-08	2.7268e-09	2.9852e-08	4.0694e-09	2.1959e-08	3.3959e-09	1.1755e-08	2.4038e-09	6.2531e-09	5.1409e-10	2.6951e-09	1.3144e-09	2.9999e-10	9.4824e-10	3.233e-10	1.2074e-09	1.6051e-10	3.779e-09	2.7562e-10	6.4271e-09	1.2732e-09	6.079e-09	4.6112e-10	4.9151e-09	5.0183e-10	1.2735e-09	2.0566e-10	1.078e-09	2.9194e-10	1.1895e-10	6.3588e-10	9.7286e-11	6.7733e-10	1.394e-10	3.576e-10	7.2904e-11	3.4358e-10	7.807e-11	3.25e-10	3.7485e-11	4.2922e-10	8.7899e-11	1.3722e-09	1.3985e-09	2.8645e-09	4.854e-10	4.9924e-10	4.6197e-10	5.2287e-09	3.1719e-10	1.1653e-10	7.0826e-11
316.592	 	 	9.8086e-07	5.4815e-07	2.3643e-06	1.1344e-10	1.6551e-07	1.5918e-08	1.3224e-08	9.2603e-08	9.9925e-06	1.0768e-08	5.6865e-06	1.5996e-08	2.2676e-07	3.8558e-08	4.922e-06	3.635e-08	5.8418e-07	5.8142e-08	2.1627e-06	8.2978e-07	0.00015696	2.4154e-06	6.0275e-06	7.5582e-08	2.1046e-07	1.5573e-08	4.1918e-08	2.6579e-09	2.9096e-08	3.9575e-09	2.1358e-08	3.309e-09	1.1428e-08	2.34e-09	6.0835e-09	5.0005e-10	2.6274e-09	1.2785e-09	2.9234e-10	9.2315e-10	3.1487e-10	1.1754e-09	1.5651e-10	3.6819e-09	2.6853e-10	6.2705e-09	1.2408e-09	5.9322e-09	4.5073e-10	4.7939e-09	4.8886e-10	1.2414e-09	2.0085e-10	1.0538e-09	2.8451e-10	1.1613e-10	6.2057e-10	9.4896e-11	6.6085e-10	1.3593e-10	3.4908e-10	7.1149e-11	3.3562e-10	7.628e-11	3.1686e-10	3.6605e-11	4.1871e-10	8.5825e-11	1.3384e-09	1.3617e-09	2.7904e-09	4.7229e-10	4.8578e-10	4.4873e-10	5.079e-09	3.08e-10	1.1255e-10	6.8286e-11
320.991	 	 	9.71e-07	5.8171e-07	2.718e-06	1.3172e-10	1.7524e-07	1.7069e-08	5.7893e-08	1.2672e-07	9.9222e-06	1.0753e-08	5.6317e-06	1.5653e-08	2.2123e-07	3.7756e-08	4.8079e-06	3.5856e-08	5.7749e-07	5.7383e-08	2.1411e-06	8.1849e-07	0.00015458	2.3768e-06	5.9277e-06	7.3984e-08	2.0551e-07	1.5196e-08	4.0953e-08	2.5899e-09	2.8374e-08	3.8519e-09	2.079e-08	3.2182e-09	1.1127e-08	2.2764e-09	5.9182e-09	4.8596e-10	2.5542e-09	1.2437e-09	2.8458e-10	8.989e-10	3.0664e-10	1.1439e-09	1.5244e-10	3.5797e-09	2.6194e-10	6.1107e-09	1.2104e-09	5.7971e-09	4.4034e-10	4.6717e-09	4.7643e-10	1.2124e-09	1.9631e-10	1.0281e-09	2.7767e-10	1.1336e-10	6.0513e-10	9.2658e-11	6.4504e-10	1.3266e-10	3.4067e-10	6.944e-11	3.2789e-10	7.4514e-11	3.0916e-10	3.5687e-11	4.0875e-10	8.371e-11	1.3035e-09	1.3261e-09	2.7167e-09	4.5961e-10	4.7264e-10	4.3615e-10	4.9322e-09	2.9888e-10	1.0868e-10	6.5805e-11
325.452	 	 	9.7394e-07	6.2746e-07	3.4668e-06	1.4467e-10	1.856e-07	1.7806e-08	1.5731e-07	1.457e-07	9.8e-06	1.0701e-08	5.5667e-06	1.5378e-08	2.1615e-07	3.6899e-08	4.7266e-06	3.5349e-08	5.7278e-07	5.6781e-08	2.117e-06	8.1041e-07	0.00015243	2.3426e-06	5.8353e-06	7.2432e-08	2.0049e-07	1.486e-08	3.9882e-08	2.53e-09	2.7605e-08	3.7519e-09	2.0251e-08	3.1278e-09	1.0834e-08	2.2151e-09	5.7588e-09	4.7294e-10	2.4837e-09	1.211e-09	2.7681e-10	8.7604e-10	2.982e-10	1.1131e-09	1.4878e-10	3.4868e-09	2.5562e-10	5.95e-09	1.1789e-09	5.6646e-09	4.2934e-10	4.5521e-09	4.6533e-10	1.1853e-09	1.9164e-10	1.0026e-09	2.7106e-10	1.1063e-10	5.9057e-10	9.0507e-11	6.2923e-10	1.2946e-10	3.3254e-10	6.7793e-11	3.2035e-10	7.2669e-11	3.0175e-10	3.4816e-11	3.9868e-10	8.1633e-11	1.2694e-09	1.2921e-09	2.6431e-09	4.4737e-10	4.5895e-10	4.2352e-10	4.7862e-09	2.8991e-10	1.0478e-10	6.3399e-11
329.975	 	 	1.0308e-06	6.6966e-07	4.1696e-06	1.5896e-10	1.9667e-07	1.7969e-08	2.4606e-07	1.6038e-07	9.6371e-06	1.0645e-08	5.54e-06	1.5067e-08	2.1137e-07	3.6038e-08	4.6336e-06	3.5074e-08	5.6514e-07	5.6113e-08	2.0904e-06	8.004e-07	0.00014983	2.3059e-06	5.7419e-06	7.0972e-08	1.9599e-07	1.4463e-08	3.8843e-08	2.4671e-09	2.686e-08	3.6551e-09	1.9709e-08	3.0402e-09	1.0537e-08	2.1536e-09	5.5952e-09	4.5988e-10	2.4145e-09	1.1791e-09	2.6925e-10	8.5264e-10	2.9019e-10	1.0856e-09	1.4478e-10	3.3976e-09	2.4925e-10	5.8017e-09	1.1485e-09	5.5298e-09	4.189e-10	4.4428e-09	4.5498e-10	1.1575e-09	1.8735e-10	9.7862e-10	2.6455e-10	1.0803e-10	5.7706e-10	8.8306e-11	6.1418e-10	1.2635e-10	3.2464e-10	6.622e-11	3.1257e-10	7.0886e-11	2.9428e-10	3.3989e-11	3.8896e-10	7.9597e-11	1.2365e-09	1.2574e-09	2.5731e-09	4.3518e-10	4.4604e-10	4.1121e-10	4.6428e-09	2.8109e-10	1.0103e-10	6.1103e-11
334.561	 	 	1.1509e-06	6.8449e-07	4.6057e-06	1.788e-10	2.0295e-07	1.8268e-08	2.9437e-07	1.7653e-07	9.4309e-06	1.0614e-08	5.5008e-06	1.4728e-08	2.0642e-07	3.5198e-08	4.537e-06	3.4689e-08	5.5695e-07	5.5454e-08	2.0604e-06	7.9035e-07	0.0001474	2.2681e-06	5.6533e-06	6.9377e-08	1.9102e-07	1.4101e-08	3.7865e-08	2.4002e-09	2.6178e-08	3.5609e-09	1.9179e-08	2.9604e-09	1.0252e-08	2.0955e-09	5.4434e-09	4.4844e-10	2.3499e-09	1.1474e-09	2.6185e-10	8.2913e-10	2.8238e-10	1.0583e-09	1.4112e-10	3.3128e-09	2.4312e-10	5.6638e-09	1.1203e-09	5.3897e-09	4.0857e-10	4.3417e-09	4.4417e-10	1.1316e-09	1.8277e-10	9.552e-10	2.5825e-10	1.0549e-10	5.6321e-10	8.62e-11	5.9929e-10	1.2333e-10	3.1692e-10	6.4698e-11	3.0484e-10	6.9235e-11	2.8713e-10	3.3153e-11	3.793e-10	7.7504e-11	1.2043e-09	1.2237e-09	2.5029e-09	4.2273e-10	4.333e-10	3.9912e-10	4.502e-09	2.7245e-10	9.7364e-11	5.8898e-11
339.211	 	 	1.1937e-06	7.1592e-07	5.0407e-06	2.0501e-10	2.0296e-07	1.8607e-08	3.255e-07	1.8807e-07	9.2899e-06	1.0527e-08	5.398e-06	1.4385e-08	2.015e-07	3.4492e-08	4.4374e-06	3.4197e-08	5.4909e-07	5.4768e-08	2.0386e-06	7.7897e-07	0.000145	2.2285e-06	5.5412e-06	6.795e-08	1.8648e-07	1.3734e-08	3.6901e-08	2.3379e-09	2.5496e-08	3.4652e-09	1.8629e-08	2.8822e-09	9.9722e-09	2.04e-09	5.2952e-09	4.3594e-10	2.2883e-09	1.1159e-09	2.5528e-10	8.0678e-10	2.7495e-10	1.0316e-09	1.3721e-10	3.2351e-09	2.3694e-10	5.5374e-09	1.0948e-09	5.2592e-09	3.9825e-10	4.2401e-09	4.3431e-10	1.1035e-09	1.7827e-10	9.3113e-10	2.5226e-10	1.0288e-10	5.4985e-10	8.4082e-11	5.8498e-10	1.2041e-10	3.0961e-10	6.3215e-11	2.975e-10	6.748e-11	2.8035e-10	3.2347e-11	3.6962e-10	7.5486e-11	1.1719e-09	1.1912e-09	2.4324e-09	4.1078e-10	4.2083e-10	3.8705e-10	4.3637e-09	2.6394e-10	9.381e-11	5.675e-11
343.925	 	 	1.2081e-06	7.5261e-07	5.5286e-06	2.317e-10	2.0859e-07	1.9931e-08	3.402e-07	2.0092e-07	9.2298e-06	1.039e-08	5.3029e-06	1.4092e-08	1.9662e-07	3.3768e-08	4.33e-06	3.3772e-08	5.4383e-07	5.3971e-08	2.0143e-06	7.6902e-07	0.00014278	2.1936e-06	5.4526e-06	6.6346e-08	1.8231e-07	1.3417e-08	3.6057e-08	2.2745e-09	2.4849e-08	3.3707e-09	1.8136e-08	2.8039e-09	9.7031e-09	1.9822e-09	5.1629e-09	4.2399e-10	2.2276e-09	1.0848e-09	2.4866e-10	7.859e-10	2.6771e-10	1.0048e-09	1.3363e-10	3.1537e-09	2.3121e-10	5.4106e-09	1.0698e-09	5.13e-09	3.8814e-10	4.1449e-09	4.2355e-10	1.0767e-09	1.7401e-10	9.082e-10	2.4603e-10	1.0041e-10	5.3624e-10	8.2091e-11	5.7094e-10	1.1762e-10	3.0257e-10	6.1689e-11	2.9028e-10	6.5848e-11	2.7338e-10	3.1545e-11	3.5996e-10	7.3557e-11	1.1406e-09	1.1588e-09	2.3635e-09	3.993e-10	4.0839e-10	3.7524e-10	4.2275e-09	2.5539e-10	9.0406e-11	5.4666e-11
348.704	 	 	1.2246e-06	7.9395e-07	5.8395e-06	2.514e-10	2.1059e-07	2.4417e-08	3.649e-07	2.158e-07	9.3373e-06	1.0345e-08	5.2563e-06	1.3858e-08	1.9174e-07	3.3004e-08	4.2428e-06	3.336e-08	5.3614e-07	5.3131e-08	1.9905e-06	7.5803e-07	0.00014046	2.1552e-06	5.3598e-06	6.4828e-08	1.7771e-07	1.3073e-08	3.5153e-08	2.2222e-09	2.4145e-08	3.2815e-09	1.7644e-08	2.7287e-09	9.4438e-09	1.9277e-09	5.0192e-09	4.1218e-10	2.1658e-09	1.0579e-09	2.4216e-10	7.6508e-10	2.605e-10	9.7858e-10	1.3022e-10	3.0768e-09	2.2532e-10	5.2772e-09	1.045e-09	4.9999e-09	3.7865e-10	4.0461e-09	4.1322e-10	1.0507e-09	1.6984e-10	8.8704e-10	2.4004e-10	9.8098e-11	5.2342e-10	8.0094e-11	5.5734e-10	1.1492e-10	2.9549e-10	6.0165e-11	2.8313e-10	6.4244e-11	2.6676e-10	3.0741e-11	3.5077e-10	7.1586e-11	1.1095e-09	1.1258e-09	2.2974e-09	3.8778e-10	3.9617e-10	3.6374e-10	4.0911e-09	2.4721e-10	8.7138e-11	5.2648e-11
353.551	 	 	1.2317e-06	8.4223e-07	6.3339e-06	2.6053e-10	2.4304e-07	3.3419e-08	3.8352e-07	2.2553e-07	9.4931e-06	1.0284e-08	5.1824e-06	1.3564e-08	1.8776e-07	3.2271e-08	4.1598e-06	3.2952e-08	5.2945e-07	5.2563e-08	1.963e-06	7.4816e-07	0.00013818	2.1188e-06	5.2615e-06	6.332e-08	1.7341e-07	1.2733e-08	3.4204e-08	2.1616e-09	2.3508e-08	3.1969e-09	1.7188e-08	2.6533e-09	9.1753e-09	1.8765e-09	4.8854e-09	4.0118e-10	2.1075e-09	1.0303e-09	2.3551e-10	7.4471e-10	2.541e-10	9.5201e-10	1.2691e-10	2.9997e-09	2.1942e-10	5.1491e-09	1.0189e-09	4.8718e-09	3.7016e-10	3.9461e-09	4.0331e-10	1.0252e-09	1.6558e-10	8.6573e-10	2.3442e-10	9.5799e-11	5.1083e-10	7.822e-11	5.4467e-10	1.123e-10	2.8806e-10	5.8719e-11	2.7632e-10	6.2728e-11	2.6024e-10	2.9938e-11	3.4168e-10	6.9672e-11	1.0789e-09	1.094e-09	2.2313e-09	3.7623e-10	3.8423e-10	3.5232e-10	3.9595e-09	2.3924e-10	8.3977e-11	5.0646e-11
358.464	 	 	1.2333e-06	8.7638e-07	6.9609e-06	2.7233e-10	3.116e-07	4.1684e-08	3.9122e-07	2.3202e-07	9.4704e-06	1.0131e-08	5.1023e-06	1.3265e-08	1.8285e-07	3.1478e-08	4.0631e-06	3.2564e-08	5.2201e-07	5.1783e-08	1.942e-06	7.3726e-07	0.00013605	2.0763e-06	5.1592e-06	6.1911e-08	1.6922e-07	1.2414e-08	3.3319e-08	2.1045e-09	2.2893e-08	3.1114e-09	1.6715e-08	2.5821e-09	8.9269e-09	1.8275e-09	4.7467e-09	3.9068e-10	2.0545e-09	1.0041e-09	2.2922e-10	7.2494e-10	2.476e-10	9.2775e-10	1.24e-10	2.927e-09	2.1401e-10	5.0226e-09	9.9422e-10	4.7596e-09	3.6153e-10	3.8517e-09	3.9359e-10	9.9908e-10	1.6154e-10	8.4523e-10	2.2902e-10	9.3515e-11	4.9864e-10	7.6331e-11	5.3233e-10	1.096e-10	2.8107e-10	5.73e-11	2.6985e-10	6.1205e-11	2.5348e-10	2.9175e-11	3.3257e-10	6.7829e-11	1.048e-09	1.0635e-09	2.1654e-09	3.6528e-10	3.7246e-10	3.4084e-10	3.8323e-09	2.313e-10	8.0897e-11	4.8716e-11
363.446	 	 	1.2261e-06	8.7377e-07	7.4618e-06	2.8237e-10	3.7352e-07	4.8929e-08	3.9634e-07	2.4105e-07	9.3945e-06	9.954e-09	5.0068e-06	1.2976e-08	1.7843e-07	3.077e-08	3.9571e-06	3.2267e-08	5.1551e-07	5.1016e-08	1.9161e-06	7.2599e-07	0.00013381	2.0397e-06	5.0658e-06	6.0505e-08	1.6554e-07	1.2098e-08	3.2422e-08	2.0497e-09	2.2312e-08	3.0278e-09	1.6251e-08	2.5137e-09	8.6854e-09	1.7784e-09	4.6197e-09	3.8035e-10	1.9997e-09	9.766e-10	2.2317e-10	7.071e-10	2.4158e-10	9.0409e-10	1.2088e-10	2.8529e-09	2.0902e-10	4.8978e-09	9.6998e-10	4.6544e-09	3.5339e-10	3.7607e-09	3.8363e-10	9.7579e-10	1.5777e-10	8.2567e-10	2.2349e-10	9.1212e-11	4.8677e-10	7.452e-11	5.2014e-10	1.069e-10	2.745e-10	5.5894e-11	2.6315e-10	5.9691e-11	2.4689e-10	2.842e-11	3.2355e-10	6.5987e-11	1.0188e-09	1.0329e-09	2.1024e-09	3.5414e-10	3.6083e-10	3.2998e-10	3.7052e-09	2.2365e-10	7.792e-11	4.6856e-11
368.497	 	 	1.2206e-06	8.6465e-07	7.9882e-06	2.8602e-10	4.3011e-07	5.5228e-08	4.0564e-07	2.4843e-07	9.3686e-06	9.8205e-09	4.9467e-06	1.2706e-08	1.7379e-07	3.0126e-08	3.8687e-06	3.1814e-08	5.0762e-07	5.0287e-08	1.8895e-06	7.1553e-07	0.00013137	2.0008e-06	4.9648e-06	5.904e-08	1.6114e-07	1.182e-08	3.1675e-08	1.9974e-09	2.1704e-08	2.9416e-09	1.5823e-08	2.4424e-09	8.468e-09	1.7312e-09	4.4991e-09	3.6983e-10	1.9455e-09	9.5039e-10	2.1732e-10	6.8952e-10	2.3521e-10	8.8212e-10	1.1794e-10	2.7785e-09	2.0438e-10	4.7736e-09	9.4557e-10	4.5441e-09	3.4509e-10	3.6659e-09	3.7457e-10	9.5261e-10	1.54e-10	8.0581e-10	2.1817e-10	8.9e-11	4.753e-10	7.2827e-11	5.0739e-10	1.0434e-10	2.6773e-10	5.4552e-11	2.5679e-10	5.8179e-11	2.4054e-10	2.7663e-11	3.1488e-10	6.4111e-11	9.8945e-10	1.0022e-09	2.0386e-09	3.4338e-10	3.4922e-10	3.193e-10	3.5828e-09	2.1625e-10	7.4964e-11	4.507e-11
373.618	 	 	1.2202e-06	8.6968e-07	8.3467e-06	2.9018e-10	5.1408e-07	5.9312e-08	4.1723e-07	2.5985e-07	9.3542e-06	9.72e-09	4.8804e-06	1.2435e-08	1.701e-07	2.9377e-08	3.7925e-06	3.1286e-08	5.0102e-07	4.9572e-08	1.8626e-06	7.0476e-07	0.00012922	1.9629e-06	4.867e-06	5.7641e-08	1.5714e-07	1.1529e-08	3.0812e-08	1.946e-09	2.1094e-08	2.8646e-09	1.5397e-08	2.3759e-09	8.2339e-09	1.6819e-09	4.3796e-09	3.599e-10	1.8922e-09	9.2459e-10	2.1156e-10	6.7187e-10	2.2922e-10	8.6101e-10	1.1502e-10	2.7098e-09	1.9972e-10	4.6555e-09	9.2135e-10	4.4439e-09	3.3661e-10	3.5758e-09	3.6571e-10	9.2988e-10	1.5036e-10	7.8584e-10	2.1283e-10	8.6909e-11	4.6442e-10	7.1179e-11	4.951e-10	1.0182e-10	2.6124e-10	5.3279e-11	2.5048e-10	5.668e-11	2.3429e-10	2.6915e-11	3.064e-10	6.2306e-11	9.6082e-10	9.7311e-10	1.9765e-09	3.328e-10	3.38e-10	3.0875e-10	3.4644e-09	2.09e-10	7.211e-11	4.3354e-11
378.81	 	 	1.2081e-06	8.6686e-07	8.4768e-06	2.9505e-10	6.0226e-07	6.3339e-08	5.1486e-07	2.7602e-07	9.3076e-06	9.5769e-09	4.7821e-06	1.2157e-08	1.6632e-07	2.8608e-08	3.7107e-06	3.0832e-08	4.9439e-07	4.8784e-08	1.8368e-06	6.9219e-07	0.00012724	1.9244e-06	4.774e-06	5.6324e-08	1.5307e-07	1.1218e-08	2.9997e-08	1.8943e-09	2.051e-08	2.7868e-09	1.4977e-08	2.3123e-09	8.0154e-09	1.6369e-09	4.2603e-09	3.5089e-10	1.8426e-09	9.0059e-10	2.0589e-10	6.5479e-10	2.2291e-10	8.3979e-10	1.1223e-10	2.6458e-09	1.9478e-10	4.5525e-09	8.9981e-10	4.3348e-09	3.2855e-10	3.4928e-09	3.5701e-10	9.0806e-10	1.469e-10	7.6748e-10	2.0784e-10	8.4836e-11	4.5387e-10	6.9548e-11	4.8348e-10	9.9327e-11	2.5511e-10	5.1961e-11	2.4395e-10	5.5223e-11	2.2801e-10	2.6194e-11	2.9759e-10	6.0572e-11	9.3271e-10	9.4349e-10	1.9158e-09	3.2215e-10	3.2717e-10	2.9849e-10	3.3482e-09	2.0192e-10	6.9359e-11	4.1704e-11
384.075	 	 	1.2483e-06	8.5574e-07	8.6229e-06	2.9143e-10	6.5523e-07	6.8383e-08	7.1251e-07	2.8389e-07	9.2643e-06	9.3965e-09	4.6957e-06	1.1886e-08	1.6226e-07	2.7925e-08	3.6299e-06	3.0475e-08	4.8631e-07	4.7923e-08	1.8108e-06	6.812e-07	0.00012503	1.8857e-06	4.67e-06	5.5027e-08	1.4957e-07	1.0929e-08	2.9226e-08	1.8427e-09	1.9974e-08	2.7149e-09	1.4559e-08	2.2536e-09	7.7885e-09	1.5939e-09	4.1451e-09	3.4155e-10	1.7945e-09	8.7717e-10	2.0086e-10	6.3736e-10	2.1719e-10	8.1931e-10	1.0939e-10	2.5873e-09	1.901e-10	4.447e-09	8.7957e-10	4.2297e-09	3.2083e-10	3.4098e-09	3.4861e-10	8.8702e-10	1.4333e-10	7.5e-10	2.0284e-10	8.2838e-11	4.4359e-10	6.7849e-11	4.7148e-10	9.6949e-11	2.4885e-10	5.0708e-11	2.3764e-10	5.3807e-11	2.2199e-10	2.5488e-11	2.8925e-10	5.8831e-11	9.046e-10	9.1484e-10	1.8554e-09	3.1177e-10	3.1634e-10	2.8861e-10	3.235e-09	1.9503e-10	6.6713e-11	4.011e-11
389.412	 	 	1.3767e-06	8.4e-07	8.841e-06	2.904e-10	7.1293e-07	7.129e-08	8.3049e-07	2.8493e-07	9.1721e-06	9.2863e-09	4.6089e-06	1.1627e-08	1.5777e-07	2.7346e-08	3.5356e-06	2.9995e-08	4.7852e-07	4.7228e-08	1.7847e-06	6.7051e-07	0.00012291	1.8473e-06	4.5801e-06	5.3632e-08	1.4575e-07	1.0636e-08	2.8478e-08	1.7943e-09	1.9454e-08	2.6411e-09	1.4176e-08	2.1922e-09	7.5809e-09	1.5521e-09	4.04e-09	3.3232e-10	1.7495e-09	8.5369e-10	1.9583e-10	6.2054e-10	2.1169e-10	7.9863e-10	1.0658e-10	2.5287e-09	1.8545e-10	4.347e-09	8.5911e-10	4.1292e-09	3.1278e-10	3.3296e-09	3.4058e-10	8.6535e-10	1.3983e-10	7.3196e-10	1.9814e-10	8.0891e-11	4.3286e-10	6.6203e-11	4.6005e-10	9.4696e-11	2.4286e-10	4.9464e-11	2.3156e-10	5.2373e-11	2.1598e-10	2.4756e-11	2.8103e-10	5.7085e-11	8.771e-10	8.8671e-10	1.7953e-09	3.0179e-10	3.059e-10	2.789e-10	3.125e-09	1.8805e-10	6.4173e-11	3.8576e-11
394.824	 	 	1.5014e-06	8.4087e-07	8.7667e-06	3.0243e-10	7.6196e-07	7.3651e-08	9.1789e-07	2.8832e-07	9.1166e-06	9.1531e-09	4.5154e-06	1.1355e-08	1.5322e-07	2.6734e-08	3.4371e-06	2.9563e-08	4.7167e-07	4.6384e-08	1.7558e-06	6.5889e-07	0.00012073	1.8092e-06	4.479e-06	5.2294e-08	1.4199e-07	1.0392e-08	2.7754e-08	1.7484e-09	1.8925e-08	2.5678e-09	1.379e-08	2.1343e-09	7.3837e-09	1.5101e-09	3.9339e-09	3.2321e-10	1.7031e-09	8.328e-10	1.9095e-10	6.0487e-10	2.0652e-10	7.7954e-10	1.0394e-10	2.4669e-09	1.8079e-10	4.2461e-09	8.4015e-10	4.0304e-09	3.051e-10	3.2528e-09	3.3224e-10	8.4477e-10	1.3658e-10	7.1474e-10	1.934e-10	7.9002e-11	4.2236e-10	6.4679e-11	4.4902e-10	9.2366e-11	2.3698e-10	4.8176e-11	2.255e-10	5.097e-11	2.0997e-10	2.4064e-11	2.7296e-10	5.5427e-11	8.5028e-10	8.5839e-10	1.7381e-09	2.9193e-10	2.958e-10	2.6943e-10	3.0132e-09	1.8132e-10	6.1731e-11	3.7093e-11
400.311	 	 	1.5704e-06	8.3341e-07	8.6222e-06	3.2222e-10	7.8657e-07	7.6106e-08	1.0132e-06	2.9123e-07	9.0646e-06	8.9974e-09	4.4122e-06	1.1076e-08	1.4927e-07	2.6108e-08	3.3668e-06	2.9115e-08	4.637e-07	4.5634e-08	1.7277e-06	6.4721e-07	0.0001186	1.7666e-06	4.3774e-06	5.1005e-08	1.3845e-07	1.011e-08	2.7004e-08	1.7018e-09	1.8416e-08	2.4999e-09	1.3443e-08	2.0737e-09	7.1881e-09	1.4695e-09	3.8279e-09	3.148e-10	1.6566e-09	8.115e-10	1.8603e-10	5.8938e-10	2.0168e-10	7.5967e-10	1.0148e-10	2.4075e-09	1.7623e-10	4.1426e-09	8.1993e-10	3.9289e-09	2.9802e-10	3.1756e-09	3.2433e-10	8.2546e-10	1.3347e-10	6.9744e-10	1.8885e-10	7.7204e-11	4.124e-10	6.306e-11	4.386e-10	9.0138e-11	2.3089e-10	4.6934e-11	2.1947e-10	4.9613e-11	2.0404e-10	2.338e-11	2.6495e-10	5.3742e-11	8.236e-10	8.3074e-10	1.6815e-09	2.8229e-10	2.8589e-10	2.6013e-10	2.9052e-09	1.7476e-10	5.9375e-11	3.5659e-11
405.874	 	 	1.6377e-06	8.4934e-07	8.5994e-06	3.3088e-10	8.2559e-07	7.7446e-08	1.082e-06	2.9329e-07	9.0811e-06	8.8205e-09	4.3114e-06	1.081e-08	1.4558e-07	2.5388e-08	3.2896e-06	2.8696e-08	4.5576e-07	4.486e-08	1.7003e-06	6.3524e-07	0.00011646	1.7281e-06	4.2806e-06	4.9879e-08	1.3496e-07	9.844e-09	2.6285e-08	1.6563e-09	1.7922e-08	2.4338e-09	1.3077e-08	2.0186e-09	6.9931e-09	1.4314e-09	3.7245e-09	3.0658e-10	1.612e-09	7.9214e-10	1.8119e-10	5.7547e-10	1.9668e-10	7.401e-10	9.923e-11	2.3489e-09	1.7206e-10	4.0435e-09	7.9998e-10	3.8372e-09	2.9099e-10	3.0972e-09	3.169e-10	8.064e-10	1.3027e-10	6.8107e-10	1.8457e-10	7.5466e-11	4.0231e-10	6.1552e-11	4.2798e-10	8.7928e-11	2.2493e-10	4.5738e-11	2.1371e-10	4.8289e-11	1.9838e-10	2.2709e-11	2.5704e-10	5.2117e-11	7.969e-10	8.0419e-10	1.6261e-09	2.7293e-10	2.7624e-10	2.5081e-10	2.8002e-09	1.6839e-10	5.7102e-11	3.4281e-11
411.515	 	 	1.7115e-06	9.0397e-07	8.521e-06	3.4196e-10	8.4955e-07	7.9339e-08	1.1595e-06	2.9407e-07	9.1288e-06	8.6703e-09	4.2502e-06	1.0532e-08	1.4176e-07	2.4661e-08	3.2085e-06	2.8165e-08	4.4851e-07	4.4016e-08	1.6738e-06	6.2344e-07	0.00011438	1.6945e-06	4.1922e-06	4.858e-08	1.3192e-07	9.592e-09	2.5591e-08	1.6095e-09	1.7441e-08	2.3672e-09	1.2714e-08	1.9662e-09	6.8045e-09	1.3941e-09	3.6235e-09	2.9897e-10	1.5712e-09	7.7125e-10	1.7634e-10	5.6143e-10	1.9194e-10	7.2216e-10	9.6997e-11	2.2906e-09	1.6821e-10	3.9489e-09	7.8114e-10	3.7469e-09	2.8418e-10	3.025e-09	3.0964e-10	7.8726e-10	1.2721e-10	6.6472e-10	1.8046e-10	7.3704e-11	3.9255e-10	6.0084e-11	4.175e-10	8.5641e-11	2.1917e-10	4.4537e-11	2.0794e-10	4.6906e-11	1.927e-10	2.2044e-11	2.4926e-10	5.0513e-11	7.7158e-10	7.7795e-10	1.572e-09	2.6387e-10	2.6685e-10	2.4184e-10	2.6983e-09	1.6229e-10	5.4911e-11	3.2956e-11
417.234	 	 	1.7582e-06	9.3341e-07	8.52e-06	3.6616e-10	8.556e-07	8.6287e-08	1.2485e-06	2.9462e-07	9.0992e-06	8.499e-09	4.1644e-06	1.0285e-08	1.3761e-07	2.4108e-08	3.1272e-06	2.7737e-08	4.4053e-07	4.3241e-08	1.6407e-06	6.1172e-07	0.00011204	1.6557e-06	4.098e-06	4.7356e-08	1.2864e-07	9.3475e-09	2.4951e-08	1.5678e-09	1.6976e-08	2.3014e-09	1.2371e-08	1.9143e-09	6.6333e-09	1.3569e-09	3.5333e-09	2.9103e-10	1.5296e-09	7.5184e-10	1.7191e-10	5.4813e-10	1.8714e-10	7.0587e-10	9.4654e-11	2.2331e-09	1.6434e-10	3.8505e-09	7.6266e-10	3.6583e-09	2.7765e-10	2.9568e-09	3.0224e-10	7.6816e-10	1.2412e-10	6.4936e-10	1.7635e-10	7.1886e-11	3.8321e-10	5.8664e-11	4.0717e-10	8.344e-11	2.1352e-10	4.3353e-11	2.0209e-10	4.56e-11	1.8705e-10	2.1385e-11	2.4167e-10	4.8893e-11	7.4655e-10	7.5227e-10	1.5201e-09	2.5495e-10	2.573e-10	2.3307e-10	2.6004e-09	1.5643e-10	5.2788e-11	3.1682e-11
423.032	 	 	1.8324e-06	9.522e-07	8.6731e-06	3.7643e-10	8.7046e-07	9.7411e-08	1.3024e-06	2.9597e-07	9.036e-06	8.3098e-09	4.076e-06	1.003e-08	1.338e-07	2.3523e-08	3.0451e-06	2.7324e-08	4.328e-07	4.2436e-08	1.6145e-06	6.0052e-07	0.00010991	1.619e-06	4.0037e-06	4.6189e-08	1.2521e-07	9.1111e-09	2.4272e-08	1.5255e-09	1.6501e-08	2.2412e-09	1.2043e-08	1.8625e-09	6.4599e-09	1.3202e-09	3.443e-09	2.8313e-10	1.4898e-09	7.3123e-10	1.6754e-10	5.3475e-10	1.8267e-10	6.9012e-10	9.238e-11	2.1793e-09	1.6073e-10	3.7564e-09	7.4377e-10	3.5731e-09	2.711e-10	2.8862e-09	2.9497e-10	7.4972e-10	1.2123e-10	6.3388e-10	1.7198e-10	7.0177e-11	3.7436e-10	5.726e-11	3.9669e-10	8.133e-11	2.0783e-10	4.2218e-11	1.9643e-10	4.4309e-11	1.8164e-10	2.0738e-11	2.3415e-10	4.7327e-11	7.2203e-10	7.2736e-10	1.4689e-09	2.4636e-10	2.4809e-10	2.2457e-10	2.5066e-09	1.5076e-10	5.0748e-11	3.0458e-11
428.911	 	 	1.9018e-06	9.7308e-07	9.0443e-06	3.8557e-10	8.9186e-07	1.0247e-07	1.3458e-06	2.9588e-07	8.9917e-06	8.1233e-09	3.9891e-06	9.7648e-09	1.2997e-07	2.2919e-08	2.9707e-06	2.6843e-08	4.2445e-07	4.1629e-08	1.5866e-06	5.8801e-07	0.00010775	1.5821e-06	3.9113e-06	4.5079e-08	1.22e-07	8.8649e-09	2.3616e-08	1.486e-09	1.6062e-08	2.1814e-09	1.1733e-08	1.8124e-09	6.2858e-09	1.2838e-09	3.3533e-09	2.755e-10	1.4516e-09	7.1259e-10	1.6356e-10	5.2143e-10	1.7807e-10	6.7438e-10	9.0141e-11	2.1311e-09	1.5692e-10	3.6697e-09	7.2598e-10	3.4911e-09	2.6444e-10	2.8187e-09	2.879e-10	7.323e-10	1.1834e-10	6.1906e-10	1.6787e-10	6.8526e-11	3.6531e-10	5.5859e-11	3.8651e-10	7.9181e-11	2.0237e-10	4.1081e-11	1.91e-10	4.3045e-11	1.7615e-10	2.0107e-11	2.2655e-10	4.5814e-11	6.9799e-10	7.0324e-10	1.4192e-09	2.3761e-10	2.3913e-10	2.1646e-10	2.4158e-09	1.4523e-10	4.8786e-11	2.928e-11
434.872	 	 	1.91e-06	9.8416e-07	9.1483e-06	3.9752e-10	9.2072e-07	1.0663e-07	1.3992e-06	2.9546e-07	8.8875e-06	7.9879e-09	3.9061e-06	9.5201e-09	1.2593e-07	2.2302e-08	2.8943e-06	2.6373e-08	4.1704e-07	4.0788e-08	1.557e-06	5.7726e-07	0.00010555	1.5488e-06	3.8271e-06	4.4062e-08	1.1877e-07	8.6306e-09	2.2957e-08	1.4462e-09	1.5626e-08	2.1251e-09	1.1426e-08	1.7668e-09	6.1171e-09	1.2526e-09	3.2622e-09	2.6857e-10	1.4153e-09	6.9469e-10	1.5962e-10	5.0874e-10	1.7348e-10	6.5775e-10	8.7931e-11	2.0822e-09	1.5309e-10	3.5837e-09	7.0915e-10	3.4066e-09	2.583e-10	2.751e-09	2.8123e-10	7.1503e-10	1.1563e-10	6.0517e-10	1.6401e-10	6.6862e-11	3.5641e-10	5.4454e-11	3.7673e-10	7.7088e-11	1.9693e-10	3.9922e-11	1.8554e-10	4.1784e-11	1.7081e-10	1.948e-11	2.1938e-10	4.4311e-11	6.7496e-10	6.7947e-10	1.3694e-09	2.2909e-10	2.3042e-10	2.0865e-10	2.3273e-09	1.3989e-10	4.6901e-11	2.8148e-11
440.916	 	 	1.9554e-06	1.0141e-06	9.1884e-06	4.0392e-10	9.9893e-07	1.111e-07	1.4458e-06	2.9897e-07	8.8377e-06	7.8432e-09	3.8305e-06	9.2564e-09	1.2277e-07	2.1681e-08	2.835e-06	2.5912e-08	4.0903e-07	4.0013e-08	1.5265e-06	5.6493e-07	0.00010326	1.5098e-06	3.7353e-06	4.2954e-08	1.1605e-07	8.4032e-09	2.2365e-08	1.4063e-09	1.5248e-08	2.0687e-09	1.1115e-08	1.7207e-09	5.9533e-09	1.2206e-09	3.1756e-09	2.615e-10	1.3814e-09	6.779e-10	1.5583e-10	4.9565e-10	1.6928e-10	6.4206e-10	8.5727e-11	2.0364e-09	1.4951e-10	3.5002e-09	6.925e-10	3.3263e-09	2.525e-10	2.6868e-09	2.7459e-10	6.9834e-10	1.129e-10	5.9169e-10	1.5999e-10	6.5277e-11	3.4764e-10	5.3054e-11	3.6675e-10	7.507e-11	1.9146e-10	3.8807e-11	1.8006e-10	4.0544e-11	1.6559e-10	1.8849e-11	2.1231e-10	4.2851e-11	6.5226e-10	6.5658e-10	1.3202e-09	2.2083e-10	2.2207e-10	2.0105e-10	2.2417e-09	1.3458e-10	4.5089e-11	2.7059e-11
447.043	 	4.8527e-06	2.0258e-06	1.0444e-06	9.3667e-06	4.0983e-10	1.0674e-06	1.1341e-07	1.5231e-06	3.0072e-07	8.7852e-06	7.6819e-09	3.748e-06	8.9989e-09	1.1962e-07	2.1098e-08	2.7613e-06	2.5429e-08	4.0115e-07	3.9162e-08	1.4992e-06	5.5271e-07	0.00010113	1.4746e-06	3.6444e-06	4.1825e-08	1.1292e-07	8.195e-09	2.1775e-08	1.3691e-09	1.4826e-08	2.0107e-09	1.082e-08	1.6745e-09	5.8038e-09	1.1892e-09	3.0943e-09	2.547e-10	1.345e-09	6.6209e-10	1.5202e-10	4.833e-10	1.6547e-10	6.2664e-10	8.3647e-11	1.9888e-09	1.4601e-10	3.4204e-09	6.7636e-10	3.2511e-09	2.465e-10	2.6227e-09	2.682e-10	6.8212e-10	1.1026e-10	5.7836e-10	1.5617e-10	6.3776e-11	3.3872e-10	5.172e-11	3.5705e-10	7.3058e-11	1.861e-10	3.7732e-11	1.7485e-10	3.9322e-11	1.6035e-10	1.8252e-11	2.0533e-10	4.1439e-11	6.3023e-10	6.3325e-10	1.2729e-09	2.1283e-10	2.1407e-10	1.9366e-10	2.1566e-09	1.2945e-10	4.3345e-11	2.6011e-11
453.256	 	1.7335e-05	2.1297e-06	1.0692e-06	9.5644e-06	4.1314e-10	1.1244e-06	1.1625e-07	1.6139e-06	2.987e-07	8.6436e-06	7.5209e-09	3.6626e-06	8.7579e-09	1.1606e-07	2.0513e-08	2.6814e-06	2.4943e-08	3.9334e-07	3.8359e-08	1.4694e-06	5.4063e-07	9.9011e-05	1.4389e-06	3.5546e-06	4.0753e-08	1.0995e-07	7.9724e-09	2.12e-08	1.3334e-09	1.4428e-08	1.9574e-09	1.0546e-08	1.6297e-09	5.6576e-09	1.157e-09	3.0135e-09	2.4829e-10	1.312e-09	6.459e-10	1.4825e-10	4.7192e-10	1.6182e-10	6.1113e-10	8.1818e-11	1.9404e-09	1.424e-10	3.34e-09	6.6101e-10	3.1765e-09	2.4076e-10	2.5626e-09	2.6197e-10	6.665e-10	1.0779e-10	5.6422e-10	1.5254e-10	6.2222e-11	3.3007e-10	5.04e-11	3.4762e-10	7.0996e-11	1.8096e-10	3.6657e-11	1.6956e-10	3.8127e-11	1.5519e-10	1.7664e-11	1.9853e-10	4.0058e-11	6.0823e-10	6.1057e-10	1.2267e-09	2.051e-10	2.0631e-10	1.8649e-10	2.0745e-09	1.2451e-10	4.1669e-11	2.5004e-11
459.555	 	2.9275e-05	2.2436e-06	1.0911e-06	9.8003e-06	4.1227e-10	1.171e-06	1.2062e-07	1.6502e-06	2.9502e-07	8.5624e-06	7.3617e-09	3.5889e-06	8.5635e-09	1.1215e-07	2.0045e-08	2.605e-06	2.4496e-08	3.8524e-07	3.7532e-08	1.4401e-06	5.2968e-07	9.6858e-05	1.408e-06	3.4717e-06	3.9789e-08	1.0718e-07	7.7561e-09	2.0638e-08	1.2964e-09	1.403e-08	1.9062e-09	1.0266e-08	1.586e-09	5.5096e-09	1.1264e-09	2.9347e-09	2.4201e-10	1.2766e-09	6.304e-10	1.447e-10	4.615e-10	1.5816e-10	5.9564e-10	7.9949e-11	1.895e-09	1.39e-10	3.2582e-09	6.4499e-10	3.1024e-09	2.3499e-10	2.5019e-09	2.5595e-10	6.5153e-10	1.0542e-10	5.5077e-10	1.4886e-10	6.0738e-11	3.2175e-10	4.9071e-11	3.384e-10	6.9021e-11	1.7581e-10	3.5579e-11	1.6446e-10	3.6944e-11	1.5025e-10	1.7084e-11	1.9198e-10	3.8709e-11	5.8639e-10	5.8856e-10	1.1822e-09	1.977e-10	1.9875e-10	1.7939e-10	1.9954e-09	1.1977e-10	4.0057e-11	2.4036e-11
465.942	 	3.5498e-05	2.3062e-06	1.1052e-06	9.947e-06	4.1534e-10	1.1983e-06	1.2172e-07	1.6586e-06	2.9399e-07	8.4806e-06	7.2227e-09	3.5052e-06	8.3492e-09	1.089e-07	1.9515e-08	2.5403e-06	2.4001e-08	3.7771e-07	3.6764e-08	1.4126e-06	5.1828e-07	9.4739e-05	1.3733e-06	3.3945e-06	3.8784e-08	1.0444e-07	7.5415e-09	2.0075e-08	1.2611e-09	1.3661e-08	1.857e-09	9.9911e-09	1.5464e-09	5.3604e-09	1.0973e-09	2.8587e-09	2.3631e-10	1.2439e-09	6.1469e-10	1.4099e-10	4.5128e-10	1.5428e-10	5.8212e-10	7.8195e-11	1.8509e-09	1.3581e-10	3.1834e-09	6.2981e-10	3.0272e-09	2.2955e-10	2.4439e-09	2.502e-10	6.3706e-10	1.0301e-10	5.382e-10	1.4533e-10	5.9263e-11	3.1325e-10	4.777e-11	3.2877e-10	6.7096e-11	1.7064e-10	3.4541e-11	1.594e-10	3.5749e-11	1.4537e-10	1.6517e-11	1.8553e-10	3.7399e-11	5.6541e-10	5.6723e-10	1.1394e-09	1.9056e-10	1.9143e-10	1.7255e-10	1.9193e-09	1.1521e-10	3.8506e-11	2.3105e-11
472.417	 	3.9407e-05	2.2981e-06	1.1104e-06	9.9114e-06	4.1634e-10	1.2361e-06	1.23e-07	1.6861e-06	2.938e-07	8.3411e-06	7.07e-09	3.4238e-06	8.1165e-09	1.0555e-07	1.8923e-08	2.4688e-06	2.3519e-08	3.7006e-07	3.5967e-08	1.3814e-06	5.0665e-07	9.2876e-05	1.3388e-06	3.3079e-06	3.7798e-08	1.0185e-07	7.3475e-09	1.9544e-08	1.2282e-09	1.3309e-08	1.8073e-09	9.7159e-09	1.5075e-09	5.2178e-09	1.0689e-09	2.789e-09	2.3011e-10	1.2128e-09	6.002e-10	1.3748e-10	4.4077e-10	1.5062e-10	5.6953e-10	7.6381e-11	1.8053e-09	1.3264e-10	3.1122e-09	6.1558e-10	2.9556e-09	2.2409e-10	2.3894e-09	2.4465e-10	6.2213e-10	1.0048e-10	5.2504e-10	1.4186e-10	5.7735e-11	3.0498e-10	4.6497e-11	3.1967e-10	6.519e-11	1.6574e-10	3.3505e-11	1.5429e-10	3.462e-11	1.4059e-10	1.5973e-11	1.7928e-10	3.6065e-11	5.449e-10	5.4663e-10	1.0984e-09	1.8358e-10	1.8416e-10	1.6597e-10	1.8462e-09	1.1083e-10	3.7015e-11	2.2211e-11
478.983	 	4.1222e-05	2.28e-06	1.1041e-06	1.0104e-05	4.1838e-10	1.2743e-06	1.2423e-07	1.6987e-06	2.9194e-07	8.205e-06	6.9073e-09	3.3422e-06	7.866e-09	1.0229e-07	1.8354e-08	2.4008e-06	2.305e-08	3.6165e-07	3.5206e-08	1.3538e-06	4.9531e-07	9.0838e-05	1.3067e-06	3.2283e-06	3.683e-08	9.9053e-08	7.1562e-09	1.9034e-08	1.1967e-09	1.2965e-08	1.7591e-09	9.4801e-09	1.4682e-09	5.0866e-09	1.0408e-09	2.7217e-09	2.2446e-10	1.1825e-09	5.8502e-10	1.3424e-10	4.3004e-10	1.4702e-10	5.5632e-10	7.4531e-11	1.7622e-09	1.2957e-10	3.0386e-09	6.0168e-10	2.887e-09	2.1899e-10	2.3368e-09	2.3897e-10	6.0715e-10	9.8092e-11	5.1258e-10	1.3825e-10	5.6264e-11	2.9695e-10	4.5242e-11	3.1068e-10	6.3287e-11	1.6074e-10	3.2495e-11	1.4937e-10	3.3507e-11	1.3595e-10	1.5436e-11	1.7306e-10	3.4775e-11	5.2512e-10	5.2692e-10	1.0583e-09	1.7685e-10	1.7715e-10	1.5965e-10	1.776e-09	1.0659e-10	3.5582e-11	2.1351e-11
485.639	 	4.4584e-05	2.2928e-06	1.1032e-06	1.0138e-05	4.2544e-10	1.2843e-06	1.2669e-07	1.714e-06	2.8691e-07	8.0829e-06	6.7723e-09	3.2612e-06	7.6255e-09	9.9223e-08	1.7853e-08	2.3327e-06	2.2566e-08	3.5421e-07	3.4442e-08	1.3249e-06	4.8485e-07	8.874e-05	1.2756e-06	3.1483e-06	3.5954e-08	9.6477e-08	6.9658e-09	1.8501e-08	1.1649e-09	1.2613e-08	1.7141e-09	9.238e-09	1.4286e-09	4.9534e-09	1.0136e-09	2.6515e-09	2.1839e-10	1.156e-09	5.7024e-10	1.3129e-10	4.1983e-10	1.434e-10	5.4437e-10	7.2795e-11	1.7221e-09	1.2665e-10	2.9683e-09	5.8754e-10	2.8197e-09	2.1384e-10	2.2844e-09	2.332e-10	5.9305e-10	9.5852e-11	5.0075e-10	1.3472e-10	5.4859e-11	2.8911e-10	4.3965e-11	3.0185e-10	6.1423e-11	1.559e-10	3.149e-11	1.4462e-10	3.2407e-11	1.3144e-10	1.4916e-11	1.6686e-10	3.352e-11	5.0614e-10	5.0788e-10	1.0193e-09	1.7015e-10	1.7039e-10	1.5358e-10	1.7082e-09	1.0252e-10	3.4205e-11	2.0524e-11
492.388	 	4.6837e-05	2.2835e-06	1.0873e-06	1.0072e-05	4.3052e-10	1.3049e-06	1.3148e-07	1.7169e-06	2.8483e-07	7.8971e-06	6.6184e-09	3.183e-06	7.4244e-09	9.604e-08	1.7323e-08	2.2677e-06	2.2097e-08	3.4648e-07	3.3689e-08	1.2935e-06	4.734e-07	8.6612e-05	1.2475e-06	3.08e-06	3.505e-08	9.399e-08	6.7819e-09	1.8009e-08	1.1345e-09	1.2279e-08	1.6699e-09	9.0065e-09	1.3906e-09	4.8256e-09	9.893e-10	2.5865e-09	2.1282e-10	1.1276e-09	5.5668e-10	1.284e-10	4.0979e-10	1.3978e-10	5.3126e-10	7.1109e-11	1.6819e-09	1.236e-10	2.8973e-09	5.7352e-10	2.7543e-09	2.0891e-10	2.2285e-09	2.2777e-10	5.7884e-10	9.3541e-11	4.8875e-10	1.3131e-10	5.3415e-11	2.8089e-10	4.2757e-11	2.9306e-10	5.9593e-11	1.5114e-10	3.0484e-11	1.3986e-10	3.1335e-11	1.2702e-10	1.4397e-11	1.609e-10	3.2301e-11	4.8792e-10	4.8929e-10	9.8103e-10	1.6368e-10	1.639e-10	1.4773e-10	1.6429e-09	9.8567e-11	3.288e-11	1.973e-11
499.231	 	4.7425e-05	2.2508e-06	1.0659e-06	1.0018e-05	4.3287e-10	1.3246e-06	1.3592e-07	1.7265e-06	2.8141e-07	7.7043e-06	6.4678e-09	3.1085e-06	7.2198e-09	9.28e-08	1.6814e-08	2.1939e-06	2.1663e-08	3.3842e-07	3.2864e-08	1.2655e-06	4.6211e-07	8.471e-05	1.2172e-06	3.006e-06	3.415e-08	9.1655e-08	6.5996e-09	1.7529e-08	1.1026e-09	1.1976e-08	1.6257e-09	8.7636e-09	1.3558e-09	4.7037e-09	9.6529e-10	2.5172e-09	2.0751e-10	1.1008e-09	5.4453e-10	1.2543e-10	3.9947e-10	1.3663e-10	5.1876e-10	6.9367e-11	1.6431e-09	1.2071e-10	2.8308e-09	5.5995e-10	2.691e-09	2.0427e-10	2.1758e-09	2.2236e-10	5.6503e-10	9.1331e-11	4.772e-10	1.2795e-10	5.2016e-11	2.7313e-10	4.1546e-11	2.8439e-10	5.7783e-11	1.4632e-10	2.9514e-11	1.3527e-10	3.0305e-11	1.2274e-10	1.388e-11	1.5507e-10	3.1133e-11	4.701e-10	4.7133e-10	9.4371e-10	1.5744e-10	1.5766e-10	1.4208e-10	1.5796e-09	9.4757e-11	3.1607e-11	1.8966e-11
506.169	 	4.8466e-05	2.2312e-06	1.0513e-06	9.9461e-06	4.3361e-10	1.3244e-06	1.367e-07	1.7339e-06	2.7604e-07	7.534e-06	6.3125e-09	3.0269e-06	7.0054e-09	8.9722e-08	1.6317e-08	2.1296e-06	2.1183e-08	3.3105e-07	3.2122e-08	1.2403e-06	4.509e-07	8.291e-05	1.1857e-06	2.9301e-06	3.324e-08	8.9211e-08	6.4256e-09	1.7105e-08	1.0737e-09	1.1659e-08	1.5823e-09	8.5334e-09	1.3204e-09	4.5867e-09	9.4082e-10	2.4531e-09	2.0245e-10	1.0741e-09	5.3246e-10	1.2238e-10	3.8977e-10	1.337e-10	5.0663e-10	6.7717e-11	1.6063e-09	1.18e-10	2.7644e-09	5.471e-10	2.6309e-09	1.9982e-10	2.1263e-09	2.1704e-10	5.5177e-10	8.9248e-11	4.6587e-10	1.2457e-10	5.0655e-11	2.6546e-10	4.0345e-11	2.7584e-10	5.6001e-11	1.4166e-10	2.8573e-11	1.3083e-10	2.9287e-11	1.1837e-10	1.3384e-11	1.4944e-10	3.0012e-11	4.5282e-10	4.5346e-10	9.0772e-10	1.5144e-10	1.5166e-10	1.3665e-10	1.5186e-09	9.1095e-11	3.0383e-11	1.8231e-11
513.204	 	4.9456e-05	2.2224e-06	1.0378e-06	9.7917e-06	4.3099e-10	1.334e-06	1.3861e-07	1.7342e-06	2.7101e-07	7.3919e-06	6.1653e-09	2.9545e-06	6.7956e-09	8.6762e-08	1.5832e-08	2.0689e-06	2.0751e-08	3.2398e-07	3.1372e-08	1.2112e-06	4.4071e-07	8.0941e-05	1.1565e-06	2.8562e-06	3.2388e-08	8.6737e-08	6.2568e-09	1.6637e-08	1.0462e-09	1.135e-08	1.5399e-09	8.3111e-09	1.2864e-09	4.4791e-09	9.1766e-10	2.3921e-09	1.9789e-10	1.0487e-09	5.2035e-10	1.195e-10	3.8134e-10	1.3063e-10	4.946e-10	6.6182e-11	1.5677e-09	1.1534e-10	2.7018e-09	5.344e-10	2.5731e-09	1.9532e-10	2.0751e-09	2.1196e-10	5.3922e-10	8.7098e-11	4.5406e-10	1.2135e-10	4.9318e-11	2.5793e-10	3.9186e-11	2.675e-10	5.4203e-11	1.3715e-10	2.7633e-11	1.2648e-10	2.8302e-11	1.1414e-10	1.2899e-11	1.4404e-10	2.8924e-11	4.3583e-10	4.3621e-10	8.7309e-10	1.4567e-10	1.4587e-10	1.3137e-10	1.4599e-09	8.7574e-11	2.9207e-11	1.7525e-11
520.336	 	5.51e-05	2.2362e-06	1.0262e-06	9.6158e-06	4.3314e-10	1.3816e-06	1.4033e-07	1.7422e-06	2.6611e-07	7.2095e-06	6.0133e-09	2.8736e-06	6.5772e-09	8.3882e-08	1.5302e-08	2.0079e-06	2.0294e-08	3.1658e-07	3.0661e-08	1.1839e-06	4.31e-07	7.9069e-05	1.1295e-06	2.7849e-06	3.1593e-08	8.4398e-08	6.0836e-09	1.6198e-08	1.0189e-09	1.1037e-08	1.5022e-09	8.0987e-09	1.2542e-09	4.3625e-09	8.9327e-10	2.3326e-09	1.9306e-10	1.0228e-09	5.0759e-10	1.1665e-10	3.7281e-10	1.2785e-10	4.8239e-10	6.4648e-11	1.5311e-09	1.1267e-10	2.6394e-09	5.2207e-10	2.516e-09	1.9055e-10	2.0261e-09	2.0715e-10	5.2647e-10	8.5054e-11	4.4253e-10	1.1812e-10	4.7927e-11	2.5046e-10	3.8011e-11	2.592e-10	5.2493e-11	1.3266e-10	2.6728e-11	1.2221e-10	2.7318e-11	1.1003e-10	1.2431e-11	1.3886e-10	2.7865e-11	4.1925e-10	4.1957e-10	8.3989e-10	1.4013e-10	1.4029e-10	1.2629e-10	1.4034e-09	8.419e-11	2.8076e-11	1.6847e-11
527.567	 	7.0647e-05	2.3306e-06	1.0223e-06	9.5375e-06	4.3512e-10	1.4172e-06	1.4113e-07	1.7617e-06	2.6019e-07	7.0263e-06	5.8772e-09	2.7959e-06	6.3587e-09	8.1203e-08	1.4824e-08	1.9449e-06	1.9844e-08	3.0921e-07	2.9944e-08	1.1568e-06	4.2016e-07	7.7215e-05	1.101e-06	2.7205e-06	3.0777e-08	8.224e-08	5.9238e-09	1.5751e-08	9.917e-10	1.077e-08	1.4645e-09	7.8879e-09	1.2229e-09	4.2563e-09	8.7048e-10	2.2806e-09	1.8851e-10	9.9674e-10	4.9574e-10	1.1373e-10	3.6467e-10	1.2478e-10	4.7145e-10	6.3165e-11	1.497e-09	1.0998e-10	2.5787e-09	5.1015e-10	2.456e-09	1.8607e-10	1.98e-09	2.0226e-10	5.1382e-10	8.3015e-11	4.3139e-10	1.1483e-10	4.6608e-11	2.4303e-10	3.6868e-11	2.5085e-10	5.081e-11	1.2831e-10	2.5848e-11	1.1803e-10	2.6339e-11	1.0603e-10	1.1982e-11	1.3379e-10	2.6838e-11	4.0326e-10	4.0358e-10	8.0794e-10	1.3478e-10	1.3488e-10	1.2141e-10	1.3492e-09	8.0937e-11	2.6989e-11	1.6195e-11
534.899	 	8.8565e-05	2.4629e-06	1.0348e-06	9.4708e-06	4.3242e-10	1.425e-06	1.422e-07	1.7682e-06	2.5435e-07	6.8609e-06	5.7241e-09	2.7221e-06	6.1672e-09	7.8546e-08	1.4372e-08	1.8838e-06	1.9382e-08	3.0285e-07	2.9224e-08	1.1326e-06	4.1019e-07	7.5444e-05	1.0741e-06	2.6503e-06	2.9967e-08	8.0147e-08	5.7648e-09	1.5341e-08	9.654e-10	1.0494e-08	1.4267e-09	7.6818e-09	1.1945e-09	4.142e-09	8.4893e-10	2.225e-09	1.8389e-10	9.7284e-10	4.8399e-10	1.1098e-10	3.564e-10	1.2188e-10	4.6066e-10	6.1753e-11	1.4634e-09	1.074e-10	2.5218e-09	4.9876e-10	2.3983e-09	1.8184e-10	1.9325e-09	1.974e-10	5.0115e-10	8.0894e-11	4.2037e-10	1.1165e-10	4.5304e-11	2.3574e-10	3.5749e-11	2.4295e-10	4.9147e-11	1.241e-10	2.4988e-11	1.1383e-10	2.5398e-11	1.022e-10	1.1551e-11	1.2887e-10	2.5818e-11	3.8788e-10	3.8822e-10	7.7711e-10	1.2963e-10	1.2967e-10	1.1672e-10	1.2971e-09	7.7807e-11	2.5944e-11	1.5568e-11
542.333	 	9.9131e-05	2.5264e-06	1.0328e-06	9.3459e-06	4.3238e-10	1.4398e-06	1.4236e-07	1.7494e-06	2.4893e-07	6.6775e-06	5.5893e-09	2.6631e-06	5.9975e-09	7.5859e-08	1.3933e-08	1.8236e-06	1.8962e-08	2.9542e-07	2.8527e-08	1.104e-06	4.0019e-07	7.3586e-05	1.0473e-06	2.5839e-06	2.9148e-08	7.7992e-08	5.6267e-09	1.495e-08	9.4177e-10	1.0237e-08	1.3884e-09	7.499e-09	1.1635e-09	4.0369e-09	8.278e-10	2.1726e-09	1.796e-10	9.5119e-10	4.7191e-10	1.086e-10	3.4787e-10	1.1902e-10	4.5009e-10	6.0279e-11	1.4296e-09	1.0494e-10	2.4669e-09	4.8784e-10	2.3443e-09	1.775e-10	1.8874e-09	1.9255e-10	4.8853e-10	7.8852e-11	4.0933e-10	1.0859e-10	4.4023e-11	2.2861e-10	3.4619e-11	2.3511e-10	4.7527e-11	1.1998e-10	2.4143e-11	1.0977e-10	2.4478e-11	9.852e-11	1.1129e-11	1.2405e-10	2.4834e-11	3.7313e-10	3.7346e-10	7.4739e-10	1.2464e-10	1.2466e-10	1.1221e-10	1.2469e-09	7.4799e-11	2.494e-11	1.4965e-11
549.87	 	0.00010972	2.5851e-06	1.0282e-06	9.2578e-06	4.3284e-10	1.4514e-06	1.4292e-07	1.7286e-06	2.4611e-07	6.5034e-06	5.437e-09	2.5981e-06	5.8203e-09	7.3193e-08	1.3481e-08	1.7642e-06	1.8501e-08	2.8813e-07	2.7922e-08	1.0782e-06	3.9188e-07	7.1822e-05	1.0236e-06	2.5227e-06	2.8411e-08	7.5896e-08	5.4738e-09	1.4567e-08	9.174e-10	9.963e-09	1.3519e-09	7.3185e-09	1.1352e-09	3.9372e-09	8.0937e-10	2.1201e-09	1.7512e-10	9.3071e-10	4.6049e-10	1.0618e-10	3.3984e-10	1.162e-10	4.4003e-10	5.8885e-11	1.3956e-09	1.0252e-10	2.411e-09	4.7715e-10	2.2872e-09	1.7335e-10	1.8425e-09	1.8771e-10	4.7638e-10	7.69e-11	3.988e-10	1.0552e-10	4.275e-11	2.215e-10	3.3516e-11	2.2742e-10	4.5967e-11	1.1594e-10	2.3314e-11	1.058e-10	2.3591e-11	9.4953e-11	1.0721e-11	1.1933e-10	2.3888e-11	3.5894e-10	3.592e-10	7.1868e-10	1.1982e-10	1.1984e-10	1.0787e-10	1.1987e-09	7.1903e-11	2.3974e-11	1.4386e-11
557.511	 	0.00012119	2.643e-06	1.0295e-06	9.2332e-06	4.2922e-10	1.4517e-06	1.4262e-07	1.7407e-06	2.4092e-07	6.358e-06	5.2931e-09	2.5267e-06	5.6233e-09	7.067e-08	1.3046e-08	1.7078e-06	1.8082e-08	2.8176e-07	2.7238e-08	1.052e-06	3.8224e-07	7.0116e-05	9.9881e-07	2.462e-06	2.7676e-08	7.3944e-08	5.327e-09	1.4175e-08	8.9317e-10	9.7022e-09	1.3183e-09	7.1349e-09	1.1047e-09	3.8426e-09	7.8973e-10	2.0704e-09	1.7072e-10	9.1005e-10	4.5042e-10	1.0388e-10	3.3206e-10	1.1338e-10	4.2995e-10	5.7582e-11	1.3631e-09	1.0017e-10	2.3529e-09	4.658e-10	2.2339e-09	1.6945e-10	1.7956e-09	1.8304e-10	4.6443e-10	7.4894e-11	3.8824e-10	1.0246e-10	4.1488e-11	2.1439e-10	3.2453e-11	2.199e-10	4.4427e-11	1.1199e-10	2.248e-11	1.0195e-10	2.2739e-11	9.148e-11	1.0317e-11	1.1478e-10	2.2978e-11	3.4524e-10	3.4546e-10	6.9091e-10	1.1519e-10	1.1521e-10	1.037e-10	1.1523e-09	6.9119e-11	2.3046e-11	1.3829e-11
565.259	 	0.00012956	2.6973e-06	1.0285e-06	9.1035e-06	4.2417e-10	1.4602e-06	1.4101e-07	1.7319e-06	2.3607e-07	6.1988e-06	5.1526e-09	2.45e-06	5.4409e-09	6.8166e-08	1.2618e-08	1.6527e-06	1.7664e-08	2.7482e-07	2.6568e-08	1.0296e-06	3.7267e-07	6.8438e-05	9.7305e-07	2.4031e-06	2.695e-08	7.1999e-08	5.1837e-09	1.3804e-08	8.69e-10	9.4498e-09	1.2841e-09	6.9604e-09	1.0768e-09	3.7562e-09	7.7119e-10	2.0196e-09	1.6672e-10	8.8805e-10	4.4063e-10	1.0153e-10	3.2401e-10	1.108e-10	4.1969e-10	5.6289e-11	1.332e-09	9.7887e-11	2.2985e-09	4.5492e-10	2.1825e-09	1.654e-10	1.7504e-09	1.7846e-10	4.5236e-10	7.2948e-11	3.7743e-10	9.9467e-11	4.0247e-11	2.0762e-10	3.1395e-11	2.1269e-10	4.2937e-11	1.08e-10	2.1679e-11	9.8283e-11	2.1921e-11	8.8111e-11	9.9245e-12	1.104e-10	2.2104e-11	3.3204e-10	3.3215e-10	6.642e-10	1.1074e-10	1.1076e-10	9.9687e-11	1.1077e-09	6.6443e-11	2.2154e-11	1.3293e-11
573.115	 	0.00014125	2.7718e-06	1.0313e-06	8.9982e-06	4.2266e-10	1.4715e-06	1.3984e-07	1.7113e-06	2.3188e-07	6.033e-06	5.0411e-09	2.3771e-06	5.263e-09	6.581e-08	1.219e-08	1.5954e-06	1.7252e-08	2.6823e-07	2.5892e-08	1.0037e-06	3.635e-07	6.6777e-05	9.4806e-07	2.3375e-06	2.6248e-08	7.0091e-08	5.0497e-09	1.3465e-08	8.4731e-10	9.2104e-09	1.2513e-09	6.7766e-09	1.0504e-09	3.6659e-09	7.5269e-10	1.9684e-09	1.6313e-10	8.6731e-10	4.3102e-10	9.9107e-11	3.1639e-10	1.083e-10	4.1012e-10	5.5007e-11	1.3014e-09	9.5744e-11	2.2454e-09	4.4473e-10	2.1317e-09	1.6153e-10	1.7072e-09	1.7383e-10	4.4053e-10	7.1051e-11	3.6707e-10	9.6518e-11	3.9034e-11	2.0092e-10	3.0367e-11	2.0555e-10	4.1445e-11	1.0415e-10	2.0895e-11	9.4744e-11	2.1121e-11	8.4761e-11	9.5461e-12	1.062e-10	2.1263e-11	3.1929e-10	3.1931e-10	6.3853e-10	1.0646e-10	1.0647e-10	9.5828e-11	1.0648e-09	6.387e-11	2.1296e-11	1.2778e-11
581.08	 	0.0001514	2.8271e-06	1.0263e-06	8.9685e-06	4.188e-10	1.4578e-06	1.3939e-07	1.6946e-06	2.2793e-07	5.8623e-06	4.9203e-09	2.3158e-06	5.0925e-09	6.3503e-08	1.1781e-08	1.5431e-06	1.6849e-08	2.6201e-07	2.5318e-08	9.7902e-07	3.5475e-07	6.5094e-05	9.2404e-07	2.2787e-06	2.5566e-08	6.8174e-08	4.9224e-09	1.3112e-08	8.2562e-10	8.9731e-09	1.2205e-09	6.6052e-09	1.0256e-09	3.5799e-09	7.3509e-10	1.9218e-09	1.5957e-10	8.4691e-10	4.2145e-10	9.6835e-11	3.093e-10	1.0584e-10	4.0117e-10	5.3693e-11	1.2716e-09	9.3675e-11	2.1923e-09	4.3395e-10	2.0819e-09	1.5767e-10	1.6628e-09	1.6928e-10	4.2896e-10	6.9194e-11	3.5692e-10	9.3603e-11	3.7823e-11	1.9434e-10	2.9374e-11	1.9866e-10	3.9962e-11	1.0038e-10	2.0137e-11	9.1297e-11	2.0346e-11	8.1532e-11	9.1823e-12	1.0217e-10	2.045e-11	3.0695e-10	3.0697e-10	6.1385e-10	1.0235e-10	1.0236e-10	9.2117e-11	1.0236e-09	6.1398e-11	2.0471e-11	1.2284e-11
589.155	 	0.00015648	2.8379e-06	1.019e-06	8.9001e-06	4.1212e-10	1.4519e-06	1.3743e-07	1.6763e-06	2.2354e-07	5.7183e-06	4.7876e-09	2.2528e-06	4.9295e-09	6.1263e-08	1.1399e-08	1.4908e-06	1.6478e-08	2.5553e-07	2.4695e-08	9.556e-07	3.4633e-07	6.3454e-05	9.0247e-07	2.2214e-06	2.4897e-08	6.6426e-08	4.7954e-09	1.2766e-08	8.058e-10	8.74e-09	1.1901e-09	6.4427e-09	1.0023e-09	3.4925e-09	7.1715e-10	1.88e-09	1.5598e-10	8.262e-10	4.1147e-10	9.4628e-11	3.0223e-10	1.0349e-10	3.9186e-10	5.2457e-11	1.2427e-09	9.16e-11	2.1417e-09	4.239e-10	2.0329e-09	1.5368e-10	1.6198e-09	1.6484e-10	4.1745e-10	6.7249e-11	3.469e-10	9.0732e-11	3.661e-11	1.8795e-10	2.8399e-11	1.9164e-10	3.8535e-11	9.6737e-11	1.9411e-11	8.7949e-11	1.9578e-11	7.8424e-11	8.8331e-12	9.8268e-11	1.9668e-11	2.9508e-10	2.9511e-10	5.9013e-10	9.8389e-11	9.8394e-11	8.8551e-11	9.8394e-10	5.902e-11	1.9679e-11	1.1808e-11
597.343	 	0.00016428	2.8683e-06	1.0182e-06	8.8232e-06	4.0634e-10	1.4489e-06	1.3468e-07	1.6533e-06	2.197e-07	5.5784e-06	4.6428e-09	2.1855e-06	4.7696e-09	5.9049e-08	1.0993e-08	1.4387e-06	1.6082e-08	2.4941e-07	2.4076e-08	9.3362e-07	3.3774e-07	6.1971e-05	8.794e-07	2.1701e-06	2.4245e-08	6.4711e-08	4.6683e-09	1.2419e-08	7.8454e-10	8.534e-09	1.163e-09	6.2842e-09	9.7848e-10	3.4116e-09	6.9901e-10	1.8395e-09	1.5222e-10	8.0599e-10	4.0199e-10	9.2347e-11	2.9538e-10	1.0112e-10	3.8299e-10	5.1258e-11	1.2157e-09	8.9452e-11	2.0936e-09	4.1424e-10	1.9826e-09	1.4984e-10	1.5778e-09	1.6043e-10	4.0585e-10	6.541e-11	3.3689e-10	8.7819e-11	3.5457e-11	1.8176e-10	2.7446e-11	1.848e-10	3.7139e-11	9.3258e-11	1.8714e-11	8.467e-11	1.8834e-11	7.5438e-11	8.4973e-12	9.4512e-11	1.8909e-11	2.8368e-10	2.837e-10	5.6732e-10	9.4584e-11	9.4585e-11	8.5122e-11	9.4585e-10	5.6735e-11	1.8917e-11	1.1351e-11
605.645	 	0.00016874	2.8815e-06	1.007e-06	8.7227e-06	3.9998e-10	1.4388e-06	1.3304e-07	1.62e-06	2.1562e-07	5.4338e-06	4.5046e-09	2.1225e-06	4.611e-09	5.7034e-08	1.0624e-08	1.3915e-06	1.5693e-08	2.4381e-07	2.3493e-08	9.1292e-07	3.2925e-07	6.0515e-05	8.5677e-07	2.1143e-06	2.3577e-08	6.305e-08	4.5484e-09	1.2124e-08	7.6407e-10	8.3305e-09	1.133e-09	6.1461e-09	9.554e-10	3.3263e-09	6.8253e-10	1.7987e-09	1.487e-10	7.8824e-10	3.9288e-10	9.0206e-11	2.8884e-10	9.8711e-11	3.7399e-10	5.0089e-11	1.1895e-09	8.7363e-11	2.0448e-09	4.046e-10	1.9328e-09	1.4614e-10	1.5367e-09	1.5597e-10	3.9485e-10	6.3589e-11	3.2704e-10	8.5066e-11	3.4314e-11	1.7567e-10	2.651e-11	1.7816e-10	3.5794e-11	8.9903e-11	1.8031e-11	8.1452e-11	1.8116e-11	7.257e-11	8.1729e-12	9.0879e-11	1.8178e-11	2.7272e-10	2.7274e-10	5.4538e-10	9.0923e-11	9.0923e-11	8.1827e-11	9.0923e-10	5.4539e-11	1.8185e-11	1.0911e-11
614.061	 	0.00017093	2.8637e-06	9.937e-07	8.6596e-06	3.9258e-10	1.4309e-06	1.3132e-07	1.5954e-06	2.1125e-07	5.289e-06	4.3894e-09	2.0542e-06	4.4562e-09	5.4918e-08	1.0259e-08	1.3427e-06	1.53e-08	2.3826e-07	2.292e-08	8.9061e-07	3.2189e-07	5.9032e-05	8.3453e-07	2.0571e-06	2.296e-08	6.1429e-08	4.4338e-09	1.1821e-08	7.4402e-10	8.122e-09	1.1056e-09	5.9981e-09	9.3234e-10	3.2449e-09	6.6774e-10	1.7553e-09	1.4523e-10	7.7151e-10	3.8342e-10	8.8182e-11	2.8205e-10	9.6514e-11	3.6561e-10	4.8949e-11	1.1633e-09	8.5426e-11	1.9964e-09	3.9518e-10	1.8847e-09	1.4238e-10	1.4936e-09	1.5175e-10	3.8379e-10	6.1798e-11	3.1729e-10	8.2347e-11	3.3192e-11	1.6977e-10	2.5568e-11	1.717e-10	3.4504e-11	8.6631e-11	1.7369e-11	7.8348e-11	1.7426e-11	6.9808e-11	7.8604e-12	8.7367e-11	1.7475e-11	2.6218e-10	2.622e-10	5.2427e-10	8.7402e-11	8.7402e-11	7.8659e-11	8.7402e-10	5.2427e-11	1.748e-11	1.0489e-11
622.595	 	0.0001747	2.856e-06	9.821e-07	8.5819e-06	3.8467e-10	1.4104e-06	1.2908e-07	1.5613e-06	2.0715e-07	5.1435e-06	4.2713e-09	1.9867e-06	4.3021e-09	5.3099e-08	9.8992e-09	1.2989e-06	1.4947e-08	2.322e-07	2.242e-08	8.6794e-07	3.1413e-07	5.7491e-05	8.1354e-07	2.0058e-06	2.2349e-08	5.9724e-08	4.3187e-09	1.1526e-08	7.2539e-10	7.9257e-09	1.0759e-09	5.8589e-09	9.1062e-10	3.1701e-09	6.5342e-10	1.7149e-09	1.4164e-10	7.5477e-10	3.7447e-10	8.6172e-11	2.7561e-10	9.4412e-11	3.5722e-10	4.784e-11	1.1361e-09	8.338e-11	1.9477e-09	3.8597e-10	1.8372e-09	1.3866e-10	1.4529e-09	1.475e-10	3.7265e-10	6.0027e-11	3.0778e-10	7.9666e-11	3.2103e-11	1.6373e-10	2.4656e-11	1.655e-10	3.3263e-11	8.3456e-11	1.6717e-11	7.5358e-11	1.6763e-11	6.7141e-11	7.5578e-12	8.399e-11	1.68e-11	2.5204e-10	2.5206e-10	5.0397e-10	8.4018e-11	8.4018e-11	7.5613e-11	8.4018e-10	5.0397e-11	1.6804e-11	1.0083e-11
631.248	 	0.00017508	2.8166e-06	9.6516e-07	8.4651e-06	3.7755e-10	1.389e-06	1.2652e-07	1.5275e-06	2.0309e-07	5.0081e-06	4.1449e-09	1.9299e-06	4.1522e-09	5.1126e-08	9.5623e-09	1.2532e-06	1.4587e-08	2.2617e-07	2.1869e-08	8.4613e-07	3.0649e-07	5.6058e-05	7.9303e-07	1.9533e-06	2.1813e-08	5.818e-08	4.2051e-09	1.1219e-08	7.0705e-10	7.7168e-09	1.0494e-09	5.7182e-09	8.8775e-10	3.1025e-09	6.3899e-10	1.6749e-09	1.3828e-10	7.3834e-10	3.6616e-10	8.424e-11	2.6962e-10	9.2254e-11	3.4924e-10	4.6812e-11	1.1097e-09	8.1452e-11	1.8991e-09	3.764e-10	1.7894e-09	1.3507e-10	1.4125e-09	1.4323e-10	3.6207e-10	5.8253e-11	2.9829e-10	7.7037e-11	3.1046e-11	1.579e-10	2.3766e-11	1.5955e-10	3.2048e-11	8.034e-11	1.6081e-11	7.2494e-11	1.6126e-11	6.4572e-11	7.2656e-12	8.0744e-11	1.6151e-11	2.423e-10	2.423e-10	4.8446e-10	8.0765e-11	8.0765e-11	7.2686e-11	8.0765e-10	4.8446e-11	1.6153e-11	9.6925e-12
640.02	 	0.00017202	2.757e-06	9.434e-07	8.3028e-06	3.6754e-10	1.373e-06	1.249e-07	1.4951e-06	1.989e-07	4.8655e-06	4.026e-09	1.8789e-06	4.0147e-09	4.9329e-08	9.2225e-09	1.2085e-06	1.4234e-08	2.2089e-07	2.1301e-08	8.2756e-07	2.9839e-07	5.465e-05	7.7225e-07	1.9044e-06	2.1236e-08	5.6716e-08	4.0942e-09	1.0928e-08	6.8874e-10	7.524e-09	1.0239e-09	5.5862e-09	8.6629e-10	3.0361e-09	6.2362e-10	1.6337e-09	1.3538e-10	7.2106e-10	3.5786e-10	8.2379e-11	2.6359e-10	9.0131e-11	3.414e-10	4.5805e-11	1.0851e-09	7.9624e-11	1.8526e-09	3.6699e-10	1.7439e-09	1.3152e-10	1.3728e-09	1.3916e-10	3.5127e-10	5.6512e-11	2.8875e-10	7.4517e-11	3.0007e-11	1.5221e-10	2.2904e-11	1.5378e-10	3.0873e-11	7.7286e-11	1.5468e-11	6.9739e-11	1.551e-11	6.2077e-11	6.9848e-12	7.7624e-11	1.5526e-11	2.3292e-10	2.3292e-10	4.657e-10	7.7638e-11	7.7638e-11	6.9871e-11	7.7638e-10	4.657e-11	1.5528e-11	9.3172e-12
648.915	 	0.00017089	2.716e-06	9.2222e-07	8.1284e-06	3.5914e-10	1.3568e-06	1.2293e-07	1.4802e-06	1.9407e-07	4.7221e-06	3.897e-09	1.8208e-06	3.8847e-09	4.7507e-08	8.9093e-09	1.1659e-06	1.3886e-08	2.1565e-07	2.0765e-08	8.0618e-07	2.9096e-07	5.3331e-05	7.5236e-07	1.8548e-06	2.0665e-08	5.526e-08	3.9954e-09	1.0655e-08	6.7253e-10	7.3402e-09	1.0003e-09	5.4496e-09	8.4668e-10	2.967e-09	6.0934e-10	1.5948e-09	1.324e-10	7.0449e-10	3.4982e-10	8.0452e-11	2.5765e-10	8.8053e-11	3.338e-10	4.4816e-11	1.0593e-09	7.7756e-11	1.8066e-09	3.5792e-10	1.6982e-09	1.2786e-10	1.3335e-09	1.3501e-10	3.4086e-10	5.4813e-11	2.7969e-10	7.2028e-11	2.8998e-11	1.4668e-10	2.208e-11	1.4816e-10	2.9704e-11	7.4341e-11	1.4879e-11	6.7079e-11	1.4917e-11	5.9678e-11	6.7149e-12	7.4624e-11	1.4926e-11	2.239e-10	2.239e-10	4.4767e-10	7.4632e-11	7.4632e-11	6.7166e-11	7.4632e-10	4.4767e-11	1.4926e-11	8.9565e-12
657.933	 	0.00016938	2.6771e-06	8.9945e-07	7.9648e-06	3.5253e-10	1.3329e-06	1.2014e-07	1.45e-06	1.9034e-07	4.5901e-06	3.7696e-09	1.7593e-06	3.7548e-09	4.582e-08	8.592e-09	1.1244e-06	1.3545e-08	2.1017e-07	2.0264e-08	7.8636e-07	2.8403e-07	5.2028e-05	7.3444e-07	1.8066e-06	2.0115e-08	5.38e-08	3.8974e-09	1.0383e-08	6.5655e-10	7.1628e-09	9.7702e-10	5.3145e-09	8.2872e-10	2.8979e-09	5.9521e-10	1.5611e-09	1.2961e-10	6.8869e-10	3.4213e-10	7.862e-11	2.516e-10	8.609e-11	3.2662e-10	4.3752e-11	1.0349e-09	7.5976e-11	1.76e-09	3.4886e-10	1.6513e-09	1.2441e-10	1.2941e-09	1.3101e-10	3.3043e-10	5.3097e-11	2.707e-10	6.962e-11	2.7966e-11	1.4141e-10	2.1288e-11	1.427e-10	2.8574e-11	7.1506e-11	1.4313e-11	6.4515e-11	1.4342e-11	5.7371e-11	6.4554e-12	7.1739e-11	1.4349e-11	2.1523e-10	2.1523e-10	4.3034e-10	7.1743e-11	7.1743e-11	6.4566e-11	7.1743e-10	4.3034e-11	1.4349e-11	8.6097e-12
667.077	 	0.00016684	2.6255e-06	8.7778e-07	7.8022e-06	3.4558e-10	1.3039e-06	1.1804e-07	1.4215e-06	1.8587e-07	4.4667e-06	3.6625e-09	1.7038e-06	3.6191e-09	4.409e-08	8.2879e-09	1.084e-06	1.3233e-08	2.0497e-07	1.978e-08	7.6763e-07	2.7704e-07	5.0759e-05	7.1486e-07	1.7613e-06	1.9605e-08	5.2409e-08	3.798e-09	1.012e-08	6.404e-10	7.0069e-09	9.5473e-10	5.1918e-09	8.1106e-10	2.8305e-09	5.806e-10	1.5274e-09	1.2668e-10	6.7222e-10	3.3416e-10	7.6938e-11	2.4594e-10	8.414e-11	3.1967e-10	4.2743e-11	1.0119e-09	7.4203e-11	1.715e-09	3.3988e-10	1.6065e-09	1.2095e-10	1.2556e-09	1.2701e-10	3.1997e-10	5.1415e-11	2.6188e-10	6.7164e-11	2.6971e-11	1.3633e-10	2.0512e-11	1.3727e-10	2.7484e-11	6.8788e-11	1.3769e-11	6.2036e-11	1.3788e-11	5.5154e-11	6.206e-12	6.8965e-11	1.3793e-11	2.069e-10	2.069e-10	4.1368e-10	6.8965e-11	6.8965e-11	6.2066e-11	6.8965e-10	4.1368e-11	1.3793e-11	8.2764e-12
676.347	 	0.00016282	2.5639e-06	8.5859e-07	7.5959e-06	3.384e-10	1.2925e-06	1.1586e-07	1.3971e-06	1.8196e-07	4.3444e-06	3.5668e-09	1.6488e-06	3.4906e-09	4.2518e-08	7.992e-09	1.0464e-06	1.2937e-08	1.9995e-07	1.9267e-08	7.4934e-07	2.7e-07	4.9526e-05	6.9622e-07	1.7158e-06	1.9095e-08	5.1156e-08	3.6981e-09	9.8713e-09	6.2496e-10	6.8402e-09	9.3244e-10	5.0822e-09	7.9235e-10	2.7634e-09	5.6688e-10	1.495e-09	1.2372e-10	6.5666e-10	3.2658e-10	7.5201e-11	2.4032e-10	8.2249e-11	3.1232e-10	4.1797e-11	9.8819e-10	7.2345e-11	1.6702e-09	3.3123e-10	1.5622e-09	1.1747e-10	1.2179e-09	1.2299e-10	3.0993e-10	4.9795e-11	2.533e-10	6.4771e-11	2.6e-11	1.3139e-10	1.976e-11	1.3204e-10	2.6438e-11	6.6175e-11	1.3244e-11	5.9638e-11	1.3255e-11	5.3023e-11	5.966e-12	6.6295e-11	1.3259e-11	1.9889e-10	1.9889e-10	3.9766e-10	6.6295e-11	6.6295e-11	5.9663e-11	6.6295e-10	3.9766e-11	1.3259e-11	7.9559e-12
685.747	 	0.00016274	2.5336e-06	8.4322e-07	7.42e-06	3.3034e-10	1.2664e-06	1.1351e-07	1.3742e-06	1.7749e-07	4.2276e-06	3.4564e-09	1.5956e-06	3.3688e-09	4.0986e-08	7.7014e-09	1.0095e-06	1.2603e-08	1.9532e-07	1.8781e-08	7.3171e-07	2.6299e-07	4.8275e-05	6.7714e-07	1.6684e-06	1.8597e-08	4.9829e-08	3.6016e-09	9.6312e-09	6.0864e-10	6.683e-09	9.1022e-10	4.974e-09	7.7417e-10	2.6965e-09	5.5505e-10	1.4618e-09	1.2094e-10	6.4221e-10	3.1959e-10	7.3508e-11	2.3502e-10	8.0413e-11	3.0513e-10	4.0819e-11	9.6565e-10	7.0552e-11	1.6248e-09	3.2262e-10	1.5186e-09	1.1416e-10	1.1797e-09	1.1913e-10	3.0008e-10	4.8178e-11	2.4497e-10	6.2445e-11	2.5056e-11	1.2658e-10	1.902e-11	1.2701e-10	2.5433e-11	6.3649e-11	1.2738e-11	5.7333e-11	1.2743e-11	5.0974e-11	5.7353e-12	6.3728e-11	1.2746e-11	1.9118e-10	1.9118e-10	3.8226e-10	6.3728e-11	6.3728e-11	5.7353e-11	6.3728e-10	3.8226e-11	1.2746e-11	7.6479e-12
695.277	 	0.00015997	2.4874e-06	8.2505e-07	7.243e-06	3.2411e-10	1.2368e-06	1.1082e-07	1.3492e-06	1.733e-07	4.1068e-06	3.3403e-09	1.5469e-06	3.2473e-09	3.9516e-08	7.4246e-09	9.7394e-07	1.2276e-08	1.9048e-07	1.8322e-08	7.1197e-07	2.5647e-07	4.7039e-05	6.5964e-07	1.6249e-06	1.8114e-08	4.8534e-08	3.5136e-09	9.4138e-09	5.9351e-10	6.5224e-09	8.8852e-10	4.8631e-09	7.5625e-10	2.6356e-09	5.43e-10	1.4275e-09	1.1821e-10	6.2778e-10	3.1244e-10	7.1817e-11	2.297e-10	7.8685e-11	2.9842e-10	3.9889e-11	9.4302e-10	6.884e-11	1.5805e-09	3.1368e-10	1.4753e-09	1.1076e-10	1.1424e-09	1.1535e-10	2.9034e-10	4.661e-11	2.368e-10	6.0182e-11	2.4157e-11	1.2187e-10	1.8296e-11	1.2218e-10	2.4466e-11	6.1217e-11	1.2247e-11	5.5118e-11	1.225e-11	4.9003e-11	5.5132e-12	6.1261e-11	1.2252e-11	1.8378e-10	1.8378e-10	3.6746e-10	6.1261e-11	6.1261e-11	5.5132e-11	6.1261e-10	3.6746e-11	1.2252e-11	7.3518e-12
704.94	 	0.00015603	2.4326e-06	8.0452e-07	7.0575e-06	3.1871e-10	1.2108e-06	1.0889e-07	1.3276e-06	1.69e-07	3.9835e-06	3.2354e-09	1.4974e-06	3.1385e-09	3.8119e-08	7.1602e-09	9.4031e-07	1.1969e-08	1.8555e-07	1.7873e-08	6.9428e-07	2.5003e-07	4.5874e-05	6.4287e-07	1.5818e-06	1.7678e-08	4.7224e-08	3.4253e-09	9.1752e-09	5.7913e-10	6.3738e-09	8.6678e-10	4.7493e-09	7.3819e-10	2.5801e-09	5.3162e-10	1.3957e-09	1.1536e-10	6.1382e-10	3.0544e-10	7.0217e-11	2.2462e-10	7.702e-11	2.9133e-10	3.9012e-11	9.195e-10	6.7078e-11	1.5378e-09	3.0519e-10	1.4322e-09	1.0749e-10	1.1065e-09	1.116e-10	2.8082e-10	4.5093e-11	2.2884e-10	5.8014e-11	2.3289e-11	1.1724e-10	1.7599e-11	1.1754e-10	2.3531e-11	5.8861e-11	1.1773e-11	5.2988e-11	1.1777e-11	4.7106e-11	5.2998e-12	5.8889e-11	1.1778e-11	1.7667e-10	1.7667e-10	3.5324e-10	5.8889e-11	5.8889e-11	5.2998e-11	5.8889e-10	3.5324e-11	1.1778e-11	7.0672e-12
714.736	 	0.0001547	2.4043e-06	7.8764e-07	6.9054e-06	3.1396e-10	1.1884e-06	1.0725e-07	1.3039e-06	1.6576e-07	3.8783e-06	3.1317e-09	1.4464e-06	3.0283e-09	3.6772e-08	6.9053e-09	9.0659e-07	1.1699e-08	1.8091e-07	1.7406e-08	6.7711e-07	2.4354e-07	4.4777e-05	6.2653e-07	1.5447e-06	1.7226e-08	4.6114e-08	3.3376e-09	8.9558e-09	5.6524e-10	6.2163e-09	8.4636e-10	4.6404e-09	7.2033e-10	2.5238e-09	5.1973e-10	1.3643e-09	1.1283e-10	6.0045e-10	2.984e-10	6.8619e-11	2.1984e-10	7.5352e-11	2.8472e-10	3.8108e-11	8.9688e-10	6.536e-11	1.495e-09	2.9679e-10	1.3897e-09	1.0422e-10	1.0704e-09	1.0794e-10	2.7166e-10	4.3605e-11	2.207e-10	5.5937e-11	2.2443e-11	1.1277e-10	1.6929e-11	1.1306e-10	2.2631e-11	5.6586e-11	1.1318e-11	5.094e-11	1.1321e-11	4.5283e-11	5.0946e-12	5.6609e-11	1.1322e-11	1.6983e-10	1.6983e-10	3.3956e-10	5.6609e-11	5.6609e-11	5.0946e-11	5.6609e-10	3.3956e-11	1.1322e-11	6.7935e-12
724.669	 	0.00015354	2.3705e-06	7.7403e-07	6.7701e-06	3.0754e-10	1.1635e-06	1.0512e-07	1.2785e-06	1.6231e-07	3.7801e-06	3.031e-09	1.3973e-06	2.9219e-09	3.5364e-08	6.6606e-09	8.7356e-07	1.1392e-08	1.763e-07	1.6962e-08	6.6138e-07	2.3732e-07	4.3671e-05	6.1081e-07	1.5038e-06	1.6776e-08	4.4978e-08	3.2597e-09	8.7186e-09	5.5304e-10	6.0669e-09	8.2752e-10	4.5321e-09	7.0457e-10	2.4719e-09	5.0767e-10	1.3317e-09	1.103e-10	5.8658e-10	2.9176e-10	6.7125e-11	2.1522e-10	7.3616e-11	2.7841e-10	3.7225e-11	8.7509e-10	6.3688e-11	1.4524e-09	2.8851e-10	1.3481e-09	1.0094e-10	1.0357e-09	1.0442e-10	2.6263e-10	4.214e-11	2.1286e-10	5.391e-11	2.1622e-11	1.0847e-10	1.6285e-11	1.0874e-10	2.1757e-11	5.4399e-11	1.0881e-11	4.8971e-11	1.0883e-11	4.3529e-11	4.8973e-12	5.4417e-11	1.0883e-11	1.6325e-10	1.6325e-10	3.2641e-10	5.4417e-11	5.4417e-11	4.8973e-11	5.4417e-10	3.2641e-11	1.0883e-11	6.5305e-12
734.74	 	0.00015083	2.3283e-06	7.6028e-07	6.6347e-06	3.003e-10	1.1405e-06	1.0281e-07	1.2548e-06	1.5838e-07	3.6797e-06	2.9393e-09	1.3501e-06	2.8207e-09	3.4028e-08	6.4312e-09	8.4069e-07	1.1106e-08	1.7219e-07	1.6534e-08	6.4447e-07	2.3171e-07	4.2588e-05	5.9429e-07	1.4646e-06	1.6325e-08	4.3871e-08	3.1812e-09	8.5082e-09	5.4003e-10	5.9309e-09	8.1054e-10	4.4229e-09	6.9005e-10	2.415e-09	4.9639e-10	1.3022e-09	1.0785e-10	5.7337e-10	2.8513e-10	6.5635e-11	2.1049e-10	7.1931e-11	2.72e-10	3.6339e-11	8.5291e-10	6.2032e-11	1.4104e-09	2.8032e-10	1.3062e-09	9.7776e-11	1.002e-09	1.0095e-10	2.5386e-10	4.0699e-11	2.0519e-10	5.1937e-11	2.0815e-11	1.0435e-10	1.5666e-11	1.0457e-10	2.0916e-11	5.2297e-11	1.046e-11	4.7077e-11	1.0462e-11	4.1844e-11	4.7077e-12	5.231e-11	1.0462e-11	1.5693e-10	1.5693e-10	3.1378e-10	5.231e-11	5.231e-11	4.7077e-11	5.231e-10	3.1378e-11	1.0462e-11	6.2777e-12
744.951	 	0.00014734	2.2766e-06	7.4308e-07	6.4831e-06	2.9531e-10	1.12e-06	1.0074e-07	1.2309e-06	1.5402e-07	3.584e-06	2.845e-09	1.3051e-06	2.7155e-09	3.285e-08	6.1919e-09	8.1236e-07	1.0838e-08	1.6753e-07	1.6134e-08	6.2717e-07	2.2559e-07	4.1484e-05	5.7865e-07	1.4254e-06	1.5926e-08	4.2717e-08	3.106e-09	8.3025e-09	5.2771e-10	5.8071e-09	7.9329e-10	4.3226e-09	6.7484e-10	2.3607e-09	4.8523e-10	1.2733e-09	1.0552e-10	5.6128e-10	2.7896e-10	6.419e-11	2.0559e-10	7.0356e-11	2.6581e-10	3.5447e-11	8.3097e-10	6.0318e-11	1.3688e-09	2.7208e-10	1.2649e-09	9.4679e-11	9.6885e-10	9.7584e-11	2.4494e-10	3.9248e-11	1.9776e-10	5.0014e-11	2.0024e-11	1.0039e-10	1.5069e-11	1.0053e-10	2.0108e-11	5.0277e-11	1.0056e-11	4.5254e-11	1.0057e-11	4.0224e-11	4.5254e-12	5.0285e-11	1.0057e-11	1.5086e-10	1.5086e-10	3.0163e-10	5.0285e-11	5.0285e-11	4.5254e-11	5.0285e-10	3.0163e-11	1.0057e-11	6.0346e-12
755.304	 	0.00014669	2.249e-06	7.2892e-07	6.3543e-06	2.8845e-10	1.0987e-06	9.8986e-08	1.2063e-06	1.5002e-07	3.4793e-06	2.7489e-09	1.2627e-06	2.621e-09	3.1625e-08	5.9639e-09	7.8249e-07	1.0567e-08	1.633e-07	1.5718e-08	6.1179e-07	2.1975e-07	4.0466e-05	5.6402e-07	1.3894e-06	1.5523e-08	4.162e-08	3.0304e-09	8.1158e-09	5.1518e-10	5.6853e-09	7.7468e-10	4.2324e-09	6.6099e-10	2.3076e-09	4.7359e-10	1.2449e-09	1.0318e-10	5.487e-10	2.7278e-10	6.2832e-11	2.0106e-10	6.8721e-11	2.5972e-10	3.4591e-11	8.0967e-10	5.8706e-11	1.3281e-09	2.6403e-10	1.2253e-09	9.1613e-11	9.3649e-10	9.4151e-11	2.3623e-10	3.7853e-11	1.9066e-10	4.8114e-11	1.9261e-11	9.6557e-11	1.4493e-11	9.6642e-11	1.9331e-11	4.8334e-11	9.6673e-12	4.3502e-11	9.6676e-12	3.8667e-11	4.3502e-12	4.8338e-11	9.6676e-12	1.4501e-10	1.4501e-10	2.8995e-10	4.8338e-11	4.8338e-11	4.3502e-11	4.8338e-10	2.8995e-11	9.6676e-12	5.801e-12
765.801	 	0.00014509	2.2087e-06	7.1556e-07	6.2233e-06	2.8165e-10	1.0768e-06	9.6764e-08	1.179e-06	1.4669e-07	3.3814e-06	2.6554e-09	1.2215e-06	2.5247e-09	3.0426e-08	5.7425e-09	7.5349e-07	1.0306e-08	1.5917e-07	1.529e-08	5.9617e-07	2.1376e-07	3.9424e-05	5.4924e-07	1.3531e-06	1.5159e-08	4.0602e-08	2.9534e-09	7.9281e-09	5.0347e-10	5.5558e-09	7.5707e-10	4.141e-09	6.4574e-10	2.2543e-09	4.633e-10	1.2182e-09	1.0078e-10	5.3653e-10	2.6678e-10	6.1521e-11	1.9642e-10	6.7166e-11	2.5331e-10	3.3743e-11	7.8834e-10	5.7087e-11	1.2874e-09	2.5614e-10	1.1856e-09	8.8613e-11	9.0424e-10	9.0802e-11	2.2775e-10	3.6486e-11	1.8383e-10	4.6282e-11	1.8527e-11	9.2867e-11	1.3934e-11	9.2908e-11	1.8584e-11	4.6465e-11	9.2933e-12	4.1818e-11	9.2933e-12	3.7169e-11	4.1818e-12	4.6467e-11	9.2933e-12	1.394e-10	1.394e-10	2.7872e-10	4.6467e-11	4.6467e-11	4.1818e-11	4.6467e-10	2.7872e-11	9.2933e-12	5.5764e-12
776.444	 	0.00014297	2.1615e-06	6.9997e-07	6.0991e-06	2.7435e-10	1.0566e-06	9.4642e-08	1.1566e-06	1.4322e-07	3.2891e-06	2.5658e-09	1.179e-06	2.4391e-09	2.9304e-08	5.542e-09	7.2619e-07	1.0041e-08	1.5524e-07	1.4897e-08	5.8099e-07	2.083e-07	3.8445e-05	5.3519e-07	1.3182e-06	1.4757e-08	3.9576e-08	2.8799e-09	7.7497e-09	4.9106e-10	5.4302e-09	7.3975e-10	4.0567e-09	6.312e-10	2.2019e-09	4.5304e-10	1.1913e-09	9.8597e-11	5.2432e-10	2.6116e-10	6.0133e-11	1.92e-10	6.5709e-11	2.4709e-10	3.2884e-11	7.6685e-10	5.5453e-11	1.2465e-09	2.481e-10	1.1472e-09	8.573e-11	8.7202e-10	8.7546e-11	2.1951e-10	3.5168e-11	1.7714e-10	4.4517e-11	1.7823e-11	8.9293e-11	1.3395e-11	8.9318e-11	1.7866e-11	4.4668e-11	8.9335e-12	4.0199e-11	8.9335e-12	3.573e-11	4.0199e-12	4.4668e-11	8.9335e-12	1.34e-10	1.34e-10	2.6793e-10	4.4668e-11	4.4668e-11	4.0199e-11	4.4668e-10	2.6793e-11	8.9335e-12	5.3605e-12
787.234	 	0.00014026	2.1203e-06	6.847e-07	5.9784e-06	2.6728e-10	1.0342e-06	9.2697e-08	1.1303e-06	1.3927e-07	3.2072e-06	2.4808e-09	1.1375e-06	2.3504e-09	2.8195e-08	5.3374e-09	6.9924e-07	9.7928e-09	1.5122e-07	1.452e-08	5.662e-07	2.0313e-07	3.7506e-05	5.2148e-07	1.2843e-06	1.4389e-08	3.859e-08	2.8109e-09	7.5712e-09	4.7946e-10	5.3062e-09	7.2202e-10	3.9641e-09	6.1731e-10	2.1544e-09	4.4308e-10	1.1637e-09	9.6513e-11	5.1282e-10	2.5573e-10	5.8769e-11	1.8768e-10	6.42e-11	2.4116e-10	3.2054e-11	7.4638e-10	5.3895e-11	1.2076e-09	2.4032e-10	1.1099e-09	8.288e-11	8.4092e-10	8.4374e-11	2.1161e-10	3.3905e-11	1.7066e-10	4.2826e-11	1.7146e-11	8.5842e-11	1.2877e-11	8.5867e-11	1.7175e-11	4.2938e-11	8.5876e-12	3.8643e-11	8.5876e-12	3.4347e-11	3.8643e-12	4.2938e-11	8.5876e-12	1.2881e-10	1.2881e-10	2.5756e-10	4.2938e-11	4.2938e-11	3.8643e-11	4.2938e-10	2.5756e-11	8.5876e-12	5.1529e-12
798.175	 	0.00013719	2.069e-06	6.6801e-07	5.8465e-06	2.6052e-10	1.0197e-06	9.0737e-08	1.107e-06	1.3561e-07	3.1098e-06	2.4017e-09	1.0974e-06	2.2633e-09	2.7166e-08	5.1417e-09	6.7483e-07	9.5331e-09	1.473e-07	1.4163e-08	5.5209e-07	1.9791e-07	3.6575e-05	5.089e-07	1.2539e-06	1.4024e-08	3.7674e-08	2.7436e-09	7.398e-09	4.689e-10	5.1814e-09	7.0517e-10	3.8758e-09	6.0277e-10	2.1068e-09	4.336e-10	1.1385e-09	9.4367e-11	5.014e-10	2.5e-10	5.7501e-11	1.8352e-10	6.2732e-11	2.3507e-10	3.1227e-11	7.2576e-10	5.2311e-11	1.169e-09	2.3279e-10	1.0734e-09	8.0123e-11	8.106e-10	8.1343e-11	2.0405e-10	3.2686e-11	1.6425e-10	4.12e-11	1.6492e-11	8.2524e-11	1.238e-11	8.2547e-11	1.651e-11	4.1276e-11	8.2551e-12	3.7146e-11	8.2551e-12	3.3017e-11	3.7146e-12	4.1276e-11	8.2551e-12	1.2383e-10	1.2383e-10	2.4759e-10	4.1276e-11	4.1276e-11	3.7146e-11	4.1276e-10	2.4759e-11	8.2551e-12	4.9534e-12
809.267	 	0.00013533	2.0267e-06	6.505e-07	5.7272e-06	2.5439e-10	9.9774e-07	8.8529e-08	1.0807e-06	1.3173e-07	3.0056e-06	2.3236e-09	1.0595e-06	2.1799e-09	2.617e-08	4.9525e-09	6.5125e-07	9.3116e-09	1.4362e-07	1.3799e-08	5.3786e-07	1.9299e-07	3.5634e-05	4.9567e-07	1.2219e-06	1.3672e-08	3.6767e-08	2.6852e-09	7.2229e-09	4.5925e-10	5.0567e-09	6.9071e-10	3.7893e-09	5.8907e-10	2.0607e-09	4.2403e-10	1.1145e-09	9.2251e-11	4.9051e-10	2.4434e-10	5.6153e-11	1.7937e-10	6.1254e-11	2.291e-10	3.0383e-11	7.0508e-10	5.0765e-11	1.131e-09	2.2525e-10	1.0375e-09	7.7298e-11	7.8132e-10	7.8434e-11	1.9666e-10	3.1495e-11	1.5801e-10	3.9628e-11	1.5862e-11	7.9335e-11	1.1902e-11	7.9355e-11	1.5871e-11	3.9678e-11	7.9355e-12	3.5708e-11	7.9355e-12	3.1739e-11	3.5708e-12	3.9678e-11	7.9355e-12	1.1903e-10	1.1903e-10	2.38e-10	3.9678e-11	3.9678e-11	3.5708e-11	3.9678e-10	2.38e-11	7.9355e-12	4.7616e-12
820.514	 	0.00013177	1.9715e-06	6.343e-07	5.5587e-06	2.4772e-10	9.7386e-07	8.6666e-08	1.0543e-06	1.2779e-07	2.921e-06	2.2418e-09	1.0233e-06	2.0997e-09	2.5205e-08	4.7686e-09	6.2674e-07	9.0547e-09	1.4003e-07	1.3434e-08	5.2408e-07	1.8777e-07	3.4729e-05	4.826e-07	1.1901e-06	1.3322e-08	3.5941e-08	2.6226e-09	7.0459e-09	4.497e-10	4.9484e-09	6.761e-10	3.7022e-09	5.7643e-10	2.0169e-09	4.1426e-10	1.0898e-09	9.0183e-11	4.798e-10	2.3909e-10	5.4897e-11	1.7532e-10	5.9764e-11	2.2329e-10	2.9568e-11	6.8496e-10	4.9229e-11	1.0943e-09	2.1795e-10	1.0019e-09	7.4552e-11	7.5332e-10	7.5595e-11	1.8947e-10	3.0339e-11	1.5199e-10	3.8114e-11	1.525e-11	7.6271e-11	1.1442e-11	7.6283e-11	1.5257e-11	3.8141e-11	7.6283e-12	3.4326e-11	7.6283e-12	3.051e-11	3.4326e-12	3.8141e-11	7.6283e-12	1.1442e-10	1.1442e-10	2.2879e-10	3.8141e-11	3.8141e-11	3.4326e-11	3.8141e-10	2.2879e-11	7.6283e-12	4.5773e-12
831.917	 	0.00012791	1.9151e-06	6.1597e-07	5.3914e-06	2.4143e-10	9.5162e-07	8.4497e-08	1.0308e-06	1.2463e-07	2.8286e-06	2.1635e-09	9.8808e-07	2.0261e-09	2.4255e-08	4.5979e-09	6.0262e-07	8.8298e-09	1.3646e-07	1.3094e-08	5.0995e-07	1.8298e-07	3.3833e-05	4.7013e-07	1.1578e-06	1.2995e-08	3.5051e-08	2.5637e-09	6.8849e-09	4.3943e-10	4.8477e-09	6.6224e-10	3.617e-09	5.6374e-10	1.9709e-09	4.054e-10	1.0655e-09	8.8213e-11	4.6956e-10	2.335e-10	5.37e-11	1.7105e-10	5.8333e-11	2.175e-10	2.877e-11	6.6497e-10	4.7668e-11	1.0584e-09	2.1087e-10	9.6624e-10	7.1879e-11	7.2618e-10	7.2831e-11	1.8243e-10	2.9187e-11	1.4621e-10	3.6648e-11	1.466e-11	7.3323e-11	1.0999e-11	7.3329e-11	1.4666e-11	3.6665e-11	7.3329e-12	3.2997e-11	7.3329e-12	2.9329e-11	3.2997e-12	3.6665e-11	7.3329e-12	1.0999e-10	1.0999e-10	2.1993e-10	3.6665e-11	3.6665e-11	3.2997e-11	3.6665e-10	2.1993e-11	7.3329e-12	4.4001e-12
843.478	 	0.00012444	1.8612e-06	5.9771e-07	5.2443e-06	2.3543e-10	9.2943e-07	8.2781e-08	1.0126e-06	1.2149e-07	2.7412e-06	2.0882e-09	9.5372e-07	1.953e-09	2.3333e-08	4.4352e-09	5.8081e-07	8.6024e-09	1.3279e-07	1.2765e-08	4.9705e-07	1.7828e-07	3.2975e-05	4.5846e-07	1.1302e-06	1.2682e-08	3.4184e-08	2.5035e-09	6.7429e-09	4.2958e-10	4.7452e-09	6.4766e-10	3.54e-09	5.5151e-10	1.9275e-09	3.9694e-10	1.0417e-09	8.6272e-11	4.5984e-10	2.283e-10	5.2475e-11	1.6688e-10	5.6915e-11	2.1157e-10	2.7979e-11	6.4527e-10	4.6192e-11	1.0231e-09	2.0389e-10	9.3182e-10	6.9273e-11	6.9971e-10	7.0119e-11	1.755e-10	2.8076e-11	1.4065e-10	3.5231e-11	1.4094e-11	7.0488e-11	1.0574e-11	7.049e-11	1.4098e-11	3.5245e-11	7.049e-12	3.1719e-11	7.049e-12	2.8193e-11	3.1719e-12	3.5245e-11	7.049e-12	1.0574e-10	1.0574e-10	2.1141e-10	3.5245e-11	3.5245e-11	3.1719e-11	3.5245e-10	2.1141e-11	7.049e-12	4.2297e-12
855.2	 	0.00012169	1.8198e-06	5.8151e-07	5.1229e-06	2.2974e-10	9.0682e-07	8.084e-08	9.9109e-07	1.1762e-07	2.6558e-06	2.0149e-09	9.2131e-07	1.8847e-09	2.2468e-08	4.2685e-09	5.5965e-07	8.3907e-09	1.2941e-07	1.2424e-08	4.8454e-07	1.7376e-07	3.2149e-05	4.4752e-07	1.1021e-06	1.2398e-08	3.333e-08	2.4474e-09	6.6035e-09	4.1985e-10	4.6462e-09	6.3298e-10	3.4622e-09	5.3975e-10	1.8872e-09	3.8821e-10	1.019e-09	8.4383e-11	4.502e-10	2.2334e-10	5.1311e-11	1.6291e-10	5.5472e-11	2.0597e-10	2.7189e-11	6.2566e-10	4.4725e-11	9.8833e-10	1.9711e-10	8.9825e-10	6.6794e-11	6.7391e-10	6.7456e-11	1.6881e-10	2.7006e-11	1.3531e-10	3.3869e-11	1.3549e-11	6.7761e-11	1.0164e-11	6.7761e-11	1.3552e-11	3.388e-11	6.7761e-12	3.0491e-11	6.7761e-12	2.7102e-11	3.0491e-12	3.388e-11	6.7761e-12	1.0164e-10	1.0164e-10	2.0323e-10	3.388e-11	3.388e-11	3.0491e-11	3.388e-10	2.0323e-11	6.7761e-12	4.0659e-12
867.086	 	0.0001188	1.7754e-06	5.6504e-07	4.9731e-06	2.2435e-10	8.8781e-07	7.9141e-08	9.6571e-07	1.1411e-07	2.5737e-06	1.9477e-09	8.8742e-07	1.8117e-09	2.1602e-08	4.1044e-09	5.3855e-07	8.1757e-09	1.2618e-07	1.2112e-08	4.7246e-07	1.6935e-07	3.1379e-05	4.3604e-07	1.0756e-06	1.2084e-08	3.254e-08	2.3877e-09	6.4615e-09	4.0999e-10	4.5404e-09	6.1918e-10	3.3872e-09	5.2752e-10	1.846e-09	3.7944e-10	9.9668e-10	8.2551e-11	4.4004e-10	2.1826e-10	5.0138e-11	1.5881e-10	5.4087e-11	2.0031e-10	2.6404e-11	6.0587e-10	4.328e-11	9.5321e-10	1.9023e-10	8.6582e-10	6.4403e-11	6.4831e-10	6.4887e-11	1.6239e-10	2.598e-11	1.3014e-10	3.2561e-11	1.3026e-11	6.5137e-11	9.7706e-12	6.5137e-11	1.3027e-11	3.2569e-11	6.5137e-12	2.9311e-11	6.5137e-12	2.6052e-11	2.9311e-12	3.2569e-11	6.5137e-12	9.7706e-11	9.7706e-11	1.9536e-10	3.2569e-11	3.2569e-11	2.9311e-11	3.2569e-10	1.9536e-11	6.5137e-12	3.9085e-12
879.136	 	0.00011717	1.7395e-06	5.4988e-07	4.8342e-06	2.1933e-10	8.6849e-07	7.717e-08	9.4041e-07	1.1059e-07	2.4854e-06	1.8805e-09	8.5723e-07	1.7455e-09	2.0795e-08	3.9601e-09	5.1845e-07	7.9624e-09	1.2301e-07	1.1802e-08	4.6068e-07	1.6516e-07	3.059e-05	4.2527e-07	1.0475e-06	1.1787e-08	3.1763e-08	2.3322e-09	6.3136e-09	4.0031e-10	4.4402e-09	6.0542e-10	3.3155e-09	5.1592e-10	1.8056e-09	3.7111e-10	9.7492e-10	8.0846e-11	4.3018e-10	2.1343e-10	4.8915e-11	1.5482e-10	5.2704e-11	1.9463e-10	2.5628e-11	5.8701e-10	4.1872e-11	9.194e-10	1.8347e-10	8.3484e-10	6.2068e-11	6.2363e-10	6.2417e-11	1.5622e-10	2.4994e-11	1.2517e-10	3.1303e-11	1.2522e-11	6.2616e-11	9.3923e-12	6.2616e-11	1.2523e-11	3.1308e-11	6.2616e-12	2.8176e-11	6.2616e-12	2.5044e-11	2.8176e-12	3.1308e-11	6.2616e-12	9.3923e-11	9.3923e-11	1.878e-10	3.1308e-11	3.1308e-11	2.8176e-11	3.1308e-10	1.878e-11	6.2616e-12	3.7572e-12
891.353	 	0.00011476	1.6963e-06	5.361e-07	4.6922e-06	2.1434e-10	8.4492e-07	7.5326e-08	9.1878e-07	1.0714e-07	2.4096e-06	1.8155e-09	8.2549e-07	1.6804e-09	2.0042e-08	3.8075e-09	4.9942e-07	7.7663e-09	1.1991e-07	1.1521e-08	4.4826e-07	1.6106e-07	2.9793e-05	4.1442e-07	1.0217e-06	1.1485e-08	3.1095e-08	2.2815e-09	6.1726e-09	3.9202e-10	4.3436e-09	5.9124e-10	3.2407e-09	5.0528e-10	1.7651e-09	3.6298e-10	9.5383e-10	7.9206e-11	4.2097e-10	2.0855e-10	4.7742e-11	1.5093e-10	5.1286e-11	1.8911e-10	2.4869e-11	5.683e-10	4.0505e-11	8.8627e-10	1.7691e-10	8.0477e-10	5.9801e-11	5.9986e-10	6.0044e-11	1.5028e-10	2.4042e-11	1.2033e-10	3.0093e-11	1.2038e-11	6.0191e-11	9.0287e-12	6.0191e-11	1.2038e-11	3.0096e-11	6.0191e-12	2.7085e-11	6.0191e-12	2.4074e-11	2.7085e-12	3.0096e-11	6.0191e-12	9.0287e-11	9.0287e-11	1.8052e-10	3.0096e-11	3.0096e-11	2.7085e-11	3.0096e-10	1.8052e-11	6.0191e-12	3.6117e-12
903.741	 	0.00011228	1.6548e-06	5.2222e-07	4.5508e-06	2.0874e-10	8.2392e-07	7.3626e-08	8.9771e-07	1.0395e-07	2.3318e-06	1.7537e-09	7.9798e-07	1.6192e-09	1.9271e-08	3.6662e-09	4.8123e-07	7.5693e-09	1.1676e-07	1.123e-08	4.3691e-07	1.5692e-07	2.9051e-05	4.0419e-07	9.9648e-07	1.1211e-08	3.0377e-08	2.2354e-09	6.0311e-09	3.8401e-10	4.2429e-09	5.7853e-10	3.1696e-09	4.9413e-10	1.727e-09	3.5518e-10	9.3421e-10	7.7527e-11	4.1137e-10	2.0349e-10	4.6601e-11	1.4705e-10	4.9925e-11	1.8362e-10	2.4098e-11	5.499e-10	3.9162e-11	8.5431e-10	1.7051e-10	7.7542e-10	5.7562e-11	5.7709e-10	5.7764e-11	1.4455e-10	2.3124e-11	1.1568e-10	2.893e-11	1.1572e-11	5.7861e-11	8.6791e-12	5.7861e-11	1.1572e-11	2.893e-11	5.7861e-12	2.6036e-11	5.7861e-12	2.3142e-11	2.6036e-12	2.893e-11	5.7861e-12	8.6791e-11	8.6791e-11	1.7353e-10	2.893e-11	2.893e-11	2.6036e-11	2.893e-10	1.7353e-11	5.7861e-12	3.4719e-12
916.301	 	0.00011061	1.6219e-06	5.0857e-07	4.4267e-06	2.036e-10	8.0637e-07	7.2249e-08	8.7669e-07	1.0064e-07	2.2568e-06	1.6892e-09	7.6919e-07	1.5589e-09	1.8546e-08	3.5301e-09	4.6283e-07	7.3818e-09	1.1387e-07	1.0929e-08	4.26e-07	1.5283e-07	2.831e-05	3.9395e-07	9.7139e-07	1.093e-08	2.9702e-08	2.1896e-09	5.8889e-09	3.762e-10	4.1508e-09	5.6619e-10	3.1044e-09	4.8344e-10	1.6892e-09	3.4742e-10	9.1534e-10	7.5751e-11	4.0227e-10	1.9863e-10	4.5437e-11	1.4306e-10	4.8574e-11	1.782e-10	2.3345e-11	5.3215e-10	3.7842e-11	8.2371e-10	1.644e-10	7.4678e-10	5.5375e-11	5.5518e-10	5.556e-11	1.3903e-10	2.2235e-11	1.1121e-10	2.781e-11	1.1124e-11	5.5621e-11	8.3431e-12	5.5621e-11	1.1124e-11	2.781e-11	5.5621e-12	2.5028e-11	5.5621e-12	2.2246e-11	2.5028e-12	2.781e-11	5.5621e-12	8.3431e-11	8.3431e-11	1.6682e-10	2.781e-11	2.781e-11	2.5028e-11	2.781e-10	1.6682e-11	5.5621e-12	3.3375e-12
929.035	 	0.00010958	1.5949e-06	4.9617e-07	4.3278e-06	1.9816e-10	7.8769e-07	7.06e-08	8.5433e-07	9.7267e-08	2.1829e-06	1.6309e-09	7.4105e-07	1.5025e-09	1.7858e-08	3.3975e-09	4.4573e-07	7.1881e-09	1.1101e-07	1.0656e-08	4.1541e-07	1.4902e-07	2.7656e-05	3.8362e-07	9.4644e-07	1.0694e-08	2.9011e-08	2.1398e-09	5.7619e-09	3.6811e-10	4.0608e-09	5.5404e-10	3.0364e-09	4.7266e-10	1.6531e-09	3.4001e-10	8.9598e-10	7.4121e-11	3.9373e-10	1.9388e-10	4.4305e-11	1.393e-10	4.7243e-11	1.728e-10	2.2618e-11	5.1474e-10	3.6504e-11	7.9411e-10	1.5852e-10	7.1843e-10	5.3267e-11	5.3402e-10	5.3437e-11	1.3366e-10	2.1376e-11	1.0691e-10	2.6734e-11	1.0693e-11	5.3467e-11	8.0201e-12	5.3467e-11	1.0693e-11	2.6734e-11	5.3467e-12	2.4059e-11	5.3467e-12	2.1385e-11	2.4059e-12	2.6734e-11	5.3467e-12	8.0201e-11	8.0201e-11	1.6036e-10	2.6734e-11	2.6734e-11	2.4059e-11	2.6734e-10	1.6036e-11	5.3467e-12	3.2082e-12
941.946	 	0.00010799	1.5614e-06	4.8358e-07	4.2081e-06	1.9237e-10	7.6873e-07	6.8654e-08	8.3001e-07	9.4086e-08	2.1137e-06	1.5723e-09	7.1399e-07	1.4468e-09	1.7204e-08	3.274e-09	4.2917e-07	7.0093e-09	1.0812e-07	1.0396e-08	4.0485e-07	1.4525e-07	2.6964e-05	3.7494e-07	9.2434e-07	1.0445e-08	2.8371e-08	2.0923e-09	5.6471e-09	3.5983e-10	3.9732e-09	5.425e-10	2.971e-09	4.6259e-10	1.6176e-09	3.3306e-10	8.7556e-10	7.246e-11	3.8493e-10	1.8904e-10	4.3179e-11	1.3549e-10	4.592e-11	1.6735e-10	2.189e-11	4.9757e-10	3.5209e-11	7.6521e-10	1.5279e-10	6.9108e-10	5.124e-11	5.1362e-10	5.1374e-11	1.285e-10	2.055e-11	1.0278e-10	2.5698e-11	1.0279e-11	5.1397e-11	7.7095e-12	5.1397e-11	1.0279e-11	2.5698e-11	5.1397e-12	2.3128e-11	5.1397e-12	2.0557e-11	2.3128e-12	2.5698e-11	5.1397e-12	7.7095e-11	7.7095e-11	1.5415e-10	2.5698e-11	2.5698e-11	2.3128e-11	2.5698e-10	1.5415e-11	5.1397e-12	3.084e-12
955.037	 	0.00010627	1.5264e-06	4.7113e-07	4.0836e-06	1.8731e-10	7.547e-07	6.6664e-08	8.0579e-07	9.1e-08	2.0433e-06	1.5196e-09	6.8798e-07	1.3922e-09	1.6549e-08	3.1492e-09	4.1347e-07	6.8357e-09	1.0553e-07	1.0141e-08	3.9493e-07	1.4194e-07	2.6313e-05	3.6623e-07	9.02e-07	1.0214e-08	2.7685e-08	2.0455e-09	5.5268e-09	3.5209e-10	3.8904e-09	5.3033e-10	2.9047e-09	4.5255e-10	1.5839e-09	3.2631e-10	8.5683e-10	7.0869e-11	3.7626e-10	1.8435e-10	4.2028e-11	1.3167e-10	4.4588e-11	1.6216e-10	2.1183e-11	4.8063e-10	3.3943e-11	7.3704e-10	1.4721e-10	6.6475e-10	4.9294e-11	4.9384e-10	4.9389e-11	1.2353e-10	1.9756e-11	9.8808e-11	2.4704e-11	9.8814e-12	4.9407e-11	7.4111e-12	4.9407e-11	9.8814e-12	2.4704e-11	4.9407e-12	2.2232e-11	4.9407e-12	1.9761e-11	2.2232e-12	2.4704e-11	4.9407e-12	7.4111e-11	7.4111e-11	1.4818e-10	2.4704e-11	2.4704e-11	2.2232e-11	2.4704e-10	1.4818e-11	4.9407e-12	2.9646e-12
968.309	 	0.00010531	1.4966e-06	4.6009e-07	3.9678e-06	1.8209e-10	7.3636e-07	6.4984e-08	7.8575e-07	8.8144e-08	1.9746e-06	1.4652e-09	6.6413e-07	1.3416e-09	1.595e-08	3.0352e-09	3.9785e-07	6.6613e-09	1.0293e-07	9.8811e-09	3.8524e-07	1.3823e-07	2.5657e-05	3.5705e-07	8.8073e-07	9.9732e-09	2.705e-08	1.9974e-09	5.417e-09	3.4437e-10	3.8066e-09	5.1886e-10	2.8433e-09	4.4278e-10	1.5519e-09	3.193e-10	8.3762e-10	6.9338e-11	3.6748e-10	1.7967e-10	4.0916e-11	1.2795e-10	4.3288e-11	1.5698e-10	2.0499e-11	4.6356e-10	3.2721e-11	7.0906e-10	1.4171e-10	6.3952e-10	4.7421e-11	4.7476e-10	4.748e-11	1.1876e-10	1.8993e-11	9.4988e-11	2.3747e-11	9.4988e-12	4.7494e-11	7.1241e-12	4.7494e-11	9.4988e-12	2.3747e-11	4.7494e-12	2.1371e-11	4.7494e-12	1.8996e-11	2.1371e-12	2.3747e-11	4.7494e-12	7.1241e-11	7.1241e-11	1.4244e-10	2.3747e-11	2.3747e-11	2.1371e-11	2.3747e-10	1.4244e-11	4.7494e-12	2.8498e-12
981.766	 	0.00010373	1.463e-06	4.477e-07	3.8583e-06	1.766e-10	7.1723e-07	6.3298e-08	7.6701e-07	8.5377e-08	1.9081e-06	1.4113e-09	6.4048e-07	1.2931e-09	1.5328e-08	2.9194e-09	3.8229e-07	6.4973e-09	1.0036e-07	9.6353e-09	3.7545e-07	1.3494e-07	2.5026e-05	3.4845e-07	8.5917e-07	9.7514e-09	2.6469e-08	1.9522e-09	5.2958e-09	3.3639e-10	3.7209e-09	5.0818e-10	2.7817e-09	4.3328e-10	1.5196e-09	3.1221e-10	8.1931e-10	6.7811e-11	3.5873e-10	1.7488e-10	3.9823e-11	1.2424e-10	4.2003e-11	1.5192e-10	1.9823e-11	4.4708e-10	3.1548e-11	6.8208e-10	1.3632e-10	6.1524e-10	4.561e-11	4.5641e-10	4.5646e-11	1.1417e-10	1.8259e-11	9.1311e-11	2.2828e-11	9.1311e-12	4.5655e-11	6.8483e-12	4.5655e-11	9.1311e-12	2.2828e-11	4.5655e-12	2.0544e-11	4.5655e-12	1.826e-11	2.0544e-12	2.2828e-11	4.5655e-12	6.8483e-11	6.8483e-11	1.3693e-10	2.2828e-11	2.2828e-11	2.0544e-11	2.2828e-10	1.3693e-11	4.5655e-12	2.7395e-12
995.41	 	0.00010202	1.4314e-06	4.3537e-07	3.7552e-06	1.7109e-10	6.9783e-07	6.1546e-08	7.4442e-07	8.2611e-08	1.8405e-06	1.3602e-09	6.1824e-07	1.2454e-09	1.4779e-08	2.8149e-09	3.6824e-07	6.3311e-09	9.7877e-08	9.4068e-09	3.6573e-07	1.3153e-07	2.4407e-05	3.3939e-07	8.3722e-07	9.5145e-09	2.5945e-08	1.9138e-09	5.1798e-09	3.2926e-10	3.6437e-09	4.9734e-10	2.7221e-09	4.245e-10	1.4857e-09	3.0565e-10	8.0177e-10	6.632e-11	3.5022e-10	1.7028e-10	3.8739e-11	1.206e-10	4.0694e-11	1.4703e-10	1.9166e-11	4.31e-10	3.0417e-11	6.5608e-10	1.3113e-10	5.9179e-10	4.3865e-11	4.3878e-10	4.3882e-11	1.0976e-10	1.7553e-11	8.7775e-11	2.1944e-11	8.7775e-12	4.3888e-11	6.5831e-12	4.3888e-11	8.7775e-12	2.1944e-11	4.3888e-12	1.9749e-11	4.3888e-12	1.7553e-11	1.9749e-12	2.1944e-11	4.3888e-12	6.5831e-11	6.5831e-11	1.3163e-10	2.1944e-11	2.1944e-11	1.9749e-11	2.1944e-10	1.3163e-11	4.3888e-12	2.6334e-12
1009.24	 	9.9798e-05	1.3945e-06	4.2238e-07	3.6507e-06	1.6591e-10	6.7822e-07	5.9765e-08	7.2106e-07	7.983e-08	1.7764e-06	1.3112e-09	5.9447e-07	1.1988e-09	1.4224e-08	2.7062e-09	3.5485e-07	6.1767e-09	9.5347e-08	9.1732e-09	3.5682e-07	1.2826e-07	2.3804e-05	3.3128e-07	8.1685e-07	9.289e-09	2.5418e-08	1.8739e-09	5.0691e-09	3.2232e-10	3.5692e-09	4.8661e-10	2.6638e-09	4.1603e-10	1.4529e-09	2.9869e-10	7.8405e-10	6.4847e-11	3.4175e-10	1.6572e-10	3.7659e-11	1.1693e-10	3.9436e-11	1.4221e-10	1.8493e-11	4.1549e-10	2.9311e-11	6.3119e-10	1.2615e-10	5.6919e-10	4.217e-11	4.2183e-10	4.2186e-11	1.0551e-10	1.6874e-11	8.4377e-11	2.1094e-11	8.4377e-12	4.2188e-11	6.3283e-12	4.2188e-11	8.4377e-12	2.1094e-11	4.2188e-12	1.8984e-11	4.2188e-12	1.6874e-11	1.8984e-12	2.1094e-11	4.2188e-12	6.3283e-11	6.3283e-11	1.2653e-10	2.1094e-11	2.1094e-11	1.8984e-11	2.1094e-10	1.2653e-11	4.2188e-12	2.5315e-12
1023.27	 	9.7057e-05	1.3518e-06	4.091e-07	3.5391e-06	1.6097e-10	6.6226e-07	5.7905e-08	7e-07	7.7142e-08	1.7151e-06	1.2652e-09	5.7296e-07	1.1534e-09	1.3696e-08	2.6062e-09	3.4169e-07	6.024e-09	9.302e-08	8.9421e-09	3.4802e-07	1.25e-07	2.3252e-05	3.2292e-07	7.9694e-07	9.0838e-09	2.4843e-08	1.837e-09	4.9539e-09	3.155e-10	3.4933e-09	4.759e-10	2.6098e-09	4.074e-10	1.4222e-09	2.9217e-10	7.6691e-10	6.3286e-11	3.3324e-10	1.6121e-10	3.6575e-11	1.1326e-10	3.82e-11	1.3751e-10	1.7839e-11	4.0067e-10	2.8235e-11	6.0724e-10	1.2136e-10	5.4722e-10	4.0541e-11	4.0552e-10	4.0555e-11	1.0143e-10	1.622e-11	8.111e-11	2.0277e-11	8.111e-12	4.0555e-11	6.0832e-12	4.0555e-11	8.111e-12	2.0277e-11	4.0555e-12	1.8249e-11	4.0555e-12	1.622e-11	1.8249e-12	2.0277e-11	4.0555e-12	6.0832e-11	6.0832e-11	1.2163e-10	2.0277e-11	2.0277e-11	1.8249e-11	2.0277e-10	1.2163e-11	4.0555e-12	2.4335e-12
1037.49	 	9.5791e-05	1.3227e-06	3.9871e-07	3.4279e-06	1.5641e-10	6.4395e-07	5.5992e-08	6.7865e-07	7.4548e-08	1.6575e-06	1.2211e-09	5.5215e-07	1.1108e-09	1.3192e-08	2.5078e-09	3.2862e-07	5.8687e-09	9.0881e-08	8.7215e-09	3.4009e-07	1.2204e-07	2.2711e-05	3.1569e-07	7.7783e-07	8.9012e-09	2.4298e-08	1.7969e-09	4.847e-09	3.0902e-10	3.415e-09	4.6583e-10	2.5573e-09	3.982e-10	1.3905e-09	2.8602e-10	7.4987e-10	6.179e-11	3.2501e-10	1.5672e-10	3.5511e-11	1.0976e-10	3.6975e-11	1.3278e-10	1.7201e-11	3.8623e-10	2.7163e-11	5.841e-10	1.1674e-10	5.2607e-10	3.8974e-11	3.8984e-10	3.8985e-11	9.7502e-11	1.5592e-11	7.797e-11	1.9492e-11	7.797e-12	3.8985e-11	5.8477e-12	3.8985e-11	7.797e-12	1.9492e-11	3.8985e-12	1.7542e-11	3.8985e-12	1.5592e-11	1.7542e-12	1.9492e-11	3.8985e-12	5.8477e-11	5.8477e-11	1.1692e-10	1.9492e-11	1.9492e-11	1.7542e-11	1.9492e-10	1.1692e-11	3.8985e-12	2.3392e-12
1051.91	 	9.3501e-05	1.2846e-06	3.8732e-07	3.3168e-06	1.5187e-10	6.247e-07	5.446e-08	6.5803e-07	7.2014e-08	1.599e-06	1.1778e-09	5.3201e-07	1.0699e-09	1.2697e-08	2.4182e-09	3.1646e-07	5.7315e-09	8.8613e-08	8.5131e-09	3.3128e-07	1.1912e-07	2.2167e-05	3.0829e-07	7.6076e-07	8.7199e-09	2.3766e-08	1.7582e-09	4.744e-09	3.0217e-10	3.3425e-09	4.5584e-10	2.5053e-09	3.8981e-10	1.3604e-09	2.7969e-10	7.3189e-10	6.0343e-11	3.1691e-10	1.522e-10	3.4465e-11	1.0625e-10	3.5775e-11	1.2807e-10	1.658e-11	3.7215e-10	2.613e-11	5.6179e-10	1.1229e-10	5.0574e-10	3.7468e-11	3.7475e-10	3.7475e-11	9.3727e-11	1.4989e-11	7.4951e-11	1.8738e-11	7.4951e-12	3.7475e-11	5.6213e-12	3.7475e-11	7.4951e-12	1.8738e-11	3.7475e-12	1.6863e-11	3.7475e-12	1.4989e-11	1.6863e-12	1.8738e-11	3.7475e-12	5.6213e-11	5.6213e-11	1.124e-10	1.8738e-11	1.8738e-11	1.6863e-11	1.8738e-10	1.124e-11	3.7475e-12	2.2487e-12
1066.53	 	9.1097e-05	1.2468e-06	3.7449e-07	3.212e-06	1.4707e-10	6.0514e-07	5.3127e-08	6.3772e-07	6.9629e-08	1.5435e-06	1.1334e-09	5.1237e-07	1.0312e-09	1.2235e-08	2.3279e-09	3.0512e-07	5.5963e-09	8.6346e-08	8.3206e-09	3.2323e-07	1.1636e-07	2.1623e-05	3.0152e-07	7.4393e-07	8.5236e-09	2.3213e-08	1.7205e-09	4.6433e-09	2.9569e-10	3.2701e-09	4.4623e-10	2.4486e-09	3.8117e-10	1.3319e-09	2.7357e-10	7.147e-10	5.8858e-11	3.0834e-10	1.4779e-10	3.3394e-11	1.0285e-10	3.4617e-11	1.2351e-10	1.5988e-11	3.5834e-10	2.5134e-11	5.4012e-10	1.0799e-10	4.8621e-10	3.6021e-11	3.6024e-10	3.6024e-11	9.0098e-11	1.4408e-11	7.2049e-11	1.8012e-11	7.2049e-12	3.6024e-11	5.4037e-12	3.6024e-11	7.2049e-12	1.8012e-11	3.6024e-12	1.621e-11	3.6024e-12	1.4408e-11	1.621e-12	1.8012e-11	3.6024e-12	5.4037e-11	5.4037e-11	1.0804e-10	1.8012e-11	1.8012e-11	1.621e-11	1.8012e-10	1.0804e-11	3.6024e-12	2.1616e-12
1081.35	 	8.8803e-05	1.2121e-06	3.6237e-07	3.1215e-06	1.4231e-10	5.8672e-07	5.1486e-08	6.1725e-07	6.7298e-08	1.4874e-06	1.0915e-09	4.9387e-07	9.9272e-10	1.1778e-08	2.2401e-09	2.9359e-07	5.4564e-09	8.4287e-08	8.1124e-09	3.1537e-07	1.135e-07	2.11e-05	2.9428e-07	7.2691e-07	8.3366e-09	2.27e-08	1.6821e-09	4.5483e-09	2.8974e-10	3.2027e-09	4.3681e-10	2.3965e-09	3.7294e-10	1.3028e-09	2.6733e-10	6.9792e-10	5.7414e-11	3.0031e-10	1.4341e-10	3.2365e-11	9.9537e-11	3.3475e-11	1.1905e-10	1.5417e-11	3.4474e-10	2.4181e-11	5.1925e-10	1.0382e-10	4.6742e-10	3.4628e-11	3.463e-10	3.463e-11	8.661e-11	1.385e-11	6.9259e-11	1.7315e-11	6.9259e-12	3.463e-11	5.1945e-12	3.463e-11	6.9259e-12	1.7315e-11	3.463e-12	1.5583e-11	3.463e-12	1.385e-11	1.5583e-12	1.7315e-11	3.463e-12	5.1945e-11	5.1945e-11	1.0386e-10	1.7315e-11	1.7315e-11	1.5583e-11	1.7315e-10	1.0386e-11	3.463e-12	2.0779e-12
1096.38	 	8.6559e-05	1.1766e-06	3.5081e-07	3.0224e-06	1.3816e-10	5.6919e-07	4.9804e-08	5.9745e-07	6.5025e-08	1.4351e-06	1.0528e-09	4.755e-07	9.5566e-10	1.1368e-08	2.1587e-09	2.8299e-07	5.3194e-09	8.2302e-08	7.9108e-09	3.0759e-07	1.1064e-07	2.0598e-05	2.8767e-07	7.1008e-07	8.1544e-09	2.2255e-08	1.6448e-09	4.4516e-09	2.8353e-10	3.1353e-09	4.2796e-10	2.3446e-09	3.651e-10	1.2741e-09	2.61e-10	6.8075e-10	5.5973e-11	2.9224e-10	1.3895e-10	3.1354e-11	9.627e-11	3.2352e-11	1.1479e-10	1.4858e-11	3.3162e-10	2.3264e-11	4.9918e-10	9.9805e-11	4.4935e-10	3.3289e-11	3.3289e-10	3.3289e-11	8.3256e-11	1.3314e-11	6.6578e-11	1.6644e-11	6.6578e-12	3.3289e-11	4.9933e-12	3.3289e-11	6.6578e-12	1.6644e-11	3.3289e-12	1.4979e-11	3.3289e-12	1.3314e-11	1.4979e-12	1.6644e-11	3.3289e-12	4.9933e-11	4.9933e-11	9.9839e-11	1.6644e-11	1.6644e-11	1.4979e-11	1.6644e-10	9.9839e-12	3.3289e-12	1.9975e-12
1111.61	 	8.4212e-05	1.1415e-06	3.3949e-07	2.9249e-06	1.3373e-10	5.5547e-07	4.8229e-08	5.7789e-07	6.289e-08	1.3839e-06	1.0144e-09	4.5816e-07	9.213e-10	1.0951e-08	2.0786e-09	2.7235e-07	5.1956e-09	8.0281e-08	7.7199e-09	2.9985e-07	1.0796e-07	2.0102e-05	2.8067e-07	6.9332e-07	7.9642e-09	2.18e-08	1.6112e-09	4.3536e-09	2.7756e-10	3.0705e-09	4.1941e-10	2.2941e-09	3.5706e-10	1.2442e-09	2.5494e-10	6.6407e-10	5.4497e-11	2.8406e-10	1.3468e-10	3.0351e-11	9.3095e-11	3.121e-11	1.107e-10	1.4315e-11	3.1901e-10	2.2377e-11	4.799e-10	9.5948e-11	4.3198e-10	3.2e-11	3.2e-10	3.2e-11	8.0033e-11	1.2799e-11	6.4e-11	1.6e-11	6.4e-12	3.2e-11	4.8e-12	3.2e-11	6.4e-12	1.6e-11	3.2e-12	1.4399e-11	3.2e-12	1.2799e-11	1.4399e-12	1.6e-11	3.2e-12	4.8e-11	4.8e-11	9.5974e-11	1.6e-11	1.6e-11	1.4399e-11	1.6e-10	9.5974e-12	3.2e-12	1.9201e-12
1127.06	 	8.2931e-05	1.1145e-06	3.3008e-07	2.8373e-06	1.2966e-10	5.3866e-07	4.6758e-08	5.6001e-07	6.0628e-08	1.3363e-06	9.7737e-10	4.4192e-07	8.878e-10	1.0559e-08	2.0044e-09	2.6262e-07	5.0673e-09	7.8275e-08	7.5335e-09	2.9304e-07	1.0534e-07	1.9672e-05	2.7394e-07	6.7665e-07	7.786e-09	2.1382e-08	1.5771e-09	4.2658e-09	2.715e-10	3.0098e-09	4.11e-10	2.2456e-09	3.4941e-10	1.2148e-09	2.4889e-10	6.4747e-10	5.3078e-11	2.7616e-10	1.3046e-10	2.9368e-11	8.9852e-11	3.0107e-11	1.067e-10	1.3774e-11	3.0689e-10	2.1523e-11	4.6136e-10	9.2242e-11	4.1526e-10	3.0761e-11	3.0761e-10	3.0761e-11	7.6934e-11	1.2303e-11	6.1522e-11	1.5381e-11	6.1522e-12	3.0761e-11	4.6142e-12	3.0761e-11	6.1522e-12	1.5381e-11	3.0761e-12	1.3842e-11	3.0761e-12	1.2303e-11	1.3842e-12	1.5381e-11	3.0761e-12	4.6142e-11	4.6142e-11	9.2258e-11	1.5381e-11	1.5381e-11	1.3842e-11	1.5381e-10	9.2258e-12	3.0761e-12	1.8458e-12
1142.73	 	8.0967e-05	1.0828e-06	3.1932e-07	2.7402e-06	1.2523e-10	5.2145e-07	4.5334e-08	5.4249e-07	5.8521e-08	1.2885e-06	9.4186e-10	4.2569e-07	8.5588e-10	1.0171e-08	1.9305e-09	2.5278e-07	4.9549e-09	7.6541e-08	7.3533e-09	2.8617e-07	1.0281e-07	1.9211e-05	2.6774e-07	6.6096e-07	7.6355e-09	2.0915e-08	1.5444e-09	4.1787e-09	2.6589e-10	2.9491e-09	4.0179e-10	2.197e-09	3.4165e-10	1.1867e-09	2.4273e-10	6.3039e-10	5.1665e-11	2.6824e-10	1.2628e-10	2.8419e-11	8.6677e-11	2.9025e-11	1.0282e-10	1.325e-11	2.9524e-10	2.0692e-11	4.4352e-10	8.8678e-11	3.9918e-10	2.957e-11	2.957e-10	2.957e-11	7.3956e-11	1.1827e-11	5.914e-11	1.4785e-11	5.914e-12	2.957e-11	4.4355e-12	2.957e-11	5.914e-12	1.4785e-11	2.957e-12	1.3306e-11	2.957e-12	1.1827e-11	1.3306e-12	1.4785e-11	2.957e-12	4.4355e-11	4.4355e-11	8.8686e-11	1.4785e-11	1.4785e-11	1.3306e-11	1.4785e-10	8.8686e-12	2.957e-12	1.7743e-12
1158.61	 	7.8605e-05	1.0491e-06	3.0857e-07	2.6518e-06	1.2112e-10	5.0477e-07	4.3911e-08	5.2547e-07	5.6541e-08	1.2436e-06	9.0689e-10	4.0987e-07	8.2485e-10	9.7996e-09	1.8606e-09	2.4364e-07	4.8276e-09	7.4782e-08	7.1856e-09	2.7947e-07	1.0055e-07	1.8783e-05	2.6231e-07	6.4755e-07	7.482e-09	2.0467e-08	1.5127e-09	4.0911e-09	2.6026e-10	2.8849e-09	3.9329e-10	2.1498e-09	3.3358e-10	1.1579e-09	2.3683e-10	6.1396e-10	5.0266e-11	2.6043e-10	1.2221e-10	2.7484e-11	8.3583e-11	2.7982e-11	9.8963e-11	1.2746e-11	2.8397e-10	1.9893e-11	4.2638e-10	8.5249e-11	3.8372e-10	2.8425e-11	2.8425e-10	2.8425e-11	7.1092e-11	1.1369e-11	5.6851e-11	1.4213e-11	5.6851e-12	2.8425e-11	4.2638e-12	2.8425e-11	5.6851e-12	1.4213e-11	2.8425e-12	1.2791e-11	2.8425e-12	1.1369e-11	1.2791e-12	1.4213e-11	2.8425e-12	4.2638e-11	4.2638e-11	8.5252e-11	1.4213e-11	1.4213e-11	1.2791e-11	1.4213e-10	8.5252e-12	2.8425e-12	1.7056e-12
1174.71	 	7.6562e-05	1.0201e-06	2.9822e-07	2.5623e-06	1.1679e-10	4.893e-07	4.2465e-08	5.0811e-07	5.4577e-08	1.1987e-06	8.7383e-10	3.9472e-07	7.9452e-10	9.4421e-09	1.7929e-09	2.3455e-07	4.7085e-09	7.3033e-08	7.0211e-09	2.7287e-07	9.836e-08	1.8342e-05	2.5693e-07	6.3422e-07	7.3386e-09	2.0039e-08	1.4795e-09	4.0014e-09	2.5479e-10	2.8224e-09	3.8488e-10	2.1026e-09	3.2585e-10	1.1295e-09	2.3097e-10	5.9763e-10	4.8881e-11	2.5257e-10	1.1825e-10	2.6561e-11	8.057e-11	2.6984e-11	9.5208e-11	1.2262e-11	2.7311e-10	1.9124e-11	4.0987e-10	8.1952e-11	3.6887e-10	2.7325e-11	2.7325e-10	2.7325e-11	6.834e-11	1.0929e-11	5.4649e-11	1.3662e-11	5.4649e-12	2.7325e-11	4.0987e-12	2.7325e-11	5.4649e-12	1.3662e-11	2.7325e-12	1.2296e-11	2.7325e-12	1.0929e-11	1.2296e-12	1.3662e-11	2.7325e-12	4.0987e-11	4.0987e-11	8.1952e-11	1.3662e-11	1.3662e-11	1.2296e-11	1.3662e-10	8.1952e-12	2.7325e-12	1.6396e-12
1191.03	 	7.4628e-05	9.9097e-07	2.8847e-07	2.4858e-06	1.1309e-10	4.7526e-07	4.1024e-08	4.9115e-07	5.267e-08	1.1564e-06	8.4338e-10	3.8036e-07	7.6497e-10	9.1154e-09	1.7258e-09	2.2617e-07	4.5996e-09	7.1209e-08	6.8661e-09	2.6597e-07	9.6094e-08	1.7909e-05	2.5111e-07	6.2074e-07	7.1793e-09	1.9591e-08	1.4489e-09	3.9181e-09	2.4948e-10	2.7639e-09	3.7667e-10	2.053e-09	3.182e-10	1.1017e-09	2.2479e-10	5.8137e-10	4.7474e-11	2.447e-10	1.1436e-10	2.5623e-11	7.7698e-11	2.6016e-11	9.1582e-11	1.1797e-11	2.6256e-10	1.8385e-11	3.94e-10	7.8779e-11	3.5459e-10	2.6267e-11	2.6267e-10	2.6267e-11	6.5694e-11	1.0506e-11	5.2534e-11	1.3133e-11	5.2534e-12	2.6267e-11	3.94e-12	2.6267e-11	5.2534e-12	1.3133e-11	2.6267e-12	1.182e-11	2.6267e-12	1.0506e-11	1.182e-12	1.3133e-11	2.6267e-12	3.94e-11	3.94e-11	7.8779e-11	1.3133e-11	1.3133e-11	1.182e-11	1.3133e-10	7.8779e-12	2.6267e-12	1.5761e-12
1207.59	 	7.279e-05	9.6223e-07	2.796e-07	2.3987e-06	1.0947e-10	4.6065e-07	3.9624e-08	4.7487e-07	5.0724e-08	1.1168e-06	8.1236e-10	3.6619e-07	7.3857e-10	8.7777e-09	1.6642e-09	2.1779e-07	4.4931e-09	6.9471e-08	6.7078e-09	2.5966e-07	9.389e-08	1.7488e-05	2.4573e-07	6.073e-07	7.0247e-09	1.9175e-08	1.4203e-09	3.8353e-09	2.4458e-10	2.7035e-09	3.6881e-10	2.0056e-09	3.1035e-10	1.0732e-09	2.1898e-10	5.6544e-10	4.6112e-11	2.3718e-10	1.105e-10	2.4718e-11	7.4927e-11	2.5069e-11	8.8102e-11	1.1348e-11	2.5241e-10	1.7675e-11	3.7875e-10	7.5729e-11	3.4086e-10	2.525e-11	2.525e-10	2.525e-11	6.315e-11	1.0099e-11	5.05e-11	1.2625e-11	5.05e-12	2.525e-11	3.7875e-12	2.525e-11	5.05e-12	1.2625e-11	2.525e-12	1.1362e-11	2.525e-12	1.0099e-11	1.1362e-12	1.2625e-11	2.525e-12	3.7875e-11	3.7875e-11	7.5729e-11	1.2625e-11	1.2625e-11	1.1362e-11	1.2625e-10	7.5729e-12	2.525e-12	1.5151e-12
1224.37	 	7.0811e-05	9.3329e-07	2.7092e-07	2.3152e-06	1.0559e-10	4.4653e-07	3.8342e-08	4.5893e-07	4.8917e-08	1.0774e-06	7.8223e-10	3.5306e-07	7.1111e-10	8.4459e-09	1.605e-09	2.0957e-07	4.3866e-09	6.7891e-08	6.5435e-09	2.5357e-07	9.1686e-08	1.7067e-05	2.4039e-07	5.9403e-07	6.8753e-09	1.8778e-08	1.3908e-09	3.7565e-09	2.3985e-10	2.6462e-09	3.6086e-10	1.9588e-09	3.0289e-10	1.0452e-09	2.1315e-10	5.4916e-10	4.4742e-11	2.2962e-10	1.0659e-10	2.3831e-11	7.2211e-11	2.4143e-11	8.4762e-11	1.0915e-11	2.4266e-10	1.6992e-11	3.6408e-10	7.2797e-11	3.2766e-10	2.4272e-11	2.4272e-10	2.4272e-11	6.0705e-11	9.7079e-12	4.8544e-11	1.2136e-11	4.8544e-12	2.4272e-11	3.6408e-12	2.4272e-11	4.8544e-12	1.2136e-11	2.4272e-12	1.0922e-11	2.4272e-12	9.7079e-12	1.0922e-12	1.2136e-11	2.4272e-12	3.6408e-11	3.6408e-11	7.2797e-11	1.2136e-11	1.2136e-11	1.0922e-11	1.2136e-10	7.2797e-12	2.4272e-12	1.4564e-12
1241.38	 	6.8838e-05	9.0486e-07	2.6202e-07	2.235e-06	1.019e-10	4.3003e-07	3.7102e-08	4.4396e-07	4.723e-08	1.0387e-06	7.5323e-10	3.3999e-07	6.851e-10	8.1534e-09	1.5474e-09	2.0232e-07	4.2846e-09	6.6365e-08	6.3902e-09	2.479e-07	8.9471e-08	1.67e-05	2.3477e-07	5.8056e-07	6.7213e-09	1.8388e-08	1.3607e-09	3.6788e-09	2.3493e-10	2.5916e-09	3.5321e-10	1.9108e-09	2.954e-10	1.0178e-09	2.0724e-10	5.3334e-10	4.3349e-11	2.2229e-10	1.0282e-10	2.2975e-11	6.9577e-11	2.3227e-11	8.1538e-11	1.0494e-11	2.3328e-10	1.6335e-11	3.4999e-10	6.9978e-11	3.1497e-10	2.3332e-11	2.3332e-10	2.3332e-11	5.8355e-11	9.332e-12	4.6665e-11	1.1666e-11	4.6665e-12	2.3332e-11	3.4999e-12	2.3332e-11	4.6665e-12	1.1666e-11	2.3332e-12	1.0499e-11	2.3332e-12	9.332e-12	1.0499e-12	1.1666e-11	2.3332e-12	3.4999e-11	3.4999e-11	6.9978e-11	1.1666e-11	1.1666e-11	1.0499e-11	1.1666e-10	6.9978e-12	2.3332e-12	1.4e-12
1258.64	 	6.6472e-05	8.7426e-07	2.524e-07	2.1626e-06	9.8387e-11	4.1472e-07	3.5895e-08	4.2932e-07	4.5563e-08	1.0025e-06	7.2563e-10	3.2766e-07	6.5985e-10	7.8666e-09	1.4892e-09	1.9513e-07	4.1921e-09	6.4835e-08	6.246e-09	2.4233e-07	8.7432e-08	1.6353e-05	2.2956e-07	5.6696e-07	6.5833e-09	1.8021e-08	1.3325e-09	3.6056e-09	2.2986e-10	2.5359e-09	3.4548e-10	1.8648e-09	2.8757e-10	9.9058e-10	2.015e-10	5.1752e-10	4.2028e-11	2.1517e-10	9.9127e-11	2.2158e-11	6.6943e-11	2.2343e-11	7.8426e-11	1.0089e-11	2.2427e-10	1.5702e-11	3.3644e-10	6.7269e-11	3.0278e-10	2.2429e-11	2.2429e-10	2.2429e-11	5.6096e-11	8.9707e-12	4.4858e-11	1.1215e-11	4.4858e-12	2.2429e-11	3.3644e-12	2.2429e-11	4.4858e-12	1.1215e-11	2.2429e-12	1.0093e-11	2.2429e-12	8.9707e-12	1.0093e-12	1.1215e-11	2.2429e-12	3.3644e-11	3.3644e-11	6.7269e-11	1.1215e-11	1.1215e-11	1.0093e-11	1.1215e-10	6.7269e-12	2.2429e-12	1.3458e-12
1276.13	 	6.4219e-05	8.4504e-07	2.4365e-07	2.0858e-06	9.4984e-11	4.0127e-07	3.4607e-08	4.151e-07	4.4047e-08	9.6641e-07	6.9921e-10	3.1575e-07	6.364e-10	7.5885e-09	1.4354e-09	1.8801e-07	4.0999e-09	6.3439e-08	6.1143e-09	2.3721e-07	8.5658e-08	1.5995e-05	2.252e-07	5.5595e-07	6.4501e-09	1.7642e-08	1.3044e-09	3.5351e-09	2.252e-10	2.4817e-09	3.374e-10	1.8189e-09	2.8016e-10	9.6339e-10	1.9574e-10	5.0142e-10	4.0706e-11	2.0811e-10	9.5574e-11	2.1362e-11	6.4398e-11	2.1494e-11	7.5413e-11	9.6989e-12	2.156e-10	1.5094e-11	3.2341e-10	6.4664e-11	2.9106e-10	2.1561e-11	2.1561e-10	2.1561e-11	5.3924e-11	8.6234e-12	4.3121e-11	1.078e-11	4.3121e-12	2.1561e-11	3.2341e-12	2.1561e-11	4.3121e-12	1.078e-11	2.1561e-12	9.7019e-12	2.1561e-12	8.6234e-12	9.7019e-13	1.078e-11	2.1561e-12	3.2341e-11	3.2341e-11	6.4664e-11	1.078e-11	1.078e-11	9.7019e-12	1.078e-10	6.4664e-12	2.1561e-12	1.2937e-12
1293.86	0.00016649	6.2318e-05	8.1911e-07	2.3547e-07	2.0148e-06	9.1768e-11	3.9003e-07	3.3372e-08	4.0141e-07	4.2404e-08	9.3072e-07	6.7437e-10	3.0436e-07	6.1415e-10	7.3287e-09	1.3859e-09	1.8113e-07	4.0068e-09	6.2116e-08	5.9837e-09	2.3179e-07	8.3915e-08	1.5631e-05	2.2075e-07	5.4524e-07	6.3189e-09	1.7267e-08	1.2782e-09	3.4656e-09	2.2024e-10	2.4236e-09	3.2967e-10	1.7708e-09	2.7276e-10	9.3589e-10	1.9006e-10	4.8606e-10	3.9403e-11	2.0126e-10	9.2179e-11	2.0585e-11	6.1946e-11	2.0678e-11	7.2499e-11	9.3242e-12	2.0726e-10	1.451e-11	3.1089e-10	6.2161e-11	2.7979e-10	2.0726e-11	2.0726e-10	2.0726e-11	5.1836e-11	8.2895e-12	4.1452e-11	1.0363e-11	4.1452e-12	2.0726e-11	3.1089e-12	2.0726e-11	4.1452e-12	1.0363e-11	2.0726e-12	9.3262e-12	2.0726e-12	8.2895e-12	9.3262e-13	1.0363e-11	2.0726e-12	3.1089e-11	3.1089e-11	6.2161e-11	1.0363e-11	1.0363e-11	9.3262e-12	1.0363e-10	6.2161e-12	2.0726e-12	1.2436e-12
1311.84	0.0006574	6.065e-05	7.9547e-07	2.2826e-07	1.9468e-06	8.858e-11	3.7642e-07	3.2235e-08	3.8743e-07	4.0866e-08	8.9906e-07	6.4931e-10	2.9338e-07	5.9238e-10	7.0748e-09	1.3369e-09	1.7495e-07	3.9092e-09	6.0711e-08	5.8568e-09	2.2681e-07	8.211e-08	1.5281e-05	2.1643e-07	5.3488e-07	6.1936e-09	1.6929e-08	1.252e-09	3.3894e-09	2.1559e-10	2.3677e-09	3.22e-10	1.7253e-09	2.6522e-10	9.0917e-10	1.8431e-10	4.7073e-10	3.8146e-11	1.9419e-10	8.8858e-11	1.982e-11	5.9598e-11	1.9893e-11	6.9697e-11	8.964e-12	1.9923e-10	1.3948e-11	2.9885e-10	5.9754e-11	2.6895e-10	1.9923e-11	1.9923e-10	1.9923e-11	4.9829e-11	7.9686e-12	3.9847e-11	9.9617e-12	3.9847e-12	1.9923e-11	2.9885e-12	1.9923e-11	3.9847e-12	9.9617e-12	1.9923e-12	8.9651e-12	1.9923e-12	7.9686e-12	8.9651e-13	9.9617e-12	1.9923e-12	2.9885e-11	2.9885e-11	5.9754e-11	9.9617e-12	9.9617e-12	8.9651e-12	9.9617e-11	5.9754e-12	1.9923e-12	1.1955e-12
1330.07	0.00094388	5.858e-05	7.6711e-07	2.2045e-07	1.8781e-06	8.5588e-11	3.6294e-07	3.1096e-08	3.7385e-07	3.9384e-08	8.6709e-07	6.2544e-10	2.8308e-07	5.7172e-10	6.8268e-09	1.2901e-09	1.6857e-07	3.8232e-09	5.9387e-08	5.7297e-09	2.2144e-07	8.0361e-08	1.4932e-05	2.1172e-07	5.2362e-07	6.0623e-09	1.6584e-08	1.227e-09	3.3205e-09	2.1125e-10	2.3138e-09	3.1412e-10	1.6799e-09	2.5793e-10	8.8231e-10	1.7863e-10	4.5574e-10	3.6906e-11	1.8735e-10	8.5626e-11	1.9068e-11	5.7339e-11	1.9134e-11	6.7005e-11	8.6175e-12	1.9152e-10	1.3408e-11	2.8728e-10	5.744e-11	2.5854e-10	1.9152e-11	1.9152e-10	1.9152e-11	4.79e-11	7.66e-12	3.8304e-11	9.576e-12	3.8304e-12	1.9152e-11	2.8728e-12	1.9152e-11	3.8304e-12	9.576e-12	1.9152e-12	8.618e-12	1.9152e-12	7.66e-12	8.618e-13	9.576e-12	1.9152e-12	2.8728e-11	2.8728e-11	5.744e-11	9.576e-12	9.576e-12	8.618e-12	9.576e-11	5.744e-12	1.9152e-12	1.1492e-12
1348.56	0.0011094	5.658e-05	7.4032e-07	2.1288e-07	1.8115e-06	8.2433e-11	3.4997e-07	3.0075e-08	3.6192e-07	3.7994e-08	8.3739e-07	6.0327e-10	2.7263e-07	5.5163e-10	6.5958e-09	1.2435e-09	1.6287e-07	3.7376e-09	5.7973e-08	5.6079e-09	2.1632e-07	7.8611e-08	1.4576e-05	2.0725e-07	5.1251e-07	5.9348e-09	1.6239e-08	1.2035e-09	3.2494e-09	2.0675e-10	2.2581e-09	3.0664e-10	1.6336e-09	2.5059e-10	8.5496e-10	1.7315e-10	4.4121e-10	3.5696e-11	1.8065e-10	8.2421e-11	1.8342e-11	5.5154e-11	1.8401e-11	6.4417e-11	8.2844e-12	1.8411e-10	1.2889e-11	2.7616e-10	5.5217e-11	2.4853e-10	1.8411e-11	1.8411e-10	1.8411e-11	4.6045e-11	7.3635e-12	3.6821e-11	9.2053e-12	3.6821e-12	1.8411e-11	2.7616e-12	1.8411e-11	3.6821e-12	9.2053e-12	1.8411e-12	8.2844e-12	1.8411e-12	7.3635e-12	8.2844e-13	9.2053e-12	1.8411e-12	2.7616e-11	2.7616e-11	5.5217e-11	9.2053e-12	9.2053e-12	8.2844e-12	9.2053e-11	5.5217e-12	1.8411e-12	1.1047e-12
1367.3	0.0011916	5.459e-05	7.1489e-07	2.0563e-07	1.7484e-06	7.9506e-11	3.3789e-07	2.9038e-08	3.4897e-07	3.6612e-08	8.0868e-07	5.8161e-10	2.6296e-07	5.3173e-10	6.3633e-09	1.2016e-09	1.5677e-07	3.6587e-09	5.6723e-08	5.4812e-09	2.1168e-07	7.6809e-08	1.4267e-05	2.0274e-07	5.0157e-07	5.8166e-09	1.5895e-08	1.1798e-09	3.1815e-09	2.0232e-10	2.2039e-09	2.9914e-10	1.5888e-09	2.4337e-10	8.2901e-10	1.6767e-10	4.2684e-10	3.4466e-11	1.7417e-10	7.9295e-11	1.7645e-11	5.3049e-11	1.769e-11	6.1927e-11	7.9636e-12	1.7698e-10	1.239e-11	2.6547e-10	5.3079e-11	2.3891e-10	1.7698e-11	1.7698e-10	1.7698e-11	4.4262e-11	7.0784e-12	3.5395e-11	8.8489e-12	3.5395e-12	1.7698e-11	2.6547e-12	1.7698e-11	3.5395e-12	8.8489e-12	1.7698e-12	7.9636e-12	1.7698e-12	7.0784e-12	7.9636e-13	8.8489e-12	1.7698e-12	2.6547e-11	2.6547e-11	5.3079e-11	8.8489e-12	8.8489e-12	7.9636e-12	8.8489e-11	5.3079e-12	1.7698e-12	1.0619e-12
1386.3	0.0013151	5.2676e-05	6.902e-07	1.9795e-07	1.6888e-06	7.6644e-11	3.2705e-07	2.8038e-08	3.3658e-07	3.5319e-08	7.7962e-07	5.6104e-10	2.5358e-07	5.1333e-10	6.1395e-09	1.1597e-09	1.5113e-07	3.5787e-09	5.5556e-08	5.3582e-09	2.0762e-07	7.5092e-08	1.3984e-05	1.9823e-07	4.9045e-07	5.6945e-09	1.5576e-08	1.1543e-09	3.1169e-09	1.9781e-10	2.15e-09	2.9124e-10	1.5437e-09	2.3603e-10	8.0302e-10	1.6229e-10	4.1285e-10	3.3251e-11	1.6796e-10	7.6277e-11	1.6976e-11	5.1001e-11	1.7007e-11	5.9533e-11	7.6553e-12	1.7013e-10	1.191e-11	2.5519e-10	5.1024e-11	2.2966e-10	1.7013e-11	1.7013e-10	1.7013e-11	4.2549e-11	6.8043e-12	3.4025e-11	8.5063e-12	3.4025e-12	1.7013e-11	2.5519e-12	1.7013e-11	3.4025e-12	8.5063e-12	1.7013e-12	7.6553e-12	1.7013e-12	6.8043e-12	7.6553e-13	8.5063e-12	1.7013e-12	2.5519e-11	2.5519e-11	5.1024e-11	8.5063e-12	8.5063e-12	7.6553e-12	8.5063e-11	5.1024e-12	1.7013e-12	1.0208e-12
1405.57	0.0013995	5.1037e-05	6.674e-07	1.9116e-07	1.6342e-06	7.4298e-11	3.1596e-07	2.7022e-08	3.2467e-07	3.4005e-08	7.51e-07	5.4094e-10	2.4437e-07	4.9582e-10	5.9299e-09	1.1185e-09	1.4583e-07	3.5024e-09	5.4493e-08	5.2493e-09	2.0352e-07	7.3686e-08	1.3701e-05	1.9447e-07	4.8044e-07	5.5784e-09	1.5255e-08	1.1304e-09	3.0507e-09	1.9325e-10	2.0939e-09	2.8383e-10	1.4992e-09	2.2877e-10	7.7739e-10	1.571e-10	3.9847e-10	3.2068e-11	1.6196e-10	7.3379e-11	1.6331e-11	4.903e-11	1.635e-11	5.7228e-11	7.3589e-12	1.6354e-10	1.1449e-11	2.4531e-10	4.9048e-11	2.2077e-10	1.6354e-11	1.6354e-10	1.6354e-11	4.0901e-11	6.5409e-12	3.2708e-11	8.1769e-12	3.2708e-12	1.6354e-11	2.4531e-12	1.6354e-11	3.2708e-12	8.1769e-12	1.6354e-12	7.3589e-12	1.6354e-12	6.5409e-12	7.3589e-13	8.1769e-12	1.6354e-12	2.4531e-11	2.4531e-11	4.9048e-11	8.1769e-12	8.1769e-12	7.3589e-12	8.1769e-11	4.9048e-12	1.6354e-12	9.813e-13
1425.1	0.0014211	4.9276e-05	6.4373e-07	1.8472e-07	1.5732e-06	7.1624e-11	3.0518e-07	2.6148e-08	3.1313e-07	3.2797e-08	7.261e-07	5.214e-10	2.3559e-07	4.7836e-10	5.7281e-09	1.0788e-09	1.4088e-07	3.4278e-09	5.3333e-08	5.1512e-09	1.9902e-07	7.226e-08	1.3407e-05	1.9071e-07	4.7126e-07	5.4607e-09	1.4943e-08	1.107e-09	2.9868e-09	1.8887e-10	2.0404e-09	2.7633e-10	1.4541e-09	2.2177e-10	7.5268e-10	1.5196e-10	3.8445e-10	3.0916e-11	1.5608e-10	7.06e-11	1.5708e-11	4.7136e-11	1.5718e-11	5.5013e-11	7.074e-12	1.5721e-10	1.1006e-11	2.3581e-10	4.7149e-11	2.1222e-10	1.5721e-11	1.5721e-10	1.5721e-11	3.9318e-11	6.2876e-12	3.1441e-11	7.8603e-12	3.1441e-12	1.5721e-11	2.3581e-12	1.5721e-11	3.1441e-12	7.8603e-12	1.5721e-12	7.074e-12	1.5721e-12	6.2876e-12	7.074e-13	7.8603e-12	1.5721e-12	2.3581e-11	2.3581e-11	4.7149e-11	7.8603e-12	7.8603e-12	7.074e-12	7.8603e-11	4.7149e-12	1.5721e-12	9.433e-13
1444.91	0.0014842	4.7613e-05	6.2114e-07	1.7842e-07	1.5155e-06	6.896e-11	2.944e-07	2.5191e-08	3.0238e-07	3.1647e-08	6.9925e-07	5.0209e-10	2.269e-07	4.6079e-10	5.5339e-09	1.0413e-09	1.3604e-07	3.3572e-09	5.2213e-08	5.0527e-09	1.9495e-07	7.09e-08	1.3112e-05	1.8699e-07	4.6181e-07	5.3517e-09	1.4642e-08	1.084e-09	2.9208e-09	1.8438e-10	1.9871e-09	2.688e-10	1.4094e-09	2.1476e-10	7.2822e-10	1.4689e-10	3.7073e-10	2.9815e-11	1.5032e-10	6.7914e-11	1.5105e-11	4.5315e-11	1.5111e-11	5.2883e-11	6.8001e-12	1.5112e-10	1.058e-11	2.2668e-10	4.5324e-11	2.04e-10	1.5112e-11	1.5112e-10	1.5112e-11	3.7796e-11	6.0442e-12	3.0224e-11	7.556e-12	3.0224e-12	1.5112e-11	2.2668e-12	1.5112e-11	3.0224e-12	7.556e-12	1.5112e-12	6.8001e-12	1.5112e-12	6.0442e-12	6.8001e-13	7.556e-12	1.5112e-12	2.2668e-11	2.2668e-11	4.5324e-11	7.556e-12	7.556e-12	6.8001e-12	7.556e-11	4.5324e-12	1.5112e-12	9.0678e-13
1464.99	0.001619	4.577e-05	5.9811e-07	1.7166e-07	1.4622e-06	6.6463e-11	2.8336e-07	2.4369e-08	2.9212e-07	3.0468e-08	6.7358e-07	4.8498e-10	2.1893e-07	4.446e-10	5.3509e-09	1.0059e-09	1.3145e-07	3.2826e-09	5.109e-08	4.943e-09	1.9072e-07	6.9393e-08	1.2826e-05	1.832e-07	4.5286e-07	5.2428e-09	1.4364e-08	1.0622e-09	2.8545e-09	1.7999e-10	1.9328e-09	2.6136e-10	1.3663e-09	2.0788e-10	7.0445e-10	1.4172e-10	3.5745e-10	2.8755e-11	1.4462e-10	6.5323e-11	1.4521e-11	4.3564e-11	1.4527e-11	5.0835e-11	6.5368e-12	1.4527e-10	1.017e-11	2.179e-10	4.3569e-11	1.961e-10	1.4527e-11	1.4527e-10	1.4527e-11	3.6332e-11	5.8102e-12	2.9054e-11	7.2635e-12	2.9054e-12	1.4527e-11	2.179e-12	1.4527e-11	2.9054e-12	7.2635e-12	1.4527e-12	6.5368e-12	1.4527e-12	5.8102e-12	6.5368e-13	7.2635e-12	1.4527e-12	2.179e-11	2.179e-11	4.3569e-11	7.2635e-12	7.2635e-12	6.5368e-12	7.2635e-11	4.3569e-12	1.4527e-12	8.7167e-13
1485.35	0.0021816	4.4202e-05	5.7722e-07	1.655e-07	1.4109e-06	6.418e-11	2.7367e-07	2.3501e-08	2.8237e-07	2.935e-08	6.5008e-07	4.6726e-10	2.1126e-07	4.2973e-10	5.1761e-09	9.7122e-10	1.2711e-07	3.2129e-09	5.0008e-08	4.8413e-09	1.864e-07	6.7931e-08	1.2536e-05	1.7938e-07	4.435e-07	5.1346e-09	1.4094e-08	1.0397e-09	2.7897e-09	1.7568e-10	1.8801e-09	2.5393e-10	1.3232e-09	2.0125e-10	6.8007e-10	1.3673e-10	3.4471e-10	2.7713e-11	1.3912e-10	6.2809e-11	1.396e-11	4.188e-11	1.3964e-11	4.8867e-11	6.2837e-12	1.3964e-10	9.7763e-12	2.0947e-10	4.1882e-11	1.8851e-10	1.3964e-11	1.3964e-10	1.3964e-11	3.4925e-11	5.5852e-12	2.7929e-11	6.9822e-12	2.7929e-12	1.3964e-11	2.0947e-12	1.3964e-11	2.7929e-12	6.9822e-12	1.3964e-12	6.2837e-12	1.3964e-12	5.5852e-12	6.2837e-13	6.9822e-12	1.3964e-12	2.0947e-11	2.0947e-11	4.1882e-11	6.9822e-12	6.9822e-12	6.2837e-12	6.9822e-11	4.1882e-12	1.3964e-12	8.3793e-13
1505.99	0.002815	4.2897e-05	5.5915e-07	1.5969e-07	1.3618e-06	6.1984e-11	2.6508e-07	2.266e-08	2.7189e-07	2.8304e-08	6.2673e-07	4.5035e-10	2.0399e-07	4.1522e-10	5.0099e-09	9.3841e-10	1.2286e-07	3.1503e-09	4.8908e-08	4.7388e-09	1.826e-07	6.6477e-08	1.2279e-05	1.7563e-07	4.3418e-07	5.0324e-09	1.3809e-08	1.0183e-09	2.7244e-09	1.7121e-10	1.827e-09	2.4662e-10	1.2808e-09	1.9467e-10	6.5616e-10	1.3183e-10	3.3242e-10	2.67e-11	1.3383e-10	6.0382e-11	1.3421e-11	4.026e-11	1.3424e-11	4.6975e-11	6.0404e-12	1.3424e-10	9.3978e-12	2.0136e-10	4.026e-11	1.8121e-10	1.3424e-11	1.3424e-10	1.3424e-11	3.3573e-11	5.369e-12	2.6848e-11	6.7119e-12	2.6848e-12	1.3424e-11	2.0136e-12	1.3424e-11	2.6848e-12	6.7119e-12	1.3424e-12	6.0404e-12	1.3424e-12	5.369e-12	6.0404e-13	6.7119e-12	1.3424e-12	2.0136e-11	2.0136e-11	4.026e-11	6.7119e-12	6.7119e-12	6.0404e-12	6.7119e-11	4.026e-12	1.3424e-12	8.0548e-13
1526.92	0.0032205	4.1536e-05	5.401e-07	1.5438e-07	1.3124e-06	5.9895e-11	2.5587e-07	2.1853e-08	2.6187e-07	2.7265e-08	6.0461e-07	4.3426e-10	1.9681e-07	4.0152e-10	4.8426e-09	9.0806e-10	1.1852e-07	3.0907e-09	4.794e-08	4.6332e-09	1.7928e-07	6.5019e-08	1.2038e-05	1.7206e-07	4.256e-07	4.9373e-09	1.3521e-08	9.9607e-10	2.6597e-09	1.6685e-10	1.7747e-09	2.3911e-10	1.24e-09	1.8817e-10	6.3279e-10	1.2712e-10	3.2038e-10	2.5688e-11	1.2876e-10	5.8048e-11	1.2902e-11	3.8702e-11	1.2904e-11	4.5156e-11	5.8066e-12	1.2904e-10	9.0339e-12	1.9356e-10	3.8702e-11	1.742e-10	1.2904e-11	1.2904e-10	1.2904e-11	3.2273e-11	5.1611e-12	2.5808e-11	6.452e-12	2.5808e-12	1.2904e-11	1.9356e-12	1.2904e-11	2.5808e-12	6.452e-12	1.2904e-12	5.8066e-12	1.2904e-12	5.1611e-12	5.8066e-13	6.452e-12	1.2904e-12	1.9356e-11	1.9356e-11	3.8702e-11	6.452e-12	6.452e-12	5.8066e-12	6.452e-11	3.8702e-12	1.2904e-12	7.743e-13
1548.14	0.0036977	4.0085e-05	5.2097e-07	1.4906e-07	1.2658e-06	5.7787e-11	2.4652e-07	2.1105e-08	2.5277e-07	2.6277e-08	5.8422e-07	4.1892e-10	1.9002e-07	3.8817e-10	4.6776e-09	8.7811e-10	1.1442e-07	3.0277e-09	4.7051e-08	4.5414e-09	1.7593e-07	6.3794e-08	1.1794e-05	1.6862e-07	4.1673e-07	4.8455e-09	1.3254e-08	9.7345e-10	2.5964e-09	1.6253e-10	1.7214e-09	2.3187e-10	1.1995e-09	1.8155e-10	6.1013e-10	1.2261e-10	3.0857e-10	2.4712e-11	1.2387e-10	5.5806e-11	1.2404e-11	3.7203e-11	1.2404e-11	4.3408e-11	5.5818e-12	1.2404e-10	8.6841e-12	1.8607e-10	3.7203e-11	1.6745e-10	1.2404e-11	1.2404e-10	1.2404e-11	3.1024e-11	4.9613e-12	2.4809e-11	6.2022e-12	2.4809e-12	1.2404e-11	1.8607e-12	1.2404e-11	2.4809e-12	6.2022e-12	1.2404e-12	5.5818e-12	1.2404e-12	4.9613e-12	5.5818e-13	6.2022e-12	1.2404e-12	1.8607e-11	1.8607e-11	3.7203e-11	6.2022e-12	6.2022e-12	5.5818e-12	6.2022e-11	3.7203e-12	1.2404e-12	7.4432e-13
1569.65	0.0040411	3.87e-05	5.0199e-07	1.4382e-07	1.2213e-06	5.583e-11	2.3778e-07	2.0381e-08	2.4376e-07	2.5345e-08	5.6363e-07	4.0471e-10	1.8326e-07	3.7516e-10	4.533e-09	8.4885e-10	1.1071e-07	2.9643e-09	4.6187e-08	4.4568e-09	1.724e-07	6.2578e-08	1.1554e-05	1.6521e-07	4.0844e-07	4.7464e-09	1.2972e-08	9.5165e-10	2.5318e-09	1.5822e-10	1.6688e-09	2.2472e-10	1.1594e-09	1.7515e-10	5.884e-10	1.182e-10	2.9688e-10	2.3772e-11	1.1914e-10	5.365e-11	1.1924e-11	3.5763e-11	1.1924e-11	4.1727e-11	5.3656e-12	1.1924e-10	8.3479e-12	1.7886e-10	3.5763e-11	1.6097e-10	1.1924e-11	1.1924e-10	1.1924e-11	2.9823e-11	4.7692e-12	2.3848e-11	5.9621e-12	2.3848e-12	1.1924e-11	1.7886e-12	1.1924e-11	2.3848e-12	5.9621e-12	1.1924e-12	5.3656e-12	1.1924e-12	4.7692e-12	5.3656e-13	5.9621e-12	1.1924e-12	1.7886e-11	1.7886e-11	3.5763e-11	5.9621e-12	5.9621e-12	5.3656e-12	5.9621e-11	3.5763e-12	1.1924e-12	7.155e-13
1591.47	0.0045233	3.7433e-05	4.8505e-07	1.3873e-07	1.1784e-06	5.3694e-11	2.2921e-07	1.9715e-08	2.353e-07	2.4412e-08	5.4356e-07	3.9053e-10	1.7695e-07	3.6268e-10	4.3868e-09	8.1922e-10	1.0712e-07	2.9012e-09	4.5231e-08	4.3725e-09	1.688e-07	6.1377e-08	1.1314e-05	1.619e-07	4.0002e-07	4.6492e-09	1.2706e-08	9.2958e-10	2.4668e-09	1.5396e-10	1.6179e-09	2.176e-10	1.1186e-09	1.6888e-10	5.6744e-10	1.1392e-10	2.8559e-10	2.2871e-11	1.1457e-10	5.1576e-11	1.1463e-11	3.4378e-11	1.1463e-11	4.0112e-11	5.1579e-12	1.1463e-10	8.0247e-12	1.7194e-10	3.4378e-11	1.5474e-10	1.1463e-11	1.1463e-10	1.1463e-11	2.8668e-11	4.5845e-12	2.2925e-11	5.7313e-12	2.2925e-12	1.1463e-11	1.7194e-12	1.1463e-11	2.2925e-12	5.7313e-12	1.1463e-12	5.1579e-12	1.1463e-12	4.5845e-12	5.1579e-13	5.7313e-12	1.1463e-12	1.7194e-11	1.7194e-11	3.4378e-11	5.7313e-12	5.7313e-12	5.1579e-12	5.7313e-11	3.4378e-12	1.1463e-12	6.878e-13
1613.59	0.0049403	3.6169e-05	4.6856e-07	1.338e-07	1.1369e-06	5.1818e-11	2.2163e-07	1.8967e-08	2.2688e-07	2.3538e-08	5.2336e-07	3.7706e-10	1.7099e-07	3.5072e-10	4.2452e-09	7.9309e-10	1.0354e-07	2.8407e-09	4.4306e-08	4.2871e-09	1.6534e-07	6.0154e-08	1.1068e-05	1.5866e-07	3.9215e-07	4.5581e-09	1.2455e-08	9.0761e-10	2.4038e-09	1.4961e-10	1.567e-09	2.1069e-10	1.0791e-09	1.6286e-10	5.469e-10	1.0964e-10	2.7474e-10	2.2003e-11	1.1014e-10	4.9582e-11	1.1019e-11	3.3047e-11	1.1019e-11	3.8559e-11	4.9582e-12	1.1019e-10	7.714e-12	1.6528e-10	3.3047e-11	1.4875e-10	1.1019e-11	1.1019e-10	1.1019e-11	2.7558e-11	4.407e-12	2.2037e-11	5.5094e-12	2.2037e-12	1.1019e-11	1.6528e-12	1.1019e-11	2.2037e-12	5.5094e-12	1.1019e-12	4.9582e-12	1.1019e-12	4.407e-12	4.9582e-13	5.5094e-12	1.1019e-12	1.6528e-11	1.6528e-11	3.3047e-11	5.5094e-12	5.5094e-12	4.9582e-12	5.5094e-11	3.3047e-12	1.1019e-12	6.6117e-13
1636.01	0.0052244	3.5066e-05	4.5333e-07	1.2903e-07	1.097e-06	5.0088e-11	2.1413e-07	1.8288e-08	2.1852e-07	2.2714e-08	5.0528e-07	3.6391e-10	1.6503e-07	3.3904e-10	4.1019e-09	7.6726e-10	1.0011e-07	2.7808e-09	4.339e-08	4.1981e-09	1.6181e-07	5.8918e-08	1.0837e-05	1.5552e-07	3.843e-07	4.4653e-09	1.2197e-08	8.8612e-10	2.3407e-09	1.4535e-10	1.5169e-09	2.0393e-10	1.0405e-09	1.5709e-10	5.2676e-10	1.0547e-10	2.6433e-10	2.1165e-11	1.0589e-10	4.7662e-11	1.0592e-11	3.1768e-11	1.0592e-11	3.7066e-11	4.7662e-12	1.0592e-10	7.4153e-12	1.5888e-10	3.1768e-11	1.4299e-10	1.0592e-11	1.0592e-10	1.0592e-11	2.6491e-11	4.2364e-12	2.1184e-11	5.2961e-12	2.1184e-12	1.0592e-11	1.5888e-12	1.0592e-11	2.1184e-12	5.2961e-12	1.0592e-12	4.7662e-12	1.0592e-12	4.2364e-12	4.7662e-13	5.2961e-12	1.0592e-12	1.5888e-11	1.5888e-11	3.1768e-11	5.2961e-12	5.2961e-12	4.7662e-12	5.2961e-11	3.1768e-12	1.0592e-12	6.3557e-13
1658.75	0.0055439	3.396e-05	4.3791e-07	1.2451e-07	1.0598e-06	4.8358e-11	2.0695e-07	1.7643e-08	2.1084e-07	2.1905e-08	4.8775e-07	3.5106e-10	1.5904e-07	3.2792e-10	3.9654e-09	7.4269e-10	9.6877e-08	2.7268e-09	4.2449e-08	4.1155e-09	1.585e-07	5.7707e-08	1.0615e-05	1.5235e-07	3.7641e-07	4.3775e-09	1.1945e-08	8.6424e-10	2.2776e-09	1.4108e-10	1.4684e-09	1.9727e-10	1.0035e-09	1.5145e-10	5.0681e-10	1.0146e-10	2.5429e-10	2.0354e-11	1.018e-10	4.5817e-11	1.0182e-11	3.0538e-11	1.0182e-11	3.5631e-11	4.5817e-12	1.0182e-10	7.1282e-12	1.5273e-10	3.0538e-11	1.3745e-10	1.0182e-11	1.0182e-10	1.0182e-11	2.5465e-11	4.0724e-12	2.0364e-11	5.091e-12	2.0364e-12	1.0182e-11	1.5273e-12	1.0182e-11	2.0364e-12	5.091e-12	1.0182e-12	4.5817e-12	1.0182e-12	4.0724e-12	4.5817e-13	5.091e-12	1.0182e-12	1.5273e-11	1.5273e-11	3.0538e-11	5.091e-12	5.091e-12	4.5817e-12	5.091e-11	3.0538e-12	1.0182e-12	6.1096e-13
1681.8	0.0056847	3.2922e-05	4.2364e-07	1.2051e-07	1.0213e-06	4.6565e-11	1.9947e-07	1.7025e-08	2.0327e-07	2.1136e-08	4.7123e-07	3.3924e-10	1.5352e-07	3.1671e-10	3.836e-09	7.1767e-10	9.3699e-08	2.6757e-09	4.1603e-08	4.0301e-09	1.5557e-07	5.6556e-08	1.04e-05	1.4941e-07	3.691e-07	4.2946e-09	1.1674e-08	8.4213e-10	2.2134e-09	1.3674e-10	1.4206e-09	1.9056e-10	9.6796e-10	1.4595e-10	4.8754e-10	9.7618e-11	2.4459e-10	1.9568e-11	9.7866e-11	4.4043e-11	9.7878e-12	2.9355e-11	9.7878e-12	3.4251e-11	4.4043e-12	9.7878e-11	6.8523e-12	1.4682e-10	2.9355e-11	1.3213e-10	9.7878e-12	9.7878e-11	9.7878e-12	2.448e-11	3.9147e-12	1.9576e-11	4.8939e-12	1.9576e-12	9.7878e-12	1.4682e-12	9.7878e-12	1.9576e-12	4.8939e-12	9.7878e-13	4.4043e-12	9.7878e-13	3.9147e-12	4.4043e-13	4.8939e-12	9.7878e-13	1.4682e-11	1.4682e-11	2.9355e-11	4.8939e-12	4.8939e-12	4.4043e-12	4.8939e-11	2.9355e-12	9.7878e-13	5.8731e-13
1705.17	0.0058831	3.1722e-05	4.0827e-07	1.1615e-07	9.8593e-07	4.4847e-11	1.9219e-07	1.641e-08	1.9591e-07	2.0362e-08	4.5421e-07	3.2767e-10	1.4843e-07	3.061e-10	3.713e-09	6.9396e-10	9.063e-08	2.6274e-09	4.0824e-08	3.9463e-09	1.5251e-07	5.5448e-08	1.0179e-05	1.4654e-07	3.6218e-07	4.2132e-09	1.1416e-08	8.2074e-10	2.151e-09	1.3261e-10	1.373e-09	1.8387e-10	9.3312e-10	1.4044e-10	4.6902e-10	9.3921e-11	2.3521e-10	1.8811e-11	9.4083e-11	4.2338e-11	9.4088e-12	2.8219e-11	9.4088e-12	3.2925e-11	4.2338e-12	9.4088e-11	6.587e-12	1.4113e-10	2.8219e-11	1.2701e-10	9.4088e-12	9.4088e-11	9.4088e-12	2.3532e-11	3.7631e-12	1.8818e-11	4.7044e-12	1.8818e-12	9.4088e-12	1.4113e-12	9.4088e-12	1.8818e-12	4.7044e-12	9.4088e-13	4.2338e-12	9.4088e-13	3.7631e-12	4.2338e-13	4.7044e-12	9.4088e-13	1.4113e-11	1.4113e-11	2.8219e-11	4.7044e-12	4.7044e-12	4.2338e-12	4.7044e-11	2.8219e-12	9.4088e-13	5.6457e-13
1728.87	0.0059735	3.0607e-05	3.9391e-07	1.1177e-07	9.5215e-07	4.3177e-11	1.8499e-07	1.5824e-08	1.8883e-07	1.9637e-08	4.3776e-07	3.1605e-10	1.4346e-07	2.9603e-10	3.595e-09	6.7138e-10	8.7669e-08	2.5759e-09	4.0029e-08	3.8701e-09	1.4965e-07	5.4328e-08	9.9636e-06	1.4372e-07	3.5548e-07	4.1291e-09	1.116e-08	7.9927e-10	2.0882e-09	1.2845e-10	1.3248e-09	1.7735e-10	8.9921e-10	1.3511e-10	4.5125e-10	9.0345e-11	2.2612e-10	1.8085e-11	9.0445e-11	4.0699e-11	9.0445e-12	2.7126e-11	9.0445e-12	3.165e-11	4.0699e-12	9.0445e-11	6.3319e-12	1.3567e-10	2.7126e-11	1.221e-10	9.0445e-12	9.0445e-11	9.0445e-12	2.2621e-11	3.6174e-12	1.8089e-11	4.5223e-12	1.8089e-12	9.0445e-12	1.3567e-12	9.0445e-12	1.8089e-12	4.5223e-12	9.0445e-13	4.0699e-12	9.0445e-13	3.6174e-12	4.0699e-13	4.5223e-12	9.0445e-13	1.3567e-11	1.3567e-11	2.7126e-11	4.5223e-12	4.5223e-12	4.0699e-12	4.5223e-11	2.7126e-12	9.0445e-13	5.4271e-13
1752.9	0.0059068	2.9532e-05	3.7999e-07	1.077e-07	9.1774e-07	4.1689e-11	1.7922e-07	1.5239e-08	1.8227e-07	1.8915e-08	4.227e-07	3.0452e-10	1.3882e-07	2.8651e-10	3.4818e-09	6.4986e-10	8.4909e-08	2.5247e-09	3.9272e-08	3.7931e-09	1.4663e-07	5.3263e-08	9.753e-06	1.4078e-07	3.4825e-07	4.0404e-09	1.0895e-08	7.7784e-10	2.024e-09	1.2437e-10	1.2779e-09	1.71e-10	8.6524e-10	1.2997e-10	4.3412e-10	8.6897e-11	2.1738e-10	1.7386e-11	8.6944e-11	3.9123e-11	8.6944e-12	2.6076e-11	8.6944e-12	3.0425e-11	3.9123e-12	8.6944e-11	6.0868e-12	1.3042e-10	2.6076e-11	1.1737e-10	8.6944e-12	8.6944e-11	8.6944e-12	2.1745e-11	3.4774e-12	1.7389e-11	4.3472e-12	1.7389e-12	8.6944e-12	1.3042e-12	8.6944e-12	1.7389e-12	4.3472e-12	8.6944e-13	3.9123e-12	8.6944e-13	3.4774e-12	3.9123e-13	4.3472e-12	8.6944e-13	1.3042e-11	1.3042e-11	2.6076e-11	4.3472e-12	4.3472e-12	3.9123e-12	4.3472e-11	2.6076e-12	8.6944e-13	5.217e-13
1777.26	0.0059321	2.8689e-05	3.6833e-07	1.0405e-07	8.8408e-07	4.0212e-11	1.7291e-07	1.4694e-08	1.7559e-07	1.8246e-08	4.0792e-07	2.9464e-10	1.3429e-07	2.7758e-10	3.3788e-09	6.288e-10	8.2388e-08	2.473e-09	3.8468e-08	3.7217e-09	1.4365e-07	5.2221e-08	9.5453e-06	1.3812e-07	3.4124e-07	3.9568e-09	1.0643e-08	7.5598e-10	1.963e-09	1.2043e-10	1.2321e-09	1.6492e-10	8.3239e-10	1.2505e-10	4.1756e-10	8.3542e-11	2.0898e-10	1.6714e-11	8.3577e-11	3.7608e-11	8.3577e-12	2.5066e-11	8.3577e-12	2.9247e-11	3.7608e-12	8.3577e-11	5.8511e-12	1.2537e-10	2.5066e-11	1.1282e-10	8.3577e-12	8.3577e-11	8.3577e-12	2.0903e-11	3.3428e-12	1.6715e-11	4.1789e-12	1.6715e-12	8.3577e-12	1.2537e-12	8.3577e-12	1.6715e-12	4.1789e-12	8.3577e-13	3.7608e-12	8.3577e-13	3.3428e-12	3.7608e-13	4.1789e-12	8.3577e-13	1.2537e-11	1.2537e-11	2.5066e-11	4.1789e-12	4.1789e-12	3.7608e-12	4.1789e-11	2.5066e-12	8.3577e-13	5.015e-13
1801.96	0.0059006	2.763e-05	3.5477e-07	1.0033e-07	8.5289e-07	3.8781e-11	1.6652e-07	1.4192e-08	1.6933e-07	1.761e-08	3.947e-07	2.8476e-10	1.2974e-07	2.6834e-10	3.2754e-09	6.088e-10	7.9804e-08	2.4203e-09	3.775e-08	3.6475e-09	1.4089e-07	5.1183e-08	9.3496e-06	1.3532e-07	3.3464e-07	3.8724e-09	1.039e-08	7.3466e-10	1.9015e-09	1.1652e-10	1.1885e-09	1.5907e-10	8.0074e-10	1.2031e-10	4.0152e-10	8.0313e-11	2.0091e-10	1.6068e-11	8.0342e-11	3.6152e-11	8.0342e-12	2.4096e-11	8.0342e-12	2.8115e-11	3.6152e-12	8.0342e-11	5.6246e-12	1.2051e-10	2.4096e-11	1.0846e-10	8.0342e-12	8.0342e-11	8.0342e-12	2.0094e-11	3.2133e-12	1.6068e-11	4.0171e-12	1.6068e-12	8.0342e-12	1.2051e-12	8.0342e-12	1.6068e-12	4.0171e-12	8.0342e-13	3.6152e-12	8.0342e-13	3.2133e-12	3.6152e-13	4.0171e-12	8.0342e-13	1.2051e-11	1.2051e-11	2.4096e-11	4.0171e-12	4.0171e-12	3.6152e-12	4.0171e-11	2.4096e-12	8.0342e-13	4.8208e-13
1827	0.005792	2.659e-05	3.4169e-07	9.6569e-08	8.2239e-07	3.7324e-11	1.6031e-07	1.3684e-08	1.6315e-07	1.6951e-08	3.811e-07	2.7536e-10	1.2557e-07	2.5981e-10	3.1691e-09	5.9054e-10	7.7162e-08	2.3714e-09	3.701e-08	3.5749e-09	1.3803e-07	5.0157e-08	9.1642e-06	1.327e-07	3.2813e-07	3.7881e-09	1.0121e-08	7.1324e-10	1.8415e-09	1.1264e-10	1.1463e-09	1.5332e-10	7.7041e-10	1.1573e-10	3.8601e-10	7.7211e-11	1.9315e-10	1.5446e-11	7.7231e-11	3.4752e-11	7.7231e-12	2.3163e-11	7.7231e-12	2.7026e-11	3.4752e-12	7.7231e-11	5.4068e-12	1.1585e-10	2.3163e-11	1.0426e-10	7.7231e-12	7.7231e-11	7.7231e-12	1.9316e-11	3.0889e-12	1.5446e-11	3.8615e-12	1.5446e-12	7.7231e-12	1.1585e-12	7.7231e-12	1.5446e-12	3.8615e-12	7.7231e-13	3.4752e-12	7.7231e-13	3.0889e-12	3.4752e-13	3.8615e-12	7.7231e-13	1.1585e-11	1.1585e-11	2.3163e-11	3.8615e-12	3.8615e-12	3.4752e-12	3.8615e-11	2.3163e-12	7.7231e-13	4.6342e-13
1852.39	0.0058313	2.5582e-05	3.2913e-07	9.3219e-08	7.9176e-07	3.5947e-11	1.5482e-07	1.3186e-08	1.5739e-07	1.634e-08	3.6872e-07	2.664e-10	1.2145e-07	2.5192e-10	3.0665e-09	5.7266e-10	7.4654e-08	2.327e-09	3.624e-08	3.509e-09	1.3535e-07	4.9212e-08	8.9771e-06	1.3031e-07	3.2203e-07	3.707e-09	9.8698e-09	6.9141e-10	1.7833e-09	1.0869e-10	1.105e-09	1.4768e-10	7.4122e-10	1.1131e-10	3.7109e-10	7.4229e-11	1.8568e-10	1.4848e-11	7.4241e-11	3.3407e-11	7.4241e-12	2.2266e-11	7.4241e-12	2.598e-11	3.3407e-12	7.4241e-11	5.1975e-12	1.1136e-10	2.2266e-11	1.0022e-10	7.4241e-12	7.4241e-11	7.4241e-12	1.8568e-11	2.9693e-12	1.4848e-11	3.712e-12	1.4848e-12	7.4241e-12	1.1136e-12	7.4241e-12	1.4848e-12	3.712e-12	7.4241e-13	3.3407e-12	7.4241e-13	2.9693e-12	3.3407e-13	3.712e-12	7.4241e-13	1.1136e-11	1.1136e-11	2.2266e-11	3.712e-12	3.712e-12	3.3407e-12	3.712e-11	2.2266e-12	7.4241e-13	4.4548e-13
1878.13	0.005766	2.4738e-05	3.1819e-07	8.9994e-08	7.6256e-07	3.4629e-11	1.4915e-07	1.2683e-08	1.52e-07	1.5762e-08	3.5608e-07	2.579e-10	1.1748e-07	2.4411e-10	2.9629e-09	5.5416e-10	7.2163e-08	2.2817e-09	3.5528e-08	3.4402e-09	1.3266e-07	4.8294e-08	8.7909e-06	1.2794e-07	3.1597e-07	3.6246e-09	9.6134e-09	6.7061e-10	1.7254e-09	1.0486e-10	1.0646e-09	1.4209e-10	7.1297e-10	1.0701e-10	3.5676e-10	7.136e-11	1.7849e-10	1.4273e-11	7.1366e-11	3.2113e-11	7.1366e-12	2.1404e-11	7.1366e-12	2.4974e-11	3.2113e-12	7.1366e-11	4.9962e-12	1.0705e-10	2.1404e-11	9.634e-11	7.1366e-12	7.1366e-11	7.1366e-12	1.7849e-11	2.8544e-12	1.4273e-11	3.5683e-12	1.4273e-12	7.1366e-12	1.0705e-12	7.1366e-12	1.4273e-12	3.5683e-12	7.1366e-13	3.2113e-12	7.1366e-13	2.8544e-12	3.2113e-13	3.5683e-12	7.1366e-13	1.0705e-11	1.0705e-11	2.1404e-11	3.5683e-12	3.5683e-12	3.2113e-12	3.5683e-11	2.1404e-12	7.1366e-13	4.2823e-13
1904.23	0.0056513	2.3863e-05	3.0733e-07	8.6801e-08	7.3663e-07	3.3426e-11	1.4396e-07	1.2231e-08	1.4665e-07	1.5217e-08	3.442e-07	2.4924e-10	1.136e-07	2.3605e-10	2.8676e-09	5.3625e-10	6.9821e-08	2.2393e-09	3.4826e-08	3.3731e-09	1.3009e-07	4.7369e-08	8.6106e-06	1.2557e-07	3.1027e-07	3.5388e-09	9.3569e-09	6.4965e-10	1.6681e-09	1.0111e-10	1.0243e-09	1.3669e-10	6.8569e-10	1.0287e-10	3.4298e-10	6.8602e-11	1.7158e-10	1.3721e-11	6.8603e-11	3.087e-11	6.8603e-12	2.0575e-11	6.8603e-12	2.4007e-11	3.087e-12	6.8603e-11	4.8028e-12	1.029e-10	2.0575e-11	9.261e-11	6.8603e-12	6.8603e-11	6.8603e-12	1.7158e-11	2.7438e-12	1.3721e-11	3.4302e-12	1.3721e-12	6.8603e-12	1.029e-12	6.8603e-12	1.3721e-12	3.4302e-12	6.8603e-13	3.087e-12	6.8603e-13	2.7438e-12	3.087e-13	3.4302e-12	6.8603e-13	1.029e-11	1.029e-11	2.0575e-11	3.4302e-12	3.4302e-12	3.087e-12	3.4302e-11	2.0575e-12	6.8603e-13	4.1165e-13
1930.7	0.0056825	2.3043e-05	2.9675e-07	8.3854e-08	7.1024e-07	3.2305e-11	1.3862e-07	1.1805e-08	1.4151e-07	1.4679e-08	3.3272e-07	2.4108e-10	1.0978e-07	2.2824e-10	2.7771e-09	5.1826e-10	6.7653e-08	2.1942e-09	3.4171e-08	3.3061e-09	1.2759e-07	4.6429e-08	8.4258e-06	1.23e-07	3.0404e-07	3.4558e-09	9.0985e-09	6.2909e-10	1.6097e-09	9.7533e-11	9.8539e-10	1.315e-10	6.592e-10	9.8896e-11	3.2972e-10	6.5947e-11	1.6494e-10	1.3189e-11	6.5947e-11	2.9675e-11	6.5947e-12	1.9779e-11	6.5947e-12	2.3077e-11	2.9675e-12	6.5947e-11	4.6168e-12	9.8921e-11	1.9779e-11	8.9025e-11	6.5947e-12	6.5947e-11	6.5947e-12	1.6494e-11	2.6376e-12	1.3189e-11	3.2974e-12	1.3189e-12	6.5947e-12	9.8921e-13	6.5947e-12	1.3189e-12	3.2974e-12	6.5947e-13	2.9675e-12	6.5947e-13	2.6376e-12	2.9675e-13	3.2974e-12	6.5947e-13	9.8921e-12	9.8921e-12	1.9779e-11	3.2974e-12	3.2974e-12	2.9675e-12	3.2974e-11	1.9779e-12	6.5947e-13	3.9571e-13
1957.53	0.0056493	2.2162e-05	2.8595e-07	8.0843e-08	6.8443e-07	3.1162e-11	1.3382e-07	1.1384e-08	1.3646e-07	1.4169e-08	3.2157e-07	2.3332e-10	1.0622e-07	2.2082e-10	2.6888e-09	5.0149e-10	6.555e-08	2.1549e-09	3.3507e-08	3.2423e-09	1.2509e-07	4.5549e-08	8.2473e-06	1.2057e-07	2.9793e-07	3.3729e-09	8.8451e-09	6.0919e-10	1.553e-09	9.4081e-11	9.4798e-10	1.2652e-10	6.3373e-10	9.5077e-11	3.1697e-10	6.3394e-11	1.5855e-10	1.2679e-11	6.3394e-11	2.8526e-11	6.3394e-12	1.9013e-11	6.3394e-12	2.2184e-11	2.8526e-12	6.3394e-11	4.4381e-12	9.5091e-11	1.9013e-11	8.5578e-11	6.3394e-12	6.3394e-11	6.3394e-12	1.5855e-11	2.5355e-12	1.2679e-11	3.1697e-12	1.2679e-12	6.3394e-12	9.5091e-13	6.3394e-12	1.2679e-12	3.1697e-12	6.3394e-13	2.8526e-12	6.3394e-13	2.5355e-12	2.8526e-13	3.1697e-12	6.3394e-13	9.5091e-12	9.5091e-12	1.9013e-11	3.1697e-12	3.1697e-12	2.8526e-12	3.1697e-11	1.9013e-12	6.3394e-13	3.8039e-13
1984.73	0.0055521	2.1339e-05	2.7553e-07	7.804e-08	6.6017e-07	3.0052e-11	1.2875e-07	1.0971e-08	1.3156e-07	1.3676e-08	3.1017e-07	2.2582e-10	1.0281e-07	2.137e-10	2.6068e-09	4.8566e-10	6.3574e-08	2.1154e-09	3.2862e-08	3.181e-09	1.2276e-07	4.4651e-08	8.0739e-06	1.1823e-07	2.9204e-07	3.2899e-09	8.5894e-09	5.8946e-10	1.4975e-09	9.0688e-11	9.1206e-10	1.2172e-10	6.0925e-10	9.1403e-11	3.047e-10	6.0939e-11	1.5241e-10	1.2188e-11	6.0939e-11	2.7421e-11	6.0939e-12	1.8277e-11	6.0939e-12	2.1325e-11	2.7421e-12	6.0939e-11	4.2663e-12	9.1409e-11	1.8277e-11	8.2264e-11	6.0939e-12	6.0939e-11	6.0939e-12	1.5241e-11	2.4373e-12	1.2188e-11	3.047e-12	1.2188e-12	6.0939e-12	9.1409e-13	6.0939e-12	1.2188e-12	3.047e-12	6.0939e-13	2.7421e-12	6.0939e-13	2.4373e-12	2.7421e-13	3.047e-12	6.0939e-13	9.1409e-12	9.1409e-12	1.8277e-11	3.047e-12	3.047e-12	2.7421e-12	3.047e-11	1.8277e-12	6.0939e-13	3.6566e-13
2012.32	0.0055598	2.0508e-05	2.6521e-07	7.523e-08	6.3752e-07	2.9043e-11	1.2415e-07	1.058e-08	1.2672e-07	1.3209e-08	2.9993e-07	2.1822e-10	9.9538e-08	2.0692e-10	2.5258e-09	4.7049e-10	6.1598e-08	2.0721e-09	3.2279e-08	3.1205e-09	1.2053e-07	4.38e-08	7.9071e-06	1.1583e-07	2.8606e-07	3.2049e-09	8.328e-09	5.6981e-10	1.4446e-09	8.7384e-11	8.7746e-10	1.1708e-10	5.8572e-10	8.787e-11	2.929e-10	5.858e-11	1.4651e-10	1.1716e-11	5.858e-11	2.636e-11	5.858e-12	1.7569e-11	5.858e-12	2.0499e-11	2.636e-12	5.858e-11	4.1011e-12	8.787e-11	1.7569e-11	7.9079e-11	5.858e-12	5.858e-11	5.858e-12	1.4651e-11	2.343e-12	1.1716e-11	2.929e-12	1.1716e-12	5.858e-12	8.787e-13	5.858e-12	1.1716e-12	2.929e-12	5.858e-13	2.636e-12	5.858e-13	2.343e-12	2.636e-13	2.929e-12	5.858e-13	8.787e-12	8.787e-12	1.7569e-11	2.929e-12	2.929e-12	2.636e-12	2.929e-11	1.7569e-12	5.858e-13	3.515e-13
2040.28	0.0055357	1.9798e-05	2.5579e-07	7.277e-08	6.1604e-07	2.7982e-11	1.1984e-07	1.021e-08	1.2235e-07	1.2765e-08	2.8989e-07	2.1101e-10	9.6443e-08	2.0059e-10	2.4504e-09	4.5628e-10	5.9679e-08	2.0313e-09	3.1672e-08	3.0625e-09	1.1832e-07	4.3022e-08	7.7421e-06	1.136e-07	2.8038e-07	3.1209e-09	8.0783e-09	5.4986e-10	1.3934e-09	8.4076e-11	8.4401e-10	1.1257e-10	5.6308e-10	8.4468e-11	2.8156e-10	5.6312e-11	1.4084e-10	1.1262e-11	5.6312e-11	2.5339e-11	5.6312e-12	1.6889e-11	5.6312e-12	1.9706e-11	2.5339e-12	5.6312e-11	3.9423e-12	8.4468e-11	1.6889e-11	7.6018e-11	5.6312e-12	5.6312e-11	5.6312e-12	1.4084e-11	2.2522e-12	1.1262e-11	2.8156e-12	1.1262e-12	5.6312e-12	8.4468e-13	5.6312e-12	1.1262e-12	2.8156e-12	5.6312e-13	2.5339e-12	5.6312e-13	2.2522e-12	2.5339e-13	2.8156e-12	5.6312e-13	8.4468e-12	8.4468e-12	1.6889e-11	2.8156e-12	2.8156e-12	2.5339e-12	2.8156e-11	1.6889e-12	5.6312e-13	3.3789e-13
2068.64	0.0054827	1.9142e-05	2.474e-07	7.0371e-08	5.9532e-07	2.6973e-11	1.157e-07	9.851e-09	1.1813e-07	1.2311e-08	2.8012e-07	2.0418e-10	9.3225e-08	1.9447e-10	2.3726e-09	4.4226e-10	5.7761e-08	1.9913e-09	3.1058e-08	3.0074e-09	1.1593e-07	4.2268e-08	7.5736e-06	1.1138e-07	2.7467e-07	3.0365e-09	7.8267e-09	5.3047e-10	1.3432e-09	8.0883e-11	8.116e-10	1.0822e-10	5.4132e-10	8.1198e-11	2.7066e-10	5.4132e-11	1.3538e-10	1.0826e-11	5.4132e-11	2.4358e-11	5.4132e-12	1.6235e-11	5.4132e-12	1.8943e-11	2.4358e-12	5.4132e-11	3.7897e-12	8.1198e-11	1.6235e-11	7.3074e-11	5.4132e-12	5.4132e-11	5.4132e-12	1.3538e-11	2.165e-12	1.0826e-11	2.7066e-12	1.0826e-12	5.4132e-12	8.1198e-13	5.4132e-12	1.0826e-12	2.7066e-12	5.4132e-13	2.4358e-12	5.4132e-13	2.165e-12	2.4358e-13	2.7066e-12	5.4132e-13	8.1198e-12	8.1198e-12	1.6235e-11	2.7066e-12	2.7066e-12	2.4358e-12	2.7066e-11	1.6235e-12	5.4132e-13	3.2481e-13
2097.39	0.0054042	1.8442e-05	2.3859e-07	6.7942e-08	5.7474e-07	2.6038e-11	1.1142e-07	9.512e-09	1.1374e-07	1.187e-08	2.7049e-07	1.9772e-10	9.0482e-08	1.885e-10	2.2964e-09	4.2883e-10	5.5862e-08	1.954e-09	3.0455e-08	2.9527e-09	1.1381e-07	4.1475e-08	7.4068e-06	1.0894e-07	2.687e-07	2.9509e-09	7.5818e-09	5.1151e-10	1.2943e-09	7.7813e-11	7.8024e-10	1.0404e-10	5.2036e-10	7.8054e-11	2.6018e-10	5.2036e-11	1.3014e-10	1.0407e-11	5.2036e-11	2.3415e-11	5.2036e-12	1.5606e-11	5.2036e-12	1.8209e-11	2.3415e-12	5.2036e-11	3.6429e-12	7.8054e-11	1.5606e-11	7.0245e-11	5.2036e-12	5.2036e-11	5.2036e-12	1.3014e-11	2.0812e-12	1.0407e-11	2.6018e-12	1.0407e-12	5.2036e-12	7.8054e-13	5.2036e-12	1.0407e-12	2.6018e-12	5.2036e-13	2.3415e-12	5.2036e-13	2.0812e-12	2.3415e-13	2.6018e-12	5.2036e-13	7.8054e-12	7.8054e-12	1.5606e-11	2.6018e-12	2.6018e-12	2.3415e-12	2.6018e-11	1.5606e-12	5.2036e-13	3.1224e-13
2126.53	0.0053501	1.7724e-05	2.2942e-07	6.5516e-08	5.5413e-07	2.5188e-11	1.0761e-07	9.1788e-09	1.0968e-07	1.1492e-08	2.6179e-07	1.9167e-10	8.7685e-08	1.827e-10	2.2213e-09	4.1534e-10	5.408e-08	1.9169e-09	2.9856e-08	2.8926e-09	1.1156e-07	4.0638e-08	7.2469e-06	1.0659e-07	2.6273e-07	2.8689e-09	7.3433e-09	4.9342e-10	1.2453e-09	7.4865e-11	7.501e-10	1.0002e-10	5.0021e-10	7.5032e-11	2.5011e-10	5.0021e-11	1.251e-10	1.0004e-11	5.0021e-11	2.2508e-11	5.0021e-12	1.5002e-11	5.0021e-12	1.7504e-11	2.2508e-12	5.0021e-11	3.5019e-12	7.5032e-11	1.5002e-11	6.7525e-11	5.0021e-12	5.0021e-11	5.0021e-12	1.251e-11	2.0006e-12	1.0004e-11	2.5011e-12	1.0004e-12	5.0021e-12	7.5032e-13	5.0021e-12	1.0004e-12	2.5011e-12	5.0021e-13	2.2508e-12	5.0021e-13	2.0006e-12	2.2508e-13	2.5011e-12	5.0021e-13	7.5032e-12	7.5032e-12	1.5002e-11	2.5011e-12	2.5011e-12	2.2508e-12	2.5011e-11	1.5002e-12	5.0021e-13	3.0015e-13
2156.09	0.0052459	1.7108e-05	2.2124e-07	6.3223e-08	5.3562e-07	2.4309e-11	1.0388e-07	8.8493e-09	1.0584e-07	1.1119e-08	2.5302e-07	1.8537e-10	8.4927e-08	1.7694e-10	2.1526e-09	4.0198e-10	5.2421e-08	1.8804e-09	2.9298e-08	2.8387e-09	1.0946e-07	3.9858e-08	7.0906e-06	1.0427e-07	2.5691e-07	2.7854e-09	7.106e-09	4.7596e-10	1.198e-09	7.2026e-11	7.2112e-10	9.616e-11	4.8084e-10	7.2127e-11	2.4042e-10	4.8084e-11	1.2026e-10	9.6169e-12	4.8084e-11	2.1637e-11	4.8084e-12	1.4421e-11	4.8084e-12	1.6827e-11	2.1637e-12	4.8084e-11	3.3663e-12	7.2127e-11	1.4421e-11	6.4911e-11	4.8084e-12	4.8084e-11	4.8084e-12	1.2026e-11	1.9232e-12	9.6169e-12	2.4042e-12	9.6169e-13	4.8084e-12	7.2127e-13	4.8084e-12	9.6169e-13	2.4042e-12	4.8084e-13	2.1637e-12	4.8084e-13	1.9232e-12	2.1637e-13	2.4042e-12	4.8084e-13	7.2127e-12	7.2127e-12	1.4421e-11	2.4042e-12	2.4042e-12	2.1637e-12	2.4042e-11	1.4421e-12	4.8084e-13	2.8853e-13
2186.05	0.0051139	1.6469e-05	2.1326e-07	6.1008e-08	5.1743e-07	2.344e-11	1.0027e-07	8.5547e-09	1.022e-07	1.0755e-08	2.4478e-07	1.7963e-10	8.214e-08	1.7124e-10	2.0861e-09	3.8886e-10	5.0795e-08	1.8469e-09	2.8741e-08	2.7806e-09	1.0752e-07	3.9063e-08	6.9382e-06	1.0192e-07	2.5092e-07	2.7023e-09	6.8708e-09	4.588e-10	1.1525e-09	6.9281e-11	6.9327e-10	9.2443e-11	4.6223e-10	6.9334e-11	2.3111e-10	4.6223e-11	1.156e-10	9.2446e-12	4.6223e-11	2.0799e-11	4.6223e-12	1.3863e-11	4.6223e-12	1.6175e-11	2.0799e-12	4.6223e-11	3.236e-12	6.9334e-11	1.3863e-11	6.2398e-11	4.6223e-12	4.6223e-11	4.6223e-12	1.156e-11	1.8487e-12	9.2446e-12	2.3111e-12	9.2446e-13	4.6223e-12	6.9334e-13	4.6223e-12	9.2446e-13	2.3111e-12	4.6223e-13	2.0799e-12	4.6223e-13	1.8487e-12	2.0799e-13	2.3111e-12	4.6223e-13	6.9334e-12	6.9334e-12	1.3863e-11	2.3111e-12	2.3111e-12	2.0799e-12	2.3111e-11	1.3863e-12	4.6223e-13	2.7736e-13
2216.43	0.0050062	1.5906e-05	2.0601e-07	5.8885e-08	5.0024e-07	2.2661e-11	9.6723e-08	8.2512e-09	9.8651e-08	1.0399e-08	2.3635e-07	1.7428e-10	7.9444e-08	1.6582e-10	2.021e-09	3.7686e-10	4.9236e-08	1.8125e-09	2.8193e-08	2.726e-09	1.0557e-07	3.8301e-08	6.7906e-06	9.9526e-08	2.4501e-07	2.6212e-09	6.6307e-09	4.4195e-10	1.1089e-09	6.6619e-11	6.6647e-10	8.8866e-11	4.4433e-10	6.665e-11	2.2217e-10	4.4433e-11	1.1113e-10	8.8866e-12	4.4433e-11	1.9994e-11	4.4433e-12	1.3326e-11	4.4433e-12	1.5549e-11	1.9994e-12	4.4433e-11	3.1107e-12	6.665e-11	1.3326e-11	5.9982e-11	4.4433e-12	4.4433e-11	4.4433e-12	1.1113e-11	1.7771e-12	8.8866e-12	2.2217e-12	8.8866e-13	4.4433e-12	6.665e-13	4.4433e-12	8.8866e-13	2.2217e-12	4.4433e-13	1.9994e-12	4.4433e-13	1.7771e-12	1.9994e-13	2.2217e-12	4.4433e-13	6.665e-12	6.665e-12	1.3326e-11	2.2217e-12	2.2217e-12	1.9994e-12	2.2217e-11	1.3326e-12	4.4433e-13	2.6662e-13
2247.23	0.0049189	1.5315e-05	1.9859e-07	5.6792e-08	4.8354e-07	2.1899e-11	9.3455e-08	7.9626e-09	9.5255e-08	1.0074e-08	2.2837e-07	1.6894e-10	7.6932e-08	1.6052e-10	1.9569e-09	3.6519e-10	4.7705e-08	1.7769e-09	2.7674e-08	2.6743e-09	1.0362e-07	3.7569e-08	6.6346e-06	9.7179e-08	2.3904e-07	2.5412e-09	6.3975e-09	4.2522e-10	1.0668e-09	6.4045e-11	6.4069e-10	8.5426e-11	4.2713e-10	6.4069e-11	2.1356e-10	4.2713e-11	1.0683e-10	8.5426e-12	4.2713e-11	1.922e-11	4.2713e-12	1.281e-11	4.2713e-12	1.4947e-11	1.922e-12	4.2713e-11	2.9902e-12	6.4069e-11	1.281e-11	5.766e-11	4.2713e-12	4.2713e-11	4.2713e-12	1.0683e-11	1.7083e-12	8.5426e-12	2.1356e-12	8.5426e-13	4.2713e-12	6.4069e-13	4.2713e-12	8.5426e-13	2.1356e-12	4.2713e-13	1.922e-12	4.2713e-13	1.7083e-12	1.922e-13	2.1356e-12	4.2713e-13	6.4069e-12	6.4069e-12	1.281e-11	2.1356e-12	2.1356e-12	1.922e-12	2.1356e-11	1.281e-12	4.2713e-13	2.5629e-13
2278.46	0.0048639	1.4801e-05	1.9197e-07	5.4914e-08	4.6701e-07	2.1133e-11	9.0136e-08	7.6908e-09	9.2002e-08	9.724e-09	2.2103e-07	1.6345e-10	7.4517e-08	1.5547e-10	1.8988e-09	3.5395e-10	4.636e-08	1.7425e-09	2.7129e-08	2.6205e-09	1.0149e-07	3.6799e-08	6.4845e-06	9.4804e-08	2.3314e-07	2.4595e-09	6.169e-09	4.0907e-10	1.0262e-09	6.1571e-11	6.1589e-10	8.2118e-11	4.1059e-10	6.1589e-11	2.053e-10	4.1059e-11	1.0269e-10	8.2118e-12	4.1059e-11	1.8476e-11	4.1059e-12	1.2314e-11	4.1059e-12	1.4368e-11	1.8476e-12	4.1059e-11	2.8745e-12	6.1589e-11	1.2314e-11	5.5427e-11	4.1059e-12	4.1059e-11	4.1059e-12	1.0269e-11	1.6422e-12	8.2118e-12	2.053e-12	8.2118e-13	4.1059e-12	6.1589e-13	4.1059e-12	8.2118e-13	2.053e-12	4.1059e-13	1.8476e-12	4.1059e-13	1.6422e-12	1.8476e-13	2.053e-12	4.1059e-13	6.1589e-12	6.1589e-12	1.2314e-11	2.053e-12	2.053e-12	1.8476e-12	2.053e-11	1.2314e-12	4.1059e-13	2.4637e-13
2310.13	0.0047933	1.4286e-05	1.8557e-07	5.2982e-08	4.5011e-07	2.0466e-11	8.7037e-08	7.4316e-09	8.8874e-08	9.4007e-09	2.138e-07	1.5808e-10	7.2221e-08	1.507e-10	1.8431e-09	3.4274e-10	4.496e-08	1.7064e-09	2.6561e-08	2.5682e-09	9.9508e-08	3.6017e-08	6.3391e-06	9.2338e-08	2.2688e-07	2.3783e-09	5.9514e-09	3.9355e-10	9.8669e-10	5.9193e-11	5.9204e-10	7.8939e-11	3.9469e-10	5.9204e-11	1.9735e-10	3.9469e-11	9.8714e-11	7.8939e-12	3.9469e-11	1.776e-11	3.9469e-12	1.1838e-11	3.9469e-12	1.3812e-11	1.776e-12	3.9469e-11	2.7632e-12	5.9204e-11	1.1838e-11	5.3281e-11	3.9469e-12	3.9469e-11	3.9469e-12	9.8714e-12	1.5786e-12	7.8939e-12	1.9735e-12	7.8939e-13	3.9469e-12	5.9204e-13	3.9469e-12	7.8939e-13	1.9735e-12	3.9469e-13	1.776e-12	3.9469e-13	1.5786e-12	1.776e-13	1.9735e-12	3.9469e-13	5.9204e-12	5.9204e-12	1.1838e-11	1.9735e-12	1.9735e-12	1.776e-12	1.9735e-11	1.1838e-12	3.9469e-13	2.3683e-13
2342.23	0.0047163	1.3762e-05	1.7901e-07	5.1154e-08	4.3505e-07	1.9814e-11	8.4008e-08	7.1923e-09	8.5911e-08	9.1e-09	2.0709e-07	1.5298e-10	7.0042e-08	1.4618e-10	1.7841e-09	3.3252e-10	4.3531e-08	1.6732e-09	2.6037e-08	2.5118e-09	9.7501e-08	3.523e-08	6.1932e-06	9.002e-08	2.21e-07	2.2981e-09	5.741e-09	3.7867e-10	9.4857e-10	5.6906e-11	5.6912e-10	7.5882e-11	3.7941e-10	5.6912e-11	1.8971e-10	3.7941e-11	9.4892e-11	7.5882e-12	3.7941e-11	1.7073e-11	3.7941e-12	1.1379e-11	3.7941e-12	1.3277e-11	1.7073e-12	3.7941e-11	2.6562e-12	5.6912e-11	1.1379e-11	5.1218e-11	3.7941e-12	3.7941e-11	3.7941e-12	9.4892e-12	1.5175e-12	7.5882e-12	1.8971e-12	7.5882e-13	3.7941e-12	5.6912e-13	3.7941e-12	7.5882e-13	1.8971e-12	3.7941e-13	1.7073e-12	3.7941e-13	1.5175e-12	1.7073e-13	1.8971e-12	3.7941e-13	5.6912e-12	5.6912e-12	1.1379e-11	1.8971e-12	1.8971e-12	1.7073e-12	1.8971e-11	1.1379e-12	3.7941e-13	2.2766e-13
2374.79	0.0046778	1.3309e-05	1.7309e-07	4.9489e-08	4.21e-07	1.9141e-11	8.1239e-08	6.9489e-09	8.2884e-08	8.8102e-09	2.0086e-07	1.4822e-10	6.7972e-08	1.4186e-10	1.7263e-09	3.2278e-10	4.2172e-08	1.64e-09	2.5462e-08	2.4574e-09	9.5486e-08	3.4453e-08	6.0499e-06	8.7619e-08	2.1498e-07	2.2196e-09	5.5342e-09	3.6428e-10	9.1192e-10	5.4707e-11	5.4708e-10	7.2945e-11	3.6472e-10	5.4708e-11	1.8236e-10	3.6472e-11	9.1218e-11	7.2945e-12	3.6472e-11	1.6412e-11	3.6472e-12	1.0939e-11	3.6472e-12	1.2763e-11	1.6412e-12	3.6472e-11	2.5534e-12	5.4708e-11	1.0939e-11	4.9235e-11	3.6472e-12	3.6472e-11	3.6472e-12	9.1218e-12	1.4587e-12	7.2945e-12	1.8236e-12	7.2945e-13	3.6472e-12	5.4708e-13	3.6472e-12	7.2945e-13	1.8236e-12	3.6472e-13	1.6412e-12	3.6472e-13	1.4587e-12	1.6412e-13	1.8236e-12	3.6472e-13	5.4708e-12	5.4708e-12	1.0939e-11	1.8236e-12	1.8236e-12	1.6412e-12	1.8236e-11	1.0939e-12	3.6472e-13	2.1885e-13
2407.79	0.0046551	1.2879e-05	1.6736e-07	4.7913e-08	4.0765e-07	1.8458e-11	7.8532e-08	6.7168e-09	7.9946e-08	8.5171e-09	1.9473e-07	1.4367e-10	6.591e-08	1.3741e-10	1.6697e-09	3.1247e-10	4.086e-08	1.6068e-09	2.4921e-08	2.4027e-09	9.3562e-08	3.3686e-08	5.9134e-06	8.5198e-08	2.09e-07	2.1444e-09	5.331e-09	3.504e-10	8.767e-10	5.259e-11	5.259e-10	7.012e-11	3.506e-10	5.259e-11	1.753e-10	3.506e-11	8.7686e-11	7.012e-12	3.506e-11	1.5776e-11	3.506e-12	1.0515e-11	3.506e-12	1.2269e-11	1.5776e-12	3.506e-11	2.4545e-12	5.259e-11	1.0515e-11	4.7329e-11	3.506e-12	3.506e-11	3.506e-12	8.7686e-12	1.4023e-12	7.012e-12	1.753e-12	7.012e-13	3.506e-12	5.259e-13	3.506e-12	7.012e-13	1.753e-12	3.506e-13	1.5776e-12	3.506e-13	1.4023e-12	1.5776e-13	1.753e-12	3.506e-13	5.259e-12	5.259e-12	1.0515e-11	1.753e-12	1.753e-12	1.5776e-12	1.753e-11	1.0515e-12	3.506e-13	2.1038e-13
2441.25	0.0046269	1.2433e-05	1.6165e-07	4.6417e-08	3.9386e-07	1.7847e-11	7.5954e-08	6.4797e-09	7.7494e-08	8.2396e-09	1.8862e-07	1.3938e-10	6.3837e-08	1.3297e-10	1.6168e-09	3.0247e-10	3.9635e-08	1.5747e-09	2.4392e-08	2.3473e-09	9.1583e-08	3.2903e-08	5.7708e-06	8.2811e-08	2.0302e-07	2.0713e-09	5.1292e-09	3.3688e-10	8.4284e-10	5.0554e-11	5.0554e-10	6.7405e-11	3.3703e-10	5.0554e-11	1.6851e-10	3.3703e-11	8.4291e-11	6.7405e-12	3.3703e-11	1.5166e-11	3.3703e-12	1.0108e-11	3.3703e-12	1.1794e-11	1.5166e-12	3.3703e-11	2.3595e-12	5.0554e-11	1.0108e-11	4.5497e-11	3.3703e-12	3.3703e-11	3.3703e-12	8.4291e-12	1.348e-12	6.7405e-12	1.6851e-12	6.7405e-13	3.3703e-12	5.0554e-13	3.3703e-12	6.7405e-13	1.6851e-12	3.3703e-13	1.5166e-12	3.3703e-13	1.348e-12	1.5166e-13	1.6851e-12	3.3703e-13	5.0554e-12	5.0554e-12	1.0108e-11	1.6851e-12	1.6851e-12	1.5166e-12	1.6851e-11	1.0108e-12	3.3703e-13	2.0223e-13
2475.18	0.0046041	1.2045e-05	1.5669e-07	4.4921e-08	3.8091e-07	1.7263e-11	7.3386e-08	6.269e-09	7.4972e-08	7.9765e-09	1.8253e-07	1.3522e-10	6.1825e-08	1.2871e-10	1.5652e-09	2.9272e-10	3.8413e-08	1.5401e-09	2.3845e-08	2.2931e-09	8.9538e-08	3.2122e-08	5.622e-06	8.0463e-08	1.971e-07	1.9991e-09	4.9344e-09	3.2386e-10	8.1026e-10	4.8597e-11	4.8597e-10	6.4796e-11	3.2398e-10	4.8597e-11	1.6199e-10	3.2398e-11	8.1028e-11	6.4796e-12	3.2398e-11	1.4578e-11	3.2398e-12	9.7167e-12	3.2398e-12	1.1337e-11	1.4578e-12	3.2398e-11	2.2681e-12	4.8597e-11	9.7167e-12	4.3735e-11	3.2398e-12	3.2398e-11	3.2398e-12	8.1028e-12	1.2958e-12	6.4796e-12	1.6199e-12	6.4796e-13	3.2398e-12	4.8597e-13	3.2398e-12	6.4796e-13	1.6199e-12	3.2398e-13	1.4578e-12	3.2398e-13	1.2958e-12	1.4578e-13	1.6199e-12	3.2398e-13	4.8597e-12	4.8597e-12	9.7167e-12	1.6199e-12	1.6199e-12	1.4578e-12	1.6199e-11	9.7167e-13	3.2398e-13	1.944e-13
2509.58	0.0045653	1.1636e-05	1.5154e-07	4.348e-08	3.6876e-07	1.6696e-11	7.0953e-08	6.0697e-09	7.2592e-08	7.733e-09	1.7687e-07	1.3118e-10	5.9865e-08	1.2466e-10	1.514e-09	2.8359e-10	3.7216e-08	1.5058e-09	2.3307e-08	2.2369e-09	8.7514e-08	3.1297e-08	5.483e-06	7.8048e-08	1.912e-07	1.9265e-09	4.7473e-09	3.1135e-10	7.7891e-10	4.6715e-11	4.6715e-10	6.2287e-11	3.1143e-10	4.6715e-11	1.5572e-10	3.1143e-11	7.7891e-11	6.2287e-12	3.1143e-11	1.4014e-11	3.1143e-12	9.3405e-12	3.1143e-12	1.0898e-11	1.4014e-12	3.1143e-11	2.1803e-12	4.6715e-11	9.3405e-12	4.2042e-11	3.1143e-12	3.1143e-11	3.1143e-12	7.7891e-12	1.2456e-12	6.2287e-12	1.5572e-12	6.2287e-13	3.1143e-12	4.6715e-13	3.1143e-12	6.2287e-13	1.5572e-12	3.1143e-13	1.4014e-12	3.1143e-13	1.2456e-12	1.4014e-13	1.5572e-12	3.1143e-13	4.6715e-12	4.6715e-12	9.3405e-12	1.5572e-12	1.5572e-12	1.4014e-12	1.5572e-11	9.3405e-13	3.1143e-13	1.8687e-13
2544.45	0.0045224	1.1231e-05	1.4651e-07	4.2037e-08	3.5639e-07	1.6149e-11	6.8524e-08	5.8565e-09	7.0214e-08	7.5069e-09	1.7158e-07	1.2712e-10	5.7992e-08	1.2081e-10	1.4633e-09	2.7469e-10	3.6109e-08	1.4728e-09	2.2752e-08	2.1819e-09	8.548e-08	3.0511e-08	5.3399e-06	7.5668e-08	1.8515e-07	1.8549e-09	4.5678e-09	2.9933e-10	7.4875e-10	4.4907e-11	4.4907e-10	5.9875e-11	2.9938e-10	4.4907e-11	1.4969e-10	2.9938e-11	7.4875e-11	5.9875e-12	2.9938e-11	1.3471e-11	2.9938e-12	8.9789e-12	2.9938e-12	1.0476e-11	1.3471e-12	2.9938e-11	2.0959e-12	4.4907e-11	8.9789e-12	4.0414e-11	2.9938e-12	2.9938e-11	2.9938e-12	7.4875e-12	1.1974e-12	5.9875e-12	1.4969e-12	5.9875e-13	2.9938e-12	4.4907e-13	2.9938e-12	5.9875e-13	1.4969e-12	2.9938e-13	1.3471e-12	2.9938e-13	1.1974e-12	1.3471e-13	1.4969e-12	2.9938e-13	4.4907e-12	4.4907e-12	8.9789e-12	1.4969e-12	1.4969e-12	1.3471e-12	1.4969e-11	8.9789e-13	2.9938e-13	1.7964e-13
2579.81	0.0044454	1.0795e-05	1.4122e-07	4.0683e-08	3.4487e-07	1.5647e-11	6.6403e-08	5.6482e-09	6.7947e-08	7.2684e-09	1.6626e-07	1.2313e-10	5.6205e-08	1.1691e-10	1.4137e-09	2.6595e-10	3.5008e-08	1.4376e-09	2.2199e-08	2.1266e-09	8.3471e-08	2.9717e-08	5.1997e-06	7.328e-08	1.7925e-07	1.7856e-09	4.3943e-09	2.8777e-10	7.1976e-10	4.3168e-11	4.3168e-10	5.7557e-11	2.8779e-10	4.3168e-11	1.4389e-10	2.8779e-11	7.1976e-11	5.7557e-12	2.8779e-11	1.295e-11	2.8779e-12	8.6312e-12	2.8779e-12	1.0071e-11	1.295e-12	2.8779e-11	2.0147e-12	4.3168e-11	8.6312e-12	3.8849e-11	2.8779e-12	2.8779e-11	2.8779e-12	7.1976e-12	1.151e-12	5.7557e-12	1.4389e-12	5.7557e-13	2.8779e-12	4.3168e-13	2.8779e-12	5.7557e-13	1.4389e-12	2.8779e-13	1.295e-12	2.8779e-13	1.151e-12	1.295e-13	1.4389e-12	2.8779e-13	4.3168e-12	4.3168e-12	8.6312e-12	1.4389e-12	1.4389e-12	1.295e-12	1.4389e-11	8.6312e-13	2.8779e-13	1.7268e-13
2615.67	0.0043635	1.045e-05	1.3674e-07	3.9421e-08	3.3415e-07	1.516e-11	6.4105e-08	5.4677e-09	6.5677e-08	7.0609e-09	1.6103e-07	1.1919e-10	5.4462e-08	1.1299e-10	1.3649e-09	2.5748e-10	3.3887e-08	1.4042e-09	2.1646e-08	2.0706e-09	8.1415e-08	2.8916e-08	5.0591e-06	7.0909e-08	1.7333e-07	1.7196e-09	4.2267e-09	2.7664e-10	6.9189e-10	4.1497e-11	4.1497e-10	5.5329e-11	2.7664e-10	4.1497e-11	1.3832e-10	2.7664e-11	6.9189e-11	5.5329e-12	2.7664e-11	1.2448e-11	2.7664e-12	8.297e-12	2.7664e-12	9.6808e-12	1.2448e-12	2.7664e-11	1.9367e-12	4.1497e-11	8.297e-12	3.7345e-11	2.7664e-12	2.7664e-11	2.7664e-12	6.9189e-12	1.1065e-12	5.5329e-12	1.3832e-12	5.5329e-13	2.7664e-12	4.1497e-13	2.7664e-12	5.5329e-13	1.3832e-12	2.7664e-13	1.2448e-12	2.7664e-13	1.1065e-12	1.2448e-13	1.3832e-12	2.7664e-13	4.1497e-12	4.1497e-12	8.297e-12	1.3832e-12	1.3832e-12	1.2448e-12	1.3832e-11	8.297e-13	2.7664e-13	1.66e-13
2652.02	0.0043116	1.011e-05	1.3219e-07	3.8195e-08	3.246e-07	1.4675e-11	6.1876e-08	5.2898e-09	6.3564e-08	6.8527e-09	1.559e-07	1.1553e-10	5.2835e-08	1.0938e-10	1.3181e-09	2.4914e-10	3.2807e-08	1.3696e-09	2.1082e-08	2.0157e-09	7.937e-08	2.8113e-08	4.9198e-06	6.8642e-08	1.6766e-07	1.6558e-09	4.0636e-09	2.6593e-10	6.651e-10	3.989e-11	3.989e-10	5.3187e-11	2.6593e-10	3.989e-11	1.3297e-10	2.6593e-11	6.651e-11	5.3187e-12	2.6593e-11	1.1966e-11	2.6593e-12	7.9758e-12	2.6593e-12	9.306e-12	1.1966e-12	2.6593e-11	1.8617e-12	3.989e-11	7.9758e-12	3.5899e-11	2.6593e-12	2.6593e-11	2.6593e-12	6.651e-12	1.0636e-12	5.3187e-12	1.3297e-12	5.3187e-13	2.6593e-12	3.989e-13	2.6593e-12	5.3187e-13	1.3297e-12	2.6593e-13	1.1966e-12	2.6593e-13	1.0636e-12	1.1966e-13	1.3297e-12	2.6593e-13	3.989e-12	3.989e-12	7.9758e-12	1.3297e-12	1.3297e-12	1.1966e-12	1.3297e-11	7.9758e-13	2.6593e-13	1.5957e-13
2688.87	0.0042204	9.7195e-06	1.2753e-07	3.6902e-08	3.1455e-07	1.4185e-11	5.9787e-08	5.1227e-09	6.1527e-08	6.646e-09	1.5108e-07	1.1196e-10	5.1314e-08	1.0592e-10	1.2698e-09	2.4079e-10	3.1707e-08	1.3354e-09	2.0526e-08	1.9597e-09	7.7238e-08	2.7315e-08	4.7779e-06	6.642e-08	1.6217e-07	1.5937e-09	3.9066e-09	2.5564e-10	6.3935e-10	3.8345e-11	3.8345e-10	5.1127e-11	2.5564e-10	3.8345e-11	1.2782e-10	2.5564e-11	6.3935e-11	5.1127e-12	2.5564e-11	1.1503e-11	2.5564e-12	7.667e-12	2.5564e-12	8.9457e-12	1.1503e-12	2.5564e-11	1.7897e-12	3.8345e-11	7.667e-12	3.4509e-11	2.5564e-12	2.5564e-11	2.5564e-12	6.3935e-12	1.0224e-12	5.1127e-12	1.2782e-12	5.1127e-13	2.5564e-12	3.8345e-13	2.5564e-12	5.1127e-13	1.2782e-12	2.5564e-13	1.1503e-12	2.5564e-13	1.0224e-12	1.1503e-13	1.2782e-12	2.5564e-13	3.8345e-12	3.8345e-12	7.667e-12	1.2782e-12	1.2782e-12	1.1503e-12	1.2782e-11	7.667e-13	2.5564e-13	1.5339e-13
2726.24	0.0041317	9.3496e-06	1.2307e-07	3.5617e-08	3.0464e-07	1.3753e-11	5.7872e-08	4.9677e-09	5.9534e-08	6.434e-09	1.463e-07	1.085e-10	4.9752e-08	1.0239e-10	1.2241e-09	2.3285e-10	3.0695e-08	1.3022e-09	1.9951e-08	1.9043e-09	7.5183e-08	2.6524e-08	4.641e-06	6.4215e-08	1.5671e-07	1.5333e-09	3.7557e-09	2.4574e-10	6.146e-10	3.6861e-11	3.6861e-10	4.9148e-11	2.4574e-10	3.6861e-11	1.2287e-10	2.4574e-11	6.146e-11	4.9148e-12	2.4574e-11	1.1058e-11	2.4574e-12	7.3702e-12	2.4574e-12	8.5993e-12	1.1058e-12	2.4574e-11	1.7204e-12	3.6861e-11	7.3702e-12	3.3173e-11	2.4574e-12	2.4574e-11	2.4574e-12	6.146e-12	9.8285e-13	4.9148e-12	1.2287e-12	4.9148e-13	2.4574e-12	3.6861e-13	2.4574e-12	4.9148e-13	1.2287e-12	2.4574e-13	1.1058e-12	2.4574e-13	9.8285e-13	1.1058e-13	1.2287e-12	2.4574e-13	3.6861e-12	3.6861e-12	7.3702e-12	1.2287e-12	1.2287e-12	1.1058e-12	1.2287e-11	7.3702e-13	2.4574e-13	1.4745e-13
2764.13	0.0040452	9.0374e-06	1.1908e-07	3.4452e-08	2.9514e-07	1.3322e-11	5.6083e-08	4.8146e-09	5.7601e-08	6.2243e-09	1.4181e-07	1.0525e-10	4.8155e-08	9.885e-11	1.179e-09	2.2467e-10	2.9664e-08	1.2676e-09	1.9404e-08	1.8466e-09	7.3117e-08	2.5708e-08	4.5042e-06	6.1961e-08	1.5126e-07	1.4743e-09	3.6107e-09	2.3622e-10	5.908e-10	3.5434e-11	3.5434e-10	4.7245e-11	2.3622e-10	3.5434e-11	1.1811e-10	2.3622e-11	5.908e-11	4.7245e-12	2.3622e-11	1.063e-11	2.3622e-12	7.0848e-12	2.3622e-12	8.2664e-12	1.063e-12	2.3622e-11	1.6538e-12	3.5434e-11	7.0848e-12	3.1889e-11	2.3622e-12	2.3622e-11	2.3622e-12	5.908e-12	9.448e-13	4.7245e-12	1.1811e-12	4.7245e-13	2.3622e-12	3.5434e-13	2.3622e-12	4.7245e-13	1.1811e-12	2.3622e-13	1.063e-12	2.3622e-13	9.448e-13	1.063e-13	1.1811e-12	2.3622e-13	3.5434e-12	3.5434e-12	7.0848e-12	1.1811e-12	1.1811e-12	1.063e-12	1.1811e-11	7.0848e-13	2.3622e-13	1.4174e-13
2802.54	0.0039591	8.7194e-06	1.1497e-07	3.3358e-08	2.8499e-07	1.2894e-11	5.4314e-08	4.6626e-09	5.5796e-08	6.0316e-09	1.3757e-07	1.0224e-10	4.6638e-08	9.5402e-11	1.1357e-09	2.1698e-10	2.8692e-08	1.2336e-09	1.8851e-08	1.7914e-09	7.1035e-08	2.4914e-08	4.3657e-06	5.9733e-08	1.4576e-07	1.4176e-09	3.4711e-09	2.2708e-10	5.6793e-10	3.4062e-11	3.4062e-10	4.5416e-11	2.2708e-10	3.4062e-11	1.1354e-10	2.2708e-11	5.6793e-11	4.5416e-12	2.2708e-11	1.0218e-11	2.2708e-12	6.8105e-12	2.2708e-12	7.9464e-12	1.0218e-12	2.2708e-11	1.5897e-12	3.4062e-11	6.8105e-12	3.0654e-11	2.2708e-12	2.2708e-11	2.2708e-12	5.6793e-12	9.0822e-13	4.5416e-12	1.1354e-12	4.5416e-13	2.2708e-12	3.4062e-13	2.2708e-12	4.5416e-13	1.1354e-12	2.2708e-13	1.0218e-12	2.2708e-13	9.0822e-13	1.0218e-13	1.1354e-12	2.2708e-13	3.4062e-12	3.4062e-12	6.8105e-12	1.1354e-12	1.1354e-12	1.0218e-12	1.1354e-11	6.8105e-13	2.2708e-13	1.3626e-13
2841.49	0.0039163	8.4285e-06	1.1123e-07	3.2323e-08	2.758e-07	1.2459e-11	5.2661e-08	4.52e-09	5.4092e-08	5.8434e-09	1.3332e-07	9.9171e-11	4.5176e-08	9.2132e-11	1.0933e-09	2.0937e-10	2.7706e-08	1.1991e-09	1.8303e-08	1.7358e-09	6.8981e-08	2.411e-08	4.2321e-06	5.7571e-08	1.4041e-07	1.3631e-09	3.3369e-09	2.1829e-10	5.4594e-10	3.2743e-11	3.2743e-10	4.3657e-11	2.1829e-10	3.2743e-11	1.0914e-10	2.1829e-11	5.4594e-11	4.3657e-12	2.1829e-11	9.8225e-12	2.1829e-12	6.5468e-12	2.1829e-12	7.6387e-12	9.8225e-13	2.1829e-11	1.5282e-12	3.2743e-11	6.5468e-12	2.9467e-11	2.1829e-12	2.1829e-11	2.1829e-12	5.4594e-12	8.7306e-13	4.3657e-12	1.0914e-12	4.3657e-13	2.1829e-12	3.2743e-13	2.1829e-12	4.3657e-13	1.0914e-12	2.1829e-13	9.8225e-13	2.1829e-13	8.7306e-13	9.8225e-14	1.0914e-12	2.1829e-13	3.2743e-12	3.2743e-12	6.5468e-12	1.0914e-12	1.0914e-12	9.8225e-13	1.0914e-11	6.5468e-13	2.1829e-13	1.3098e-13
2880.98	0.0038319	8.1528e-06	1.0769e-07	3.1281e-08	2.6736e-07	1.2054e-11	5.101e-08	4.3792e-09	5.2473e-08	5.6637e-09	1.2887e-07	9.599e-11	4.3807e-08	8.8955e-11	1.0497e-09	2.0204e-10	2.6707e-08	1.1641e-09	1.7755e-08	1.6815e-09	6.6936e-08	2.3338e-08	4.1022e-06	5.5505e-08	1.3529e-07	1.3106e-09	3.2078e-09	2.0984e-10	5.248e-10	3.1475e-11	3.1475e-10	4.1967e-11	2.0984e-10	3.1475e-11	1.0492e-10	2.0984e-11	5.248e-11	4.1967e-12	2.0984e-11	9.4422e-12	2.0984e-12	6.2933e-12	2.0984e-12	7.3429e-12	9.4422e-13	2.0984e-11	1.469e-12	3.1475e-11	6.2933e-12	2.8326e-11	2.0984e-12	2.0984e-11	2.0984e-12	5.248e-12	8.3925e-13	4.1967e-12	1.0492e-12	4.1967e-13	2.0984e-12	3.1475e-13	2.0984e-12	4.1967e-13	1.0492e-12	2.0984e-13	9.4422e-13	2.0984e-13	8.3925e-13	9.4422e-14	1.0492e-12	2.0984e-13	3.1475e-12	3.1475e-12	6.2933e-12	1.0492e-12	1.0492e-12	9.4422e-13	1.0492e-11	6.2933e-13	2.0984e-13	1.2591e-13
2921.02	0.0037356	7.892e-06	1.0441e-07	3.0276e-08	2.5916e-07	1.1686e-11	4.9407e-08	4.2389e-09	5.0923e-08	5.4891e-09	1.2464e-07	9.2991e-11	4.2408e-08	8.5811e-11	1.008e-09	1.9487e-10	2.5764e-08	1.1296e-09	1.7215e-08	1.6286e-09	6.4906e-08	2.259e-08	3.9716e-06	5.351e-08	1.3038e-07	1.2601e-09	3.0836e-09	2.0171e-10	5.0448e-10	3.0257e-11	3.0257e-10	4.0342e-11	2.0171e-10	3.0257e-11	1.0086e-10	2.0171e-11	5.0448e-11	4.0342e-12	2.0171e-11	9.0766e-12	2.0171e-12	6.0497e-12	2.0171e-12	7.0586e-12	9.0766e-13	2.0171e-11	1.4121e-12	3.0257e-11	6.0497e-12	2.723e-11	2.0171e-12	2.0171e-11	2.0171e-12	5.0448e-12	8.0676e-13	4.0342e-12	1.0086e-12	4.0342e-13	2.0171e-12	3.0257e-13	2.0171e-12	4.0342e-13	1.0086e-12	2.0171e-13	9.0766e-13	2.0171e-13	8.0676e-13	9.0766e-14	1.0086e-12	2.0171e-13	3.0257e-12	3.0257e-12	6.0497e-12	1.0086e-12	1.0086e-12	9.0766e-13	1.0086e-11	6.0497e-13	2.0171e-13	1.2103e-13
2961.61	0.0036565	7.6489e-06	1.0136e-07	2.9323e-08	2.5066e-07	1.1349e-11	4.7901e-08	4.106e-09	4.9357e-08	5.3265e-09	1.2047e-07	9.0057e-11	4.1001e-08	8.2652e-11	9.6671e-10	1.8747e-10	2.4806e-08	1.0947e-09	1.6661e-08	1.5759e-09	6.2813e-08	2.1843e-08	3.8415e-06	5.1554e-08	1.2557e-07	1.2115e-09	2.9642e-09	1.939e-10	4.8495e-10	2.9085e-11	2.9085e-10	3.878e-11	1.939e-10	2.9085e-11	9.6951e-11	1.939e-11	4.8495e-11	3.878e-12	1.939e-11	8.7252e-12	1.939e-12	5.8154e-12	1.939e-12	6.7853e-12	8.7252e-13	1.939e-11	1.3575e-12	2.9085e-11	5.8154e-12	2.6175e-11	1.939e-12	1.939e-11	1.939e-12	4.8495e-12	7.7553e-13	3.878e-12	9.6951e-13	3.878e-13	1.939e-12	2.9085e-13	1.939e-12	3.878e-13	9.6951e-13	1.939e-13	8.7252e-13	1.939e-13	7.7553e-13	8.7252e-14	9.6951e-13	1.939e-13	2.9085e-12	2.9085e-12	5.8154e-12	9.6951e-13	9.6951e-13	8.7252e-13	9.6951e-12	5.8154e-13	1.939e-13	1.1635e-13
3002.77	0.0035833	7.3849e-06	9.8061e-08	2.8399e-08	2.4239e-07	1.1026e-11	4.6363e-08	3.9812e-09	4.7965e-08	5.1692e-09	1.1645e-07	8.7355e-11	3.9707e-08	7.9523e-11	9.263e-10	1.8041e-10	2.3874e-08	1.0611e-09	1.6107e-08	1.5235e-09	6.0769e-08	2.1095e-08	3.7107e-06	4.9624e-08	1.209e-07	1.1646e-09	2.8494e-09	1.8639e-10	4.6618e-10	2.7959e-11	2.7959e-10	3.7279e-11	1.8639e-10	2.7959e-11	9.3197e-11	1.8639e-11	4.6618e-11	3.7279e-12	1.8639e-11	8.3873e-12	1.8639e-12	5.5903e-12	1.8639e-12	6.5226e-12	8.3873e-13	1.8639e-11	1.3049e-12	2.7959e-11	5.5903e-12	2.5162e-11	1.8639e-12	1.8639e-11	1.8639e-12	4.6618e-12	7.455e-13	3.7279e-12	9.3197e-13	3.7279e-13	1.8639e-12	2.7959e-13	1.8639e-12	3.7279e-13	9.3197e-13	1.8639e-13	8.3873e-13	1.8639e-13	7.455e-13	8.3873e-14	9.3197e-13	1.8639e-13	2.7959e-12	2.7959e-12	5.5903e-12	9.3197e-13	9.3197e-13	8.3873e-13	9.3197e-12	5.5903e-13	1.8639e-13	1.1184e-13
3044.5	0.003497	7.1382e-06	9.5019e-08	2.7559e-08	2.3481e-07	1.0696e-11	4.4814e-08	3.8614e-09	4.6562e-08	5.0073e-09	1.1271e-07	8.4575e-11	3.8466e-08	7.6505e-11	8.8732e-10	1.7343e-10	2.2973e-08	1.0282e-09	1.5572e-08	1.47e-09	5.873e-08	2.034e-08	3.5819e-06	4.7731e-08	1.1627e-07	1.1195e-09	2.7391e-09	1.7918e-10	4.4813e-10	2.6877e-11	2.6877e-10	3.5835e-11	1.7918e-10	2.6877e-11	8.9589e-11	1.7918e-11	4.4813e-11	3.5835e-12	1.7918e-11	8.0626e-12	1.7918e-12	5.3738e-12	1.7918e-12	6.2701e-12	8.0626e-13	1.7918e-11	1.2544e-12	2.6877e-11	5.3738e-12	2.4188e-11	1.7918e-12	1.7918e-11	1.7918e-12	4.4813e-12	7.1664e-13	3.5835e-12	8.9589e-13	3.5835e-13	1.7918e-12	2.6877e-13	1.7918e-12	3.5835e-13	8.9589e-13	1.7918e-13	8.0626e-13	1.7918e-13	7.1664e-13	8.0626e-14	8.9589e-13	1.7918e-13	2.6877e-12	2.6877e-12	5.3738e-12	8.9589e-13	8.9589e-13	8.0626e-13	8.9589e-12	5.3738e-13	1.7918e-13	1.0751e-13
3086.81	0.003406	6.9039e-06	9.2062e-08	2.674e-08	2.274e-07	1.0376e-11	4.3463e-08	3.7467e-09	4.5132e-08	4.849e-09	1.09e-07	8.1776e-11	3.7203e-08	7.3579e-11	8.4893e-10	1.6654e-10	2.2065e-08	9.9573e-10	1.5046e-08	1.4179e-09	5.6778e-08	1.96e-08	3.4591e-06	4.5911e-08	1.1181e-07	1.0762e-09	2.633e-09	1.7224e-10	4.3078e-10	2.5836e-11	2.5836e-10	3.4448e-11	1.7224e-10	2.5836e-11	8.612e-11	1.7224e-11	4.3078e-11	3.4448e-12	1.7224e-11	7.7504e-12	1.7224e-12	5.1658e-12	1.7224e-12	6.0273e-12	7.7504e-13	1.7224e-11	1.2058e-12	2.5836e-11	5.1658e-12	2.3251e-11	1.7224e-12	1.7224e-11	1.7224e-12	4.3078e-12	6.8889e-13	3.4448e-12	8.612e-13	3.4448e-13	1.7224e-12	2.5836e-13	1.7224e-12	3.4448e-13	8.612e-13	1.7224e-13	7.7504e-13	1.7224e-13	6.8889e-13	7.7504e-14	8.612e-13	1.7224e-13	2.5836e-12	2.5836e-12	5.1658e-12	8.612e-13	8.612e-13	7.7504e-13	8.612e-12	5.1658e-13	1.7224e-13	1.0335e-13
3129.71	0.0033015	6.7122e-06	8.9437e-08	2.603e-08	2.2099e-07	1.0058e-11	4.2152e-08	3.6302e-09	4.3689e-08	4.6991e-09	1.0555e-07	7.9205e-11	3.5927e-08	7.0649e-11	8.1247e-10	1.5992e-10	2.1216e-08	9.6331e-10	1.4537e-08	1.3673e-09	5.4887e-08	1.8897e-08	3.34e-06	4.4162e-08	1.0753e-07	1.0345e-09	2.5311e-09	1.6557e-10	4.141e-10	2.4836e-11	2.4836e-10	3.3114e-11	1.6557e-10	2.4836e-11	8.2786e-11	1.6557e-11	4.141e-11	3.3114e-12	1.6557e-11	7.4504e-12	1.6557e-12	4.9658e-12	1.6557e-12	5.794e-12	7.4504e-13	1.6557e-11	1.1591e-12	2.4836e-11	4.9658e-12	2.2351e-11	1.6557e-12	1.6557e-11	1.6557e-12	4.141e-12	6.6222e-13	3.3114e-12	8.2786e-13	3.3114e-13	1.6557e-12	2.4836e-13	1.6557e-12	3.3114e-13	8.2786e-13	1.6557e-13	7.4504e-13	1.6557e-13	6.6222e-13	7.4504e-14	8.2786e-13	1.6557e-13	2.4836e-12	2.4836e-12	4.9658e-12	8.2786e-13	8.2786e-13	7.4504e-13	8.2786e-12	4.9658e-13	1.6557e-13	9.935e-14
3173.21	0.0032081	6.5183e-06	8.6758e-08	2.5339e-08	2.1454e-07	9.7747e-12	4.0898e-08	3.5196e-09	4.2298e-08	4.559e-09	1.0209e-07	7.6744e-11	3.4684e-08	6.7869e-11	7.7737e-10	1.5332e-10	2.0369e-08	9.3123e-10	1.4041e-08	1.3187e-09	5.3011e-08	1.8219e-08	3.2229e-06	4.2478e-08	1.0342e-07	9.9449e-10	2.4331e-09	1.5916e-10	3.9806e-10	2.3874e-11	2.3874e-10	3.1832e-11	1.5916e-10	2.3874e-11	7.958e-11	1.5916e-11	3.9807e-11	3.1832e-12	1.5916e-11	7.1619e-12	1.5916e-12	4.7735e-12	1.5916e-12	5.5696e-12	7.1619e-13	1.5916e-11	1.1143e-12	2.3874e-11	4.7735e-12	2.1486e-11	1.5916e-12	1.5916e-11	1.5916e-12	3.9807e-12	6.3658e-13	3.1832e-12	7.958e-13	3.1832e-13	1.5916e-12	2.3874e-13	1.5916e-12	3.1832e-13	7.958e-13	1.5916e-13	7.1619e-13	1.5916e-13	6.3658e-13	7.1619e-14	7.958e-13	1.5916e-13	2.3874e-12	2.3874e-12	4.7735e-12	7.958e-13	7.958e-13	7.1619e-13	7.958e-12	4.7735e-13	1.5916e-13	9.5503e-14
3217.31	0.0031352	6.3316e-06	8.4128e-08	2.4612e-08	2.087e-07	9.4814e-12	3.9699e-08	3.4232e-09	4.1009e-08	4.4261e-09	9.8676e-08	7.4243e-11	3.3506e-08	6.5118e-11	7.4312e-10	1.4709e-10	1.9533e-08	8.9848e-10	1.3555e-08	1.2717e-09	5.1126e-08	1.7554e-08	3.1057e-06	4.0853e-08	9.945e-08	9.5599e-10	2.3389e-09	1.53e-10	3.8265e-10	2.295e-11	2.295e-10	3.06e-11	1.53e-10	2.295e-11	7.6499e-11	1.53e-11	3.8265e-11	3.06e-12	1.53e-11	6.8846e-12	1.53e-12	4.5887e-12	1.53e-12	5.354e-12	6.8846e-13	1.53e-11	1.0711e-12	2.295e-11	4.5887e-12	2.0654e-11	1.53e-12	1.53e-11	1.53e-12	3.8265e-12	6.1193e-13	3.06e-12	7.6499e-13	3.06e-13	1.53e-12	2.295e-13	1.53e-12	3.06e-13	7.6499e-13	1.53e-13	6.8846e-13	1.53e-13	6.1193e-13	6.8846e-14	7.6499e-13	1.53e-13	2.295e-12	2.295e-12	4.5887e-12	7.6499e-13	7.6499e-13	6.8846e-13	7.6499e-12	4.5887e-13	1.53e-13	9.1805e-14
3262.02	0.0030375	6.1469e-06	8.1609e-08	2.3877e-08	2.0273e-07	9.1865e-12	3.85e-08	3.3246e-09	3.9747e-08	4.3015e-09	9.5246e-08	7.1701e-11	3.2363e-08	6.257e-11	7.0983e-10	1.4098e-10	1.8726e-08	8.667e-10	1.306e-08	1.2256e-09	4.9246e-08	1.6903e-08	2.9912e-06	3.9276e-08	9.562e-08	9.1897e-10	2.2483e-09	1.4707e-10	3.6784e-10	2.2061e-11	2.2061e-10	2.9415e-11	1.4707e-10	2.2061e-11	7.3537e-11	1.4707e-11	3.6784e-11	2.9415e-12	1.4707e-11	6.6181e-12	1.4707e-12	4.411e-12	1.4707e-12	5.1467e-12	6.6181e-13	1.4707e-11	1.0296e-12	2.2061e-11	4.411e-12	1.9854e-11	1.4707e-12	1.4707e-11	1.4707e-12	3.6784e-12	5.8824e-13	2.9415e-12	7.3537e-13	2.9415e-13	1.4707e-12	2.2061e-13	1.4707e-12	2.9415e-13	7.3537e-13	1.4707e-13	6.6181e-13	1.4707e-13	5.8824e-13	6.6181e-14	7.3537e-13	1.4707e-13	2.2061e-12	2.2061e-12	4.411e-12	7.3537e-13	7.3537e-13	6.6181e-13	7.3537e-12	4.411e-13	1.4707e-13	8.8251e-14
3307.35	0.0029421	5.9368e-06	7.8882e-08	2.3102e-08	1.9673e-07	8.9149e-12	3.7361e-08	3.219e-09	3.8546e-08	4.1845e-09	9.1934e-08	6.9232e-11	3.1221e-08	6.0034e-11	6.7696e-10	1.35e-10	1.7909e-08	8.3574e-10	1.2576e-08	1.1797e-09	4.7421e-08	1.6258e-08	2.8814e-06	3.7757e-08	9.1921e-08	8.8339e-10	2.1613e-09	1.4138e-10	3.536e-10	2.1207e-11	2.1207e-10	2.8276e-11	1.4138e-10	2.1207e-11	7.069e-11	1.4138e-11	3.536e-11	2.8276e-12	1.4138e-11	6.3618e-12	1.4138e-12	4.2403e-12	1.4138e-12	4.9474e-12	6.3618e-13	1.4138e-11	9.8978e-13	2.1207e-11	4.2403e-12	1.9085e-11	1.4138e-12	1.4138e-11	1.4138e-12	3.536e-12	5.6546e-13	2.8276e-12	7.069e-13	2.8276e-13	1.4138e-12	2.1207e-13	1.4138e-12	2.8276e-13	7.069e-13	1.4138e-13	6.3618e-13	1.4138e-13	5.6546e-13	6.3618e-14	7.069e-13	1.4138e-13	2.1207e-12	2.1207e-12	4.2403e-12	7.069e-13	7.069e-13	6.3618e-13	7.069e-12	4.2403e-13	1.4138e-13	8.4834e-14
3353.32	0.0028477	5.7509e-06	7.6418e-08	2.2401e-08	1.912e-07	8.6405e-12	3.629e-08	3.1158e-09	3.7422e-08	4.0739e-09	8.877e-08	6.6898e-11	3.0079e-08	5.7492e-11	6.4481e-10	1.2918e-10	1.712e-08	8.0585e-10	1.2108e-08	1.1349e-09	4.5682e-08	1.5637e-08	2.7765e-06	3.6298e-08	8.8365e-08	8.4919e-10	2.0776e-09	1.3591e-10	3.3991e-10	2.0386e-11	2.0386e-10	2.7181e-11	1.3591e-10	2.0386e-11	6.7953e-11	1.3591e-11	3.3991e-11	2.7181e-12	1.3591e-11	6.1155e-12	1.3591e-12	4.0761e-12	1.3591e-12	4.7559e-12	6.1155e-13	1.3591e-11	9.5146e-13	2.0386e-11	4.0761e-12	1.8347e-11	1.3591e-12	1.3591e-11	1.3591e-12	3.3991e-12	5.4357e-13	2.7181e-12	6.7953e-13	2.7181e-13	1.3591e-12	2.0386e-13	1.3591e-12	2.7181e-13	6.7953e-13	1.3591e-13	6.1155e-13	1.3591e-13	5.4357e-13	6.1155e-14	6.7953e-13	1.3591e-13	2.0386e-12	2.0386e-12	4.0761e-12	6.7953e-13	6.7953e-13	6.1155e-13	6.7953e-12	4.0761e-13	1.3591e-13	8.1549e-14
3399.92	0.0027593	5.5981e-06	7.42e-08	2.1754e-08	1.8584e-07	8.3773e-12	3.5236e-08	3.0183e-09	3.6337e-08	3.9508e-09	8.5712e-08	6.461e-11	2.8952e-08	5.504e-11	6.1385e-10	1.2341e-10	1.6349e-08	7.7721e-10	1.1658e-08	1.0918e-09	4.4002e-08	1.5042e-08	2.674e-06	3.4895e-08	8.4947e-08	8.1631e-10	1.9972e-09	1.3064e-10	3.2675e-10	1.9597e-11	1.9597e-10	2.6129e-11	1.3064e-10	1.9597e-11	6.5322e-11	1.3064e-11	3.2675e-11	2.6129e-12	1.3064e-11	5.8787e-12	1.3064e-12	3.9183e-12	1.3064e-12	4.5718e-12	5.8787e-13	1.3064e-11	9.1462e-13	1.9597e-11	3.9183e-12	1.7636e-11	1.3064e-12	1.3064e-11	1.3064e-12	3.2675e-12	5.2252e-13	2.6129e-12	6.5322e-13	2.6129e-13	1.3064e-12	1.9597e-13	1.3064e-12	2.6129e-13	6.5322e-13	1.3064e-13	5.8787e-13	1.3064e-13	5.2252e-13	5.8787e-14	6.5322e-13	1.3064e-13	1.9597e-12	1.9597e-12	3.9183e-12	6.5322e-13	6.5322e-13	5.8787e-13	6.5322e-12	3.9183e-13	1.3064e-13	7.8392e-14
3447.17	0.0026742	5.4384e-06	7.2032e-08	2.11e-08	1.8024e-07	8.1343e-12	3.4127e-08	2.9287e-09	3.5195e-08	3.8336e-09	8.2683e-08	6.2356e-11	2.7856e-08	5.2608e-11	5.8431e-10	1.178e-10	1.5614e-08	7.4905e-10	1.1226e-08	1.0504e-09	4.2363e-08	1.4468e-08	2.5741e-06	3.3545e-08	8.1661e-08	7.8471e-10	1.9198e-09	1.2559e-10	3.1409e-10	1.8838e-11	1.8838e-10	2.5117e-11	1.2559e-10	1.8838e-11	6.2793e-11	1.2559e-11	3.1409e-11	2.5117e-12	1.2559e-11	5.6511e-12	1.2559e-12	3.7666e-12	1.2559e-12	4.3948e-12	5.6511e-13	1.2559e-11	8.7921e-13	1.8838e-11	3.7666e-12	1.6953e-11	1.2559e-12	1.2559e-11	1.2559e-12	3.1409e-12	5.0229e-13	2.5117e-12	6.2793e-13	2.5117e-13	1.2559e-12	1.8838e-13	1.2559e-12	2.5117e-13	6.2793e-13	1.2559e-13	5.6511e-13	1.2559e-13	5.0229e-13	5.6511e-14	6.2793e-13	1.2559e-13	1.8838e-12	1.8838e-12	3.7666e-12	6.2793e-13	6.2793e-13	5.6511e-13	6.2793e-12	3.7666e-13	1.2559e-13	7.5357e-14
3495.08	0.0025938	5.2529e-06	6.9622e-08	2.0399e-08	1.7476e-07	7.9042e-12	3.3058e-08	2.8469e-09	3.4117e-08	3.7171e-09	7.9637e-08	6.008e-11	2.6789e-08	5.0274e-11	5.5616e-10	1.1235e-10	1.4907e-08	7.2155e-10	1.0806e-08	1.0105e-09	4.0763e-08	1.3915e-08	2.4745e-06	3.2247e-08	7.8501e-08	7.5432e-10	1.8455e-09	1.2072e-10	3.0193e-10	1.8109e-11	1.8109e-10	2.4145e-11	1.2072e-10	1.8109e-11	6.0362e-11	1.2072e-11	3.0193e-11	2.4145e-12	1.2072e-11	5.4323e-12	1.2072e-12	3.6207e-12	1.2072e-12	4.2246e-12	5.4323e-13	1.2072e-11	8.4517e-13	1.8109e-11	3.6207e-12	1.6297e-11	1.2072e-12	1.2072e-11	1.2072e-12	3.0193e-12	4.8285e-13	2.4145e-12	6.0362e-13	2.4145e-13	1.2072e-12	1.8109e-13	1.2072e-12	2.4145e-13	6.0362e-13	1.2072e-13	5.4323e-13	1.2072e-13	4.8285e-13	5.4323e-14	6.0362e-13	1.2072e-13	1.8109e-12	1.8109e-12	3.6207e-12	6.0362e-13	6.0362e-13	5.4323e-13	6.0362e-12	3.6207e-13	1.2072e-13	7.2439e-14
3543.65	0.0025002	5.0858e-06	6.7432e-08	1.9753e-08	1.6939e-07	7.6863e-12	3.2057e-08	2.7667e-09	3.3056e-08	3.6104e-09	7.6875e-08	5.7829e-11	2.5729e-08	4.8026e-11	5.2941e-10	1.0715e-10	1.4231e-08	6.9415e-10	1.0398e-08	9.7193e-10	3.9198e-08	1.3379e-08	2.3788e-06	3.0999e-08	7.5462e-08	7.2512e-10	1.7741e-09	1.1605e-10	2.9024e-10	1.7407e-11	1.7407e-10	2.321e-11	1.1605e-10	1.7407e-11	5.8025e-11	1.1605e-11	2.9024e-11	2.321e-12	1.1605e-11	5.222e-12	1.1605e-12	3.4805e-12	1.1605e-12	4.061e-12	5.222e-13	1.1605e-11	8.1244e-13	1.7407e-11	3.4805e-12	1.5666e-11	1.1605e-12	1.1605e-11	1.1605e-12	2.9024e-12	4.6415e-13	2.321e-12	5.8025e-13	2.321e-13	1.1605e-12	1.7407e-13	1.1605e-12	2.321e-13	5.8025e-13	1.1605e-13	5.222e-13	1.1605e-13	4.6415e-13	5.222e-14	5.8025e-13	1.1605e-13	1.7407e-12	1.7407e-12	3.4805e-12	5.8025e-13	5.8025e-13	5.222e-13	5.8025e-12	3.4805e-13	1.1605e-13	6.9635e-14
3592.9	0.0024191	4.93e-06	6.5344e-08	1.9161e-08	1.6423e-07	7.4596e-12	3.1126e-08	2.6911e-09	3.2072e-08	3.5052e-09	7.4212e-08	5.5648e-11	2.4723e-08	4.5854e-11	5.0377e-10	1.0216e-10	1.3573e-08	6.6775e-10	9.9978e-09	9.3454e-10	3.7692e-08	1.2861e-08	2.2868e-06	2.9798e-08	7.254e-08	6.9704e-10	1.7054e-09	1.1156e-10	2.7901e-10	1.6734e-11	1.6734e-10	2.2311e-11	1.1156e-10	1.6734e-11	5.5778e-11	1.1156e-11	2.7901e-11	2.2311e-12	1.1156e-11	5.0198e-12	1.1156e-12	3.3458e-12	1.1156e-12	3.9038e-12	5.0198e-13	1.1156e-11	7.8099e-13	1.6734e-11	3.3458e-12	1.5059e-11	1.1156e-12	1.1156e-11	1.1156e-12	2.7901e-12	4.4618e-13	2.2311e-12	5.5778e-13	2.2311e-13	1.1156e-12	1.6734e-13	1.1156e-12	2.2311e-13	5.5778e-13	1.1156e-13	5.0198e-13	1.1156e-13	4.4618e-13	5.0198e-14	5.5778e-13	1.1156e-13	1.6734e-12	1.6734e-12	3.3458e-12	5.5778e-13	5.5778e-13	5.0198e-13	5.5778e-12	3.3458e-13	1.1156e-13	6.6939e-14
3642.83	0.0023582	4.7886e-06	6.3409e-08	1.859e-08	1.5936e-07	7.2326e-12	3.0283e-08	2.6125e-09	3.1159e-08	3.3973e-09	7.1518e-08	5.3525e-11	2.3726e-08	4.3789e-11	4.7923e-10	9.7408e-11	1.2937e-08	6.4232e-10	9.6129e-09	8.9842e-10	3.6246e-08	1.2364e-08	2.1983e-06	2.8645e-08	6.9732e-08	6.7006e-10	1.6393e-09	1.0724e-10	2.682e-10	1.6086e-11	1.6086e-10	2.1448e-11	1.0724e-10	1.6086e-11	5.3619e-11	1.0724e-11	2.682e-11	2.1448e-12	1.0724e-11	4.8255e-12	1.0724e-12	3.2162e-12	1.0724e-12	3.7527e-12	4.8255e-13	1.0724e-11	7.5075e-13	1.6086e-11	3.2162e-12	1.4476e-11	1.0724e-12	1.0724e-11	1.0724e-12	2.682e-12	4.2891e-13	2.1448e-12	5.3619e-13	2.1448e-13	1.0724e-12	1.6086e-13	1.0724e-12	2.1448e-13	5.3619e-13	1.0724e-13	4.8255e-13	1.0724e-13	4.2891e-13	4.8255e-14	5.3619e-13	1.0724e-13	1.6086e-12	1.6086e-12	3.2162e-12	5.3619e-13	5.3619e-13	4.8255e-13	5.3619e-12	3.2162e-13	1.0724e-13	6.4347e-14
3693.45	0.002286	4.6657e-06	6.1684e-08	1.8021e-08	1.547e-07	7.0127e-12	2.9372e-08	2.5355e-09	3.0276e-08	3.2976e-09	6.8931e-08	5.1408e-11	2.2797e-08	4.181e-11	4.5526e-10	9.2825e-11	1.2306e-08	6.1791e-10	9.2431e-09	8.637e-10	3.4854e-08	1.1886e-08	2.1132e-06	2.7536e-08	6.7032e-08	6.4411e-10	1.5759e-09	1.0309e-10	2.5782e-10	1.5463e-11	1.5463e-10	2.0617e-11	1.0309e-10	1.5463e-11	5.1543e-11	1.0309e-11	2.5782e-11	2.0617e-12	1.0309e-11	4.6386e-12	1.0309e-12	3.0917e-12	1.0309e-12	3.6074e-12	4.6386e-13	1.0309e-11	7.2168e-13	1.5463e-11	3.0917e-12	1.3916e-11	1.0309e-12	1.0309e-11	1.0309e-12	2.5782e-12	4.123e-13	2.0617e-12	5.1543e-13	2.0617e-13	1.0309e-12	1.5463e-13	1.0309e-12	2.0617e-13	5.1543e-13	1.0309e-13	4.6386e-13	1.0309e-13	4.123e-13	4.6386e-14	5.1543e-13	1.0309e-13	1.5463e-12	1.5463e-12	3.0917e-12	5.1543e-13	5.1543e-13	4.6386e-13	5.1543e-12	3.0917e-13	1.0309e-13	6.1856e-14
3744.78	0.0022099	4.5367e-06	5.9935e-08	1.7485e-08	1.5001e-07	6.8e-12	2.8585e-08	2.4586e-09	2.9468e-08	3.2065e-09	6.6472e-08	4.9402e-11	2.1871e-08	3.9895e-11	4.324e-10	8.8403e-11	1.1704e-08	5.9439e-10	8.8878e-09	8.3034e-10	3.3513e-08	1.1427e-08	2.0314e-06	2.647e-08	6.4437e-08	6.1918e-10	1.5149e-09	9.9094e-11	2.4784e-10	1.4864e-11	1.4864e-10	1.9819e-11	9.9094e-11	1.4864e-11	4.9547e-11	9.9094e-12	2.4784e-11	1.9819e-12	9.9094e-12	4.459e-12	9.9094e-13	2.972e-12	9.9094e-13	3.4677e-12	4.459e-13	9.9094e-12	6.9374e-13	1.4864e-11	2.972e-12	1.3377e-11	9.9094e-13	9.9094e-12	9.9094e-13	2.4784e-12	3.9634e-13	1.9819e-12	4.9547e-13	1.9819e-13	9.9094e-13	1.4864e-13	9.9094e-13	1.9819e-13	4.9547e-13	9.9094e-14	4.459e-13	9.9094e-14	3.9634e-13	4.459e-14	4.9547e-13	9.9094e-14	1.4864e-12	1.4864e-12	2.972e-12	4.9547e-13	4.9547e-13	4.459e-13	4.9547e-12	2.972e-13	9.9094e-14	5.9461e-14
3796.82	0.0021426	4.4241e-06	5.8407e-08	1.698e-08	1.4561e-07	6.5966e-12	2.7739e-08	2.3855e-09	2.869e-08	3.1114e-09	6.4179e-08	4.7413e-11	2.0947e-08	3.8043e-11	4.1068e-10	8.4049e-11	1.1129e-08	5.7169e-10	8.5454e-09	7.9825e-10	3.2218e-08	1.0984e-08	1.9528e-06	2.5445e-08	6.1942e-08	5.952e-10	1.4562e-09	9.5258e-11	2.3824e-10	1.4289e-11	1.4289e-10	1.9052e-11	9.5258e-11	1.4289e-11	4.7629e-11	9.5258e-12	2.3824e-11	1.9052e-12	9.5258e-12	4.2864e-12	9.5258e-13	2.857e-12	9.5258e-13	3.3334e-12	4.2864e-13	9.5258e-12	6.6688e-13	1.4289e-11	2.857e-12	1.2859e-11	9.5258e-13	9.5258e-12	9.5258e-13	2.3824e-12	3.8099e-13	1.9052e-12	4.7629e-13	1.9052e-13	9.5258e-13	1.4289e-13	9.5258e-13	1.9052e-13	4.7629e-13	9.5258e-14	4.2864e-13	9.5258e-14	3.8099e-13	4.2864e-14	4.7629e-13	9.5258e-14	1.4289e-12	1.4289e-12	2.857e-12	4.7629e-13	4.7629e-13	4.2864e-13	4.7629e-12	2.857e-13	9.5258e-14	5.7159e-14
3849.59	0.0020749	4.2978e-06	5.6777e-08	1.6475e-08	1.4138e-07	6.404e-12	2.6942e-08	2.3134e-09	2.7855e-08	3.0122e-09	6.1894e-08	4.5561e-11	2.0047e-08	3.622e-11	3.9004e-10	7.9886e-11	1.0583e-08	5.4965e-10	8.2157e-09	7.6738e-10	3.0971e-08	1.0559e-08	1.8772e-06	2.446e-08	5.9543e-08	5.7216e-10	1.3998e-09	9.157e-11	2.2902e-10	1.3735e-11	1.3735e-10	1.8314e-11	9.157e-11	1.3735e-11	4.5785e-11	9.157e-12	2.2902e-11	1.8314e-12	9.157e-12	4.1204e-12	9.157e-13	2.7463e-12	9.157e-13	3.2044e-12	4.1204e-13	9.157e-12	6.4106e-13	1.3735e-11	2.7463e-12	1.2361e-11	9.157e-13	9.157e-12	9.157e-13	2.2902e-12	3.6624e-13	1.8314e-12	4.5785e-13	1.8314e-13	9.157e-13	1.3735e-13	9.157e-13	1.8314e-13	4.5785e-13	9.157e-14	4.1204e-13	9.157e-14	3.6624e-13	4.1204e-14	4.5785e-13	9.157e-14	1.3735e-12	1.3735e-12	2.7463e-12	4.5785e-13	4.5785e-13	4.1204e-13	4.5785e-12	2.7463e-13	9.157e-14	5.4946e-14
3903.09	0.0020177	4.1736e-06	5.508e-08	1.5987e-08	1.3707e-07	6.2206e-12	2.6124e-08	2.2435e-09	2.7044e-08	2.9167e-09	5.9737e-08	4.3712e-11	1.9161e-08	3.4476e-11	3.7047e-10	7.5923e-11	1.0065e-08	5.284e-10	7.8978e-09	7.3767e-10	2.9773e-08	1.015e-08	1.8045e-06	2.3513e-08	5.7238e-08	5.5001e-10	1.3456e-09	8.8024e-11	2.2015e-10	1.3204e-11	1.3204e-10	1.7605e-11	8.8024e-11	1.3204e-11	4.4012e-11	8.8024e-12	2.2015e-11	1.7605e-12	8.8024e-12	3.9609e-12	8.8024e-13	2.64e-12	8.8024e-13	3.0803e-12	3.9609e-13	8.8024e-12	6.1624e-13	1.3204e-11	2.64e-12	1.1883e-11	8.8024e-13	8.8024e-12	8.8024e-13	2.2015e-12	3.5206e-13	1.7605e-12	4.4012e-13	1.7605e-13	8.8024e-13	1.3204e-13	8.8024e-13	1.7605e-13	4.4012e-13	8.8024e-14	3.9609e-13	8.8024e-14	3.5206e-13	3.9609e-14	4.4012e-13	8.8024e-14	1.3204e-12	1.3204e-12	2.64e-12	4.4012e-13	4.4012e-13	3.9609e-13	4.4012e-12	2.64e-13	8.8024e-14	5.2818e-14
3957.33	0.0019598	4.0407e-06	5.3357e-08	1.5513e-08	1.3276e-07	6.0189e-12	2.5321e-08	2.1782e-09	2.6222e-08	2.8268e-09	5.7714e-08	4.1868e-11	1.8312e-08	3.2807e-11	3.5184e-10	7.2155e-11	9.5681e-09	5.0798e-10	7.5921e-09	7.0911e-10	2.8621e-08	9.7573e-09	1.7346e-06	2.2602e-08	5.5022e-08	5.2871e-10	1.2935e-09	8.4616e-11	2.1163e-10	1.2692e-11	1.2692e-10	1.6923e-11	8.4616e-11	1.2692e-11	4.2308e-11	8.4616e-12	2.1163e-11	1.6923e-12	8.4616e-12	3.8076e-12	8.4616e-13	2.5378e-12	8.4616e-13	2.961e-12	3.8076e-13	8.4616e-12	5.9238e-13	1.2692e-11	2.5378e-12	1.1423e-11	8.4616e-13	8.4616e-12	8.4616e-13	2.1163e-12	3.3843e-13	1.6923e-12	4.2308e-13	1.6923e-13	8.4616e-13	1.2692e-13	8.4616e-13	1.6923e-13	4.2308e-13	8.4616e-14	3.8076e-13	8.4616e-14	3.3843e-13	3.8076e-14	4.2308e-13	8.4616e-14	1.2692e-12	1.2692e-12	2.5378e-12	4.2308e-13	4.2308e-13	3.8076e-13	4.2308e-12	2.5378e-13	8.4616e-14	5.0773e-14
4012.33	0.001906	3.909e-06	5.1637e-08	1.5016e-08	1.2876e-07	5.8408e-12	2.4566e-08	2.1155e-09	2.5482e-08	2.7372e-09	5.5617e-08	4.007e-11	1.7491e-08	3.122e-11	3.3413e-10	6.8584e-11	9.0927e-09	4.8835e-10	7.2983e-09	6.8166e-10	2.7513e-08	9.3795e-09	1.6675e-06	2.1727e-08	5.2892e-08	5.0824e-10	1.2434e-09	8.134e-11	2.0343e-10	1.2201e-11	1.2201e-10	1.6268e-11	8.134e-11	1.2201e-11	4.067e-11	8.134e-12	2.0343e-11	1.6268e-12	8.134e-12	3.6601e-12	8.134e-13	2.4395e-12	8.134e-13	2.8464e-12	3.6601e-13	8.134e-12	5.6945e-13	1.2201e-11	2.4395e-12	1.098e-11	8.134e-13	8.134e-12	8.134e-13	2.0343e-12	3.2533e-13	1.6268e-12	4.067e-13	1.6268e-13	8.134e-13	1.2201e-13	8.134e-13	1.6268e-13	4.067e-13	8.134e-14	3.6601e-13	8.134e-14	3.2533e-13	3.6601e-14	4.067e-13	8.134e-14	1.2201e-12	1.2201e-12	2.4395e-12	4.067e-13	4.067e-13	3.6601e-13	4.067e-12	2.4395e-13	8.134e-14	4.8807e-14
4068.09	0.001839	3.7902e-06	5.0078e-08	1.4532e-08	1.2503e-07	5.6564e-12	2.3839e-08	2.0578e-09	2.4752e-08	2.6496e-09	5.3585e-08	3.8301e-11	1.6701e-08	2.9708e-11	3.1721e-10	6.5173e-11	8.634e-09	4.6947e-10	7.0158e-09	6.5526e-10	2.6448e-08	9.0164e-09	1.6029e-06	2.0886e-08	5.0844e-08	4.8856e-10	1.1953e-09	7.8191e-11	1.9556e-10	1.1729e-11	1.1729e-10	1.5638e-11	7.8191e-11	1.1729e-11	3.9095e-11	7.8191e-12	1.9556e-11	1.5638e-12	7.8191e-12	3.5184e-12	7.8191e-13	2.3451e-12	7.8191e-13	2.7362e-12	3.5184e-13	7.8191e-12	5.474e-13	1.1729e-11	2.3451e-12	1.0555e-11	7.8191e-13	7.8191e-12	7.8191e-13	1.9556e-12	3.1273e-13	1.5638e-12	3.9095e-13	1.5638e-13	7.8191e-13	1.1729e-13	7.8191e-13	1.5638e-13	3.9095e-13	7.8191e-14	3.5184e-13	7.8191e-14	3.1273e-13	3.5184e-14	3.9095e-13	7.8191e-14	1.1729e-12	1.1729e-12	2.3451e-12	3.9095e-13	3.9095e-13	3.5184e-13	3.9095e-12	2.3451e-13	7.8191e-14	4.6918e-14
4124.63	0.0017773	3.6694e-06	4.8494e-08	1.4063e-08	1.2113e-07	5.477e-12	2.3182e-08	1.9937e-09	2.3998e-08	2.5596e-09	5.1584e-08	3.6605e-11	1.5953e-08	2.8266e-11	3.0115e-10	6.1918e-11	8.1981e-09	4.5132e-10	6.7443e-09	6.2989e-10	2.5424e-08	8.6673e-09	1.5408e-06	2.0077e-08	4.8875e-08	4.6965e-10	1.149e-09	7.5164e-11	1.8799e-10	1.1275e-11	1.1275e-10	1.5033e-11	7.5164e-11	1.1275e-11	3.7582e-11	7.5164e-12	1.8799e-11	1.5033e-12	7.5164e-12	3.3822e-12	7.5164e-13	2.2543e-12	7.5164e-13	2.6303e-12	3.3822e-13	7.5164e-12	5.2621e-13	1.1275e-11	2.2543e-12	1.0147e-11	7.5164e-13	7.5164e-12	7.5164e-13	1.8799e-12	3.0062e-13	1.5033e-12	3.7582e-13	1.5033e-13	7.5164e-13	1.1275e-13	7.5164e-13	1.5033e-13	3.7582e-13	7.5164e-14	3.3822e-13	7.5164e-14	3.0062e-13	3.3822e-14	3.7582e-13	7.5164e-14	1.1275e-12	1.1275e-12	2.2543e-12	3.7582e-13	3.7582e-13	3.3822e-13	3.7582e-12	2.2543e-13	7.5164e-14	4.5101e-14
4181.95	0.0017337	3.5555e-06	4.6925e-08	1.3611e-08	1.1705e-07	5.3037e-12	2.2488e-08	1.9342e-09	2.33e-08	2.4726e-09	4.9683e-08	3.4964e-11	1.523e-08	2.6884e-11	2.859e-10	5.8789e-11	7.7843e-09	4.3385e-10	6.4832e-09	6.0551e-10	2.444e-08	8.3317e-09	1.4812e-06	1.93e-08	4.6983e-08	4.5146e-10	1.1045e-09	7.2253e-11	1.8071e-10	1.0838e-11	1.0838e-10	1.4451e-11	7.2253e-11	1.0838e-11	3.6127e-11	7.2253e-12	1.8071e-11	1.4451e-12	7.2253e-12	3.2513e-12	7.2253e-13	2.167e-12	7.2253e-13	2.5284e-12	3.2513e-13	7.2253e-12	5.0583e-13	1.0838e-11	2.167e-12	9.7538e-12	7.2253e-13	7.2253e-12	7.2253e-13	1.8071e-12	2.8898e-13	1.4451e-12	3.6127e-13	1.4451e-13	7.2253e-13	1.0838e-13	7.2253e-13	1.4451e-13	3.6127e-13	7.2253e-14	3.2513e-13	7.2253e-14	2.8898e-13	3.2513e-14	3.6127e-13	7.2253e-14	1.0838e-12	1.0838e-12	2.167e-12	3.6127e-13	3.6127e-13	3.2513e-13	3.6127e-12	2.167e-13	7.2253e-14	4.3355e-14
4240.07	0.0016733	3.4421e-06	4.5389e-08	1.3168e-08	1.1314e-07	5.1318e-12	2.1813e-08	1.8748e-09	2.2666e-08	2.3865e-09	4.7832e-08	3.3386e-11	1.4529e-08	2.5561e-11	2.7142e-10	5.5817e-11	7.3915e-09	4.1705e-10	6.2322e-09	5.8206e-10	2.3493e-08	8.0091e-09	1.4238e-06	1.8553e-08	4.5164e-08	4.3398e-10	1.0618e-09	6.9456e-11	1.7371e-10	1.0418e-11	1.0418e-10	1.3891e-11	6.9456e-11	1.0418e-11	3.4728e-11	6.9456e-12	1.7371e-11	1.3891e-12	6.9456e-12	3.1254e-12	6.9456e-13	2.0831e-12	6.9456e-13	2.4305e-12	3.1254e-13	6.9456e-12	4.8625e-13	1.0418e-11	2.0831e-12	9.3761e-12	6.9456e-13	6.9456e-12	6.9456e-13	1.7371e-12	2.778e-13	1.3891e-12	3.4728e-13	1.3891e-13	6.9456e-13	1.0418e-13	6.9456e-13	1.3891e-13	3.4728e-13	6.9456e-14	3.1254e-13	6.9456e-14	2.778e-13	3.1254e-14	3.4728e-13	6.9456e-14	1.0418e-12	1.0418e-12	2.0831e-12	3.4728e-13	3.4728e-13	3.1254e-13	3.4728e-12	2.0831e-13	6.9456e-14	4.1676e-14
4298.99	0.0016133	3.342e-06	4.4005e-08	1.2733e-08	1.0946e-07	4.9694e-12	2.1155e-08	1.8208e-09	2.2001e-08	2.3017e-09	4.6e-08	3.1891e-11	1.3847e-08	2.4291e-11	2.5768e-10	5.2995e-11	7.0184e-09	4.009e-10	5.9909e-09	5.5953e-10	2.2584e-08	7.699e-09	1.3687e-06	1.7834e-08	4.3415e-08	4.1718e-10	1.0207e-09	6.6767e-11	1.6699e-10	1.0015e-11	1.0015e-10	1.3353e-11	6.6767e-11	1.0015e-11	3.3383e-11	6.6767e-12	1.6699e-11	1.3353e-12	6.6767e-12	3.0044e-12	6.6767e-13	2.0025e-12	6.6767e-13	2.3364e-12	3.0044e-13	6.6767e-12	4.6742e-13	1.0015e-11	2.0025e-12	9.0131e-12	6.6767e-13	6.6767e-12	6.6767e-13	1.6699e-12	2.6704e-13	1.3353e-12	3.3383e-13	1.3353e-13	6.6767e-13	1.0015e-13	6.6767e-13	1.3353e-13	3.3383e-13	6.6767e-14	3.0044e-13	6.6767e-14	2.6704e-13	3.0044e-14	3.3383e-13	6.6767e-14	1.0015e-12	1.0015e-12	2.0025e-12	3.3383e-13	3.3383e-13	3.0044e-13	3.3383e-12	2.0025e-13	6.6767e-14	4.0063e-14
4358.74	0.0015555	3.2396e-06	4.2623e-08	1.2302e-08	1.0584e-07	4.8099e-12	2.0506e-08	1.7656e-09	2.1307e-08	2.2167e-09	4.422e-08	3.0446e-11	1.3183e-08	2.3084e-11	2.4463e-10	5.0317e-11	6.6638e-09	3.8538e-10	5.7589e-09	5.3786e-10	2.1709e-08	7.401e-09	1.3157e-06	1.7144e-08	4.1734e-08	4.0103e-10	9.8115e-10	6.4182e-11	1.6052e-10	9.6273e-12	9.6273e-11	1.2836e-11	6.4182e-11	9.6273e-12	3.2091e-11	6.4182e-12	1.6052e-11	1.2836e-12	6.4182e-12	2.888e-12	6.4182e-13	1.9249e-12	6.4182e-13	2.246e-12	2.888e-13	6.4182e-12	4.4932e-13	9.6273e-12	1.9249e-12	8.6641e-12	6.4182e-13	6.4182e-12	6.4182e-13	1.6052e-12	2.567e-13	1.2836e-12	3.2091e-13	1.2836e-13	6.4182e-13	9.6273e-14	6.4182e-13	1.2836e-13	3.2091e-13	6.4182e-14	2.888e-13	6.4182e-14	2.567e-13	2.888e-14	3.2091e-13	6.4182e-14	9.6273e-13	9.6273e-13	1.9249e-12	3.2091e-13	3.2091e-13	2.888e-13	3.2091e-12	1.9249e-13	6.4182e-14	3.8512e-14
4419.31	0.0015066	3.143e-06	4.1243e-08	1.1889e-08	1.0216e-07	4.6649e-12	1.9891e-08	1.71e-09	2.0639e-08	2.1356e-09	4.2466e-08	2.9045e-11	1.2547e-08	2.1935e-11	2.3223e-10	4.7773e-11	6.3262e-09	3.7046e-10	5.536e-09	5.1704e-10	2.0869e-08	7.1144e-09	1.2648e-06	1.648e-08	4.0119e-08	3.855e-10	9.4316e-10	6.1697e-11	1.5431e-10	9.2545e-12	9.2545e-11	1.2339e-11	6.1697e-11	9.2545e-12	3.0848e-11	6.1697e-12	1.5431e-11	1.2339e-12	6.1697e-12	2.7762e-12	6.1697e-13	1.8504e-12	6.1697e-13	2.159e-12	2.7762e-13	6.1697e-12	4.3193e-13	9.2545e-12	1.8504e-12	8.3287e-12	6.1697e-13	6.1697e-12	6.1697e-13	1.5431e-12	2.4676e-13	1.2339e-12	3.0848e-13	1.2339e-13	6.1697e-13	9.2545e-14	6.1697e-13	1.2339e-13	3.0848e-13	6.1697e-14	2.7762e-13	6.1697e-14	2.4676e-13	2.7762e-14	3.0848e-13	6.1697e-14	9.2545e-13	9.2545e-13	1.8504e-12	3.0848e-13	3.0848e-13	2.7762e-13	3.0848e-12	1.8504e-13	6.1697e-14	3.7021e-14
4480.73	0.0014578	3.0517e-06	3.9938e-08	1.1491e-08	9.8577e-08	4.5194e-12	1.9265e-08	1.6602e-09	2.0005e-08	2.0541e-09	4.0807e-08	2.768e-11	1.1942e-08	2.0842e-11	2.2046e-10	4.5357e-11	6.0056e-09	3.5612e-10	5.3216e-09	4.9702e-10	2.0061e-08	6.839e-09	1.2158e-06	1.5842e-08	3.8565e-08	3.7058e-10	9.0664e-10	5.9308e-11	1.4833e-10	8.8962e-12	8.8962e-11	1.1862e-11	5.9308e-11	8.8962e-12	2.9654e-11	5.9308e-12	1.4833e-11	1.1862e-12	5.9308e-12	2.6687e-12	5.9308e-13	1.7788e-12	5.9308e-13	2.0754e-12	2.6687e-13	5.9308e-12	4.1521e-13	8.8962e-12	1.7788e-12	8.0062e-12	5.9308e-13	5.9308e-12	5.9308e-13	1.4833e-12	2.3721e-13	1.1862e-12	2.9654e-13	1.1862e-13	5.9308e-13	8.8962e-14	5.9308e-13	1.1862e-13	2.9654e-13	5.9308e-14	2.6687e-13	5.9308e-14	2.3721e-13	2.6687e-14	2.9654e-13	5.9308e-14	8.8962e-13	8.8962e-13	1.7788e-12	2.9654e-13	2.9654e-13	2.6687e-13	2.9654e-12	1.7788e-13	5.9308e-14	3.5587e-14
4543	0.001408	2.9663e-06	3.8699e-08	1.1094e-08	9.5166e-08	4.369e-12	1.866e-08	1.6118e-09	1.9383e-08	1.9765e-09	3.9138e-08	2.6354e-11	1.1364e-08	1.9804e-11	2.0929e-10	4.3059e-11	5.7013e-09	3.4233e-10	5.1156e-09	4.7778e-10	1.9284e-08	6.5742e-09	1.1687e-06	1.5229e-08	3.7072e-08	3.5623e-10	8.7154e-10	5.7012e-11	1.4259e-10	8.5518e-12	8.5518e-11	1.1402e-11	5.7012e-11	8.5518e-12	2.8506e-11	5.7012e-12	1.4259e-11	1.1402e-12	5.7012e-12	2.5654e-12	5.7012e-13	1.7099e-12	5.7012e-13	1.9951e-12	2.5654e-13	5.7012e-12	3.9913e-13	8.5518e-12	1.7099e-12	7.6962e-12	5.7012e-13	5.7012e-12	5.7012e-13	1.4259e-12	2.2802e-13	1.1402e-12	2.8506e-13	1.1402e-13	5.7012e-13	8.5518e-14	5.7012e-13	1.1402e-13	2.8506e-13	5.7012e-14	2.5654e-13	5.7012e-14	2.2802e-13	2.5654e-14	2.8506e-13	5.7012e-14	8.5518e-13	8.5518e-13	1.7099e-12	2.8506e-13	2.8506e-13	2.5654e-13	2.8506e-12	1.7099e-13	5.7012e-14	3.4209e-14
4606.14	0.0013592	2.8865e-06	3.7523e-08	1.0701e-08	9.1973e-08	4.2234e-12	1.8085e-08	1.5607e-09	1.876e-08	1.8983e-09	3.751e-08	2.5082e-11	1.0814e-08	1.8814e-11	1.9868e-10	4.0876e-11	5.4124e-09	3.2907e-10	4.9175e-09	4.5928e-10	1.8538e-08	6.3196e-09	1.1235e-06	1.4639e-08	3.5637e-08	3.4244e-10	8.378e-10	5.4804e-11	1.3707e-10	8.2207e-12	8.2207e-11	1.0961e-11	5.4804e-11	8.2207e-12	2.7402e-11	5.4804e-12	1.3707e-11	1.0961e-12	5.4804e-12	2.4661e-12	5.4804e-13	1.6437e-12	5.4804e-13	1.9178e-12	2.4661e-13	5.4804e-12	3.8368e-13	8.2207e-12	1.6437e-12	7.3983e-12	5.4804e-13	5.4804e-12	5.4804e-13	1.3707e-12	2.192e-13	1.0961e-12	2.7402e-13	1.0961e-13	5.4804e-13	8.2207e-14	5.4804e-13	1.0961e-13	2.7402e-13	5.4804e-14	2.4661e-13	5.4804e-14	2.192e-13	2.4661e-14	2.7402e-13	5.4804e-14	8.2207e-13	8.2207e-13	1.6437e-12	2.7402e-13	2.7402e-13	2.4661e-13	2.7402e-12	1.6437e-13	5.4804e-14	3.2885e-14
4670.15	0.0013079	2.8135e-06	3.6414e-08	1.0335e-08	8.8778e-08	4.0763e-12	1.7556e-08	1.5094e-09	1.8128e-08	1.8219e-09	3.5949e-08	2.3872e-11	1.0287e-08	1.7867e-11	1.8862e-10	3.8805e-11	5.1382e-09	3.1633e-10	4.7271e-09	4.415e-10	1.782e-08	6.075e-09	1.08e-06	1.4072e-08	3.4257e-08	3.2918e-10	8.0536e-10	5.2683e-11	1.3176e-10	7.9024e-12	7.9024e-11	1.0537e-11	5.2683e-11	7.9024e-12	2.6341e-11	5.2683e-12	1.3176e-11	1.0537e-12	5.2683e-12	2.3706e-12	5.2683e-13	1.58e-12	5.2683e-13	1.8436e-12	2.3706e-13	5.2683e-12	3.6882e-13	7.9024e-12	1.58e-12	7.1118e-12	5.2683e-13	5.2683e-12	5.2683e-13	1.3176e-12	2.1071e-13	1.0537e-12	2.6341e-13	1.0537e-13	5.2683e-13	7.9024e-14	5.2683e-13	1.0537e-13	2.6341e-13	5.2683e-14	2.3706e-13	5.2683e-14	2.1071e-13	2.3706e-14	2.6341e-13	5.2683e-14	7.9024e-13	7.9024e-13	1.58e-12	2.6341e-13	2.6341e-13	2.3706e-13	2.6341e-12	1.58e-13	5.2683e-14	3.1612e-14
4735.05	0.0012649	2.7527e-06	3.5384e-08	9.9805e-09	8.5663e-08	3.9331e-12	1.704e-08	1.4583e-09	1.7515e-08	1.7439e-09	3.4413e-08	2.2717e-11	9.7837e-09	1.6966e-11	1.7906e-10	3.6838e-11	4.8778e-09	3.0409e-10	4.5441e-09	4.244e-10	1.713e-08	5.8398e-09	1.0382e-06	1.3527e-08	3.2931e-08	3.1643e-10	7.7418e-10	5.0643e-11	1.2666e-10	7.5964e-12	7.5964e-11	1.0129e-11	5.0643e-11	7.5964e-12	2.5321e-11	5.0643e-12	1.2666e-11	1.0129e-12	5.0643e-12	2.2788e-12	5.0643e-13	1.5189e-12	5.0643e-13	1.7722e-12	2.2788e-13	5.0643e-12	3.5454e-13	7.5964e-12	1.5189e-12	6.8365e-12	5.0643e-13	5.0643e-12	5.0643e-13	1.2666e-12	2.0255e-13	1.0129e-12	2.5321e-13	1.0129e-13	5.0643e-13	7.5964e-14	5.0643e-13	1.0129e-13	2.5321e-13	5.0643e-14	2.2788e-13	5.0643e-14	2.0255e-13	2.2788e-14	2.5321e-13	5.0643e-14	7.5964e-13	7.5964e-13	1.5189e-12	2.5321e-13	2.5321e-13	2.2788e-13	2.5321e-12	1.5189e-13	5.0643e-14	3.0388e-14
4800.86	0.0012258	2.6852e-06	3.4309e-08	9.6409e-09	8.2496e-08	3.787e-12	1.6459e-08	1.4105e-09	1.6912e-08	1.6675e-09	3.2966e-08	2.1617e-11	9.2991e-09	1.611e-11	1.6998e-10	3.4971e-11	4.6306e-09	2.9231e-10	4.3682e-09	4.0797e-10	1.6467e-08	5.6137e-09	9.9797e-07	1.3004e-08	3.1656e-08	3.0418e-10	7.442e-10	4.8682e-11	1.2176e-10	7.3023e-12	7.3023e-11	9.7364e-12	4.8682e-11	7.3023e-12	2.4341e-11	4.8682e-12	1.2176e-11	9.7364e-13	4.8682e-12	2.1906e-12	4.8682e-13	1.4601e-12	4.8682e-13	1.7036e-12	2.1906e-13	4.8682e-12	3.4081e-13	7.3023e-12	1.4601e-12	6.5718e-12	4.8682e-13	4.8682e-12	4.8682e-13	1.2176e-12	1.9471e-13	9.7364e-13	2.4341e-13	9.7364e-14	4.8682e-13	7.3023e-14	4.8682e-13	9.7364e-14	2.4341e-13	4.8682e-14	2.1906e-13	4.8682e-14	1.9471e-13	2.1906e-14	2.4341e-13	4.8682e-14	7.3023e-13	7.3023e-13	1.4601e-12	2.4341e-13	2.4341e-13	2.1906e-13	2.4341e-12	1.4601e-13	4.8682e-14	2.9211e-14
4867.58	0.0011828	2.6083e-06	3.3183e-08	9.2787e-09	7.9267e-08	3.6424e-12	1.592e-08	1.3635e-09	1.6308e-08	1.5941e-09	3.1514e-08	2.0563e-11	8.8372e-09	1.5298e-11	1.6137e-10	3.3199e-11	4.3959e-09	2.8099e-10	4.199e-09	3.9218e-10	1.5829e-08	5.3963e-09	9.5933e-07	1.25e-08	3.043e-08	2.9241e-10	7.1539e-10	4.6797e-11	1.1704e-10	7.0196e-12	7.0196e-11	9.3595e-12	4.6797e-11	7.0196e-12	2.3399e-11	4.6797e-12	1.1704e-11	9.3595e-13	4.6797e-12	2.1058e-12	4.6797e-13	1.4035e-12	4.6797e-13	1.6376e-12	2.1058e-13	4.6797e-12	3.2762e-13	7.0196e-12	1.4035e-12	6.3173e-12	4.6797e-13	4.6797e-12	4.6797e-13	1.1704e-12	1.8717e-13	9.3595e-13	2.3399e-13	9.3595e-14	4.6797e-13	7.0196e-14	4.6797e-13	9.3595e-14	2.3399e-13	4.6797e-14	2.1058e-13	4.6797e-14	1.8717e-13	2.1058e-14	2.3399e-13	4.6797e-14	7.0196e-13	7.0196e-13	1.4035e-12	2.3399e-13	2.3399e-13	2.1058e-13	2.3399e-12	1.4035e-13	4.6797e-14	2.808e-14
4935.22	0.0011395	2.5378e-06	3.2124e-08	8.9278e-09	7.6245e-08	3.5039e-12	1.5382e-08	1.3144e-09	1.5709e-08	1.5225e-09	3.0106e-08	1.9557e-11	8.3976e-09	1.4527e-11	1.5319e-10	3.1516e-11	4.1731e-09	2.7012e-10	4.0365e-09	3.7699e-10	1.5216e-08	5.1874e-09	9.2219e-07	1.2016e-08	2.9252e-08	2.8108e-10	6.8769e-10	4.4985e-11	1.1251e-10	6.7478e-12	6.7478e-11	8.9971e-12	4.4985e-11	6.7478e-12	2.2493e-11	4.4985e-12	1.1251e-11	8.9971e-13	4.4985e-12	2.0243e-12	4.4985e-13	1.3492e-12	4.4985e-13	1.5742e-12	2.0243e-13	4.4985e-12	3.1493e-13	6.7478e-12	1.3492e-12	6.0728e-12	4.4985e-13	4.4985e-12	4.4985e-13	1.1251e-12	1.7992e-13	8.9971e-13	2.2493e-13	8.9971e-14	4.4985e-13	6.7478e-14	4.4985e-13	8.9971e-14	2.2493e-13	4.4985e-14	2.0243e-13	4.4985e-14	1.7992e-13	2.0243e-14	2.2493e-13	4.4985e-14	6.7478e-13	6.7478e-13	1.3492e-12	2.2493e-13	2.2493e-13	2.0243e-13	2.2493e-12	1.3492e-13	4.4985e-14	2.6993e-14
5003.81	0.001102	2.4701e-06	3.1093e-08	8.5938e-09	7.3178e-08	3.371e-12	1.4883e-08	1.2655e-09	1.5131e-08	1.4549e-09	2.8746e-08	1.8588e-11	7.9792e-09	1.3794e-11	1.4543e-10	2.9919e-11	3.9616e-09	2.5966e-10	3.8802e-09	3.624e-10	1.4627e-08	4.9865e-09	8.8649e-07	1.1551e-08	2.8119e-08	2.702e-10	6.6107e-10	4.3244e-11	1.0815e-10	6.4866e-12	6.4866e-11	8.6487e-12	4.3244e-11	6.4866e-12	2.1622e-11	4.3244e-12	1.0815e-11	8.6487e-13	4.3244e-12	1.9459e-12	4.3244e-13	1.297e-12	4.3244e-13	1.5133e-12	1.9459e-13	4.3244e-12	3.0274e-13	6.4866e-12	1.297e-12	5.8376e-12	4.3244e-13	4.3244e-12	4.3244e-13	1.0815e-12	1.7296e-13	8.6487e-13	2.1622e-13	8.6487e-14	4.3244e-13	6.4866e-14	4.3244e-13	8.6487e-14	2.1622e-13	4.3244e-14	1.9459e-13	4.3244e-14	1.7296e-13	1.9459e-14	2.1622e-13	4.3244e-14	6.4866e-13	6.4866e-13	1.297e-12	2.1622e-13	2.1622e-13	1.9459e-13	2.1622e-12	1.297e-13	4.3244e-14	2.5948e-14
5073.35	0.0010648	2.4056e-06	3.0099e-08	8.2753e-09	7.0254e-08	3.2419e-12	1.4356e-08	1.2177e-09	1.4559e-08	1.3893e-09	2.7419e-08	1.7665e-11	7.5822e-09	1.3096e-11	1.3805e-10	2.8402e-11	3.7608e-09	2.496e-10	3.73e-09	3.4836e-10	1.4061e-08	4.7935e-09	8.5216e-07	1.1104e-08	2.7031e-08	2.5974e-10	6.3547e-10	4.1569e-11	1.0397e-10	6.2354e-12	6.2354e-11	8.3139e-12	4.1569e-11	6.2354e-12	2.0785e-11	4.1569e-12	1.0397e-11	8.3139e-13	4.1569e-12	1.8705e-12	4.1569e-13	1.2467e-12	4.1569e-13	1.4547e-12	1.8705e-13	4.1569e-12	2.9102e-13	6.2354e-12	1.2467e-12	5.6116e-12	4.1569e-13	4.1569e-12	4.1569e-13	1.0397e-12	1.6626e-13	8.3139e-13	2.0785e-13	8.3139e-14	4.1569e-13	6.2354e-14	4.1569e-13	8.3139e-14	2.0785e-13	4.1569e-14	1.8705e-13	4.1569e-14	1.6626e-13	1.8705e-14	2.0785e-13	4.1569e-14	6.2354e-13	6.2354e-13	1.2467e-12	2.0785e-13	2.0785e-13	1.8705e-13	2.0785e-12	1.2467e-13	4.1569e-14	2.4943e-14
5143.85	0.0010277	2.334e-06	2.9065e-08	7.9509e-09	6.7381e-08	3.1097e-12	1.3803e-08	1.1722e-09	1.4011e-08	1.3254e-09	2.6135e-08	1.6786e-11	7.2036e-09	1.2432e-11	1.3106e-10	2.6963e-11	3.5702e-09	2.3994e-10	3.5855e-09	3.3488e-10	1.3516e-08	4.6079e-09	8.1917e-07	1.0674e-08	2.5984e-08	2.4968e-10	6.1087e-10	3.996e-11	9.9941e-11	5.994e-12	5.994e-11	7.992e-12	3.996e-11	5.994e-12	1.998e-11	3.996e-12	9.9941e-12	7.992e-13	3.996e-12	1.7981e-12	3.996e-13	1.1985e-12	3.996e-13	1.3984e-12	1.7981e-13	3.996e-12	2.7975e-13	5.994e-12	1.1985e-12	5.3943e-12	3.996e-13	3.996e-12	3.996e-13	9.9941e-13	1.5982e-13	7.992e-13	1.998e-13	7.992e-14	3.996e-13	5.994e-14	3.996e-13	7.992e-14	1.998e-13	3.996e-14	1.7981e-13	3.996e-14	1.5982e-13	1.7981e-14	1.998e-13	3.996e-14	5.994e-13	5.994e-13	1.1985e-12	1.998e-13	1.998e-13	1.7981e-13	1.998e-12	1.1985e-13	3.996e-14	2.3978e-14
5215.34	0.0009962	2.2612e-06	2.805e-08	7.6317e-09	6.4594e-08	2.9843e-12	1.3282e-08	1.1253e-09	1.3451e-08	1.2641e-09	2.4897e-08	1.595e-11	6.8427e-09	1.1802e-11	1.2442e-10	2.5596e-11	3.3893e-09	2.3065e-10	3.4467e-09	3.2191e-10	1.2993e-08	4.4295e-09	7.8745e-07	1.0261e-08	2.4978e-08	2.4002e-10	5.8722e-10	3.8413e-11	9.6071e-11	5.7619e-12	5.7619e-11	7.6826e-12	3.8413e-11	5.7619e-12	1.9206e-11	3.8413e-12	9.6071e-12	7.6826e-13	3.8413e-12	1.7285e-12	3.8413e-13	1.1521e-12	3.8413e-13	1.3442e-12	1.7285e-13	3.8413e-12	2.6892e-13	5.7619e-12	1.1521e-12	5.1855e-12	3.8413e-13	3.8413e-12	3.8413e-13	9.6071e-13	1.5364e-13	7.6826e-13	1.9206e-13	7.6826e-14	3.8413e-13	5.7619e-14	3.8413e-13	7.6826e-14	1.9206e-13	3.8413e-14	1.7285e-13	3.8413e-14	1.5364e-13	1.7285e-14	1.9206e-13	3.8413e-14	5.7619e-13	5.7619e-13	1.1521e-12	1.9206e-13	1.9206e-13	1.7285e-13	1.9206e-12	1.1521e-13	3.8413e-14	2.3049e-14
5287.82	0.00096186	2.1919e-06	2.7066e-08	7.3264e-09	6.1895e-08	2.8641e-12	1.2782e-08	1.0802e-09	1.2907e-08	1.2033e-09	2.3719e-08	1.5156e-11	6.4977e-09	1.1204e-11	1.1811e-10	2.4299e-11	3.2175e-09	2.2172e-10	3.3133e-09	3.0945e-10	1.249e-08	4.258e-09	7.5697e-07	9.8634e-09	2.4011e-08	2.3072e-10	5.6448e-10	3.6926e-11	9.2352e-11	5.5388e-12	5.5388e-11	7.3851e-12	3.6926e-11	5.5388e-12	1.8463e-11	3.6926e-12	9.2352e-12	7.3851e-13	3.6926e-12	1.6616e-12	3.6926e-13	1.1075e-12	3.6926e-13	1.2922e-12	1.6616e-13	3.6926e-12	2.5851e-13	5.5388e-12	1.1075e-12	4.9847e-12	3.6926e-13	3.6926e-12	3.6926e-13	9.2352e-13	1.4769e-13	7.3851e-13	1.8463e-13	7.3851e-14	3.6926e-13	5.5388e-14	3.6926e-13	7.3851e-14	1.8463e-13	3.6926e-14	1.6616e-13	3.6926e-14	1.4769e-13	1.6616e-14	1.8463e-13	3.6926e-14	5.5388e-13	5.5388e-13	1.1075e-12	1.8463e-13	1.8463e-13	1.6616e-13	1.8463e-12	1.1075e-13	3.6926e-14	2.2157e-14
5361.31	0.00092902	2.1273e-06	2.6129e-08	7.0408e-09	5.9299e-08	2.7474e-12	1.2297e-08	1.0358e-09	1.2352e-08	1.1449e-09	2.2605e-08	1.4399e-11	6.17e-09	1.0636e-11	1.1212e-10	2.3067e-11	3.0544e-09	2.1314e-10	3.185e-09	2.9747e-10	1.2006e-08	4.0931e-09	7.2766e-07	9.4815e-09	2.3081e-08	2.2179e-10	5.4263e-10	3.5496e-11	8.8776e-11	5.3244e-12	5.3244e-11	7.0992e-12	3.5496e-11	5.3244e-12	1.7748e-11	3.5496e-12	8.8776e-12	7.0992e-13	3.5496e-12	1.5972e-12	3.5496e-13	1.0646e-12	3.5496e-13	1.2421e-12	1.5972e-13	3.5496e-12	2.485e-13	5.3244e-12	1.0646e-12	4.7917e-12	3.5496e-13	3.5496e-12	3.5496e-13	8.8776e-13	1.4197e-13	7.0992e-13	1.7748e-13	7.0992e-14	3.5496e-13	5.3244e-14	3.5496e-13	7.0992e-14	1.7748e-13	3.5496e-14	1.5972e-13	3.5496e-14	1.4197e-13	1.5972e-14	1.7748e-13	3.5496e-14	5.3244e-13	5.3244e-13	1.0646e-12	1.7748e-13	1.7748e-13	1.5972e-13	1.7748e-12	1.0646e-13	3.5496e-14	2.1299e-14
5435.82	0.00089977	2.0613e-06	2.5162e-08	6.7608e-09	5.6797e-08	2.6306e-12	1.1799e-08	9.9455e-10	1.1811e-08	1.089e-09	2.1531e-08	1.3677e-11	5.8588e-09	1.0097e-11	1.0644e-10	2.1898e-11	2.8996e-09	2.0488e-10	3.0617e-09	2.8595e-10	1.1542e-08	3.9346e-09	6.9949e-07	9.1144e-09	2.2188e-08	2.132e-10	5.2162e-10	3.4122e-11	8.5339e-11	5.1182e-12	5.1182e-11	6.8243e-12	3.4122e-11	5.1182e-12	1.7061e-11	3.4122e-12	8.5339e-12	6.8243e-13	3.4122e-12	1.5354e-12	3.4122e-13	1.0234e-12	3.4122e-13	1.194e-12	1.5354e-13	3.4122e-12	2.3888e-13	5.1182e-12	1.0234e-12	4.6062e-12	3.4122e-13	3.4122e-12	3.4122e-13	8.5339e-13	1.3647e-13	6.8243e-13	1.7061e-13	6.8243e-14	3.4122e-13	5.1182e-14	3.4122e-13	6.8243e-14	1.7061e-13	3.4122e-14	1.5354e-13	3.4122e-14	1.3647e-13	1.5354e-14	1.7061e-13	3.4122e-14	5.1182e-13	5.1182e-13	1.0234e-12	1.7061e-13	1.7061e-13	1.5354e-13	1.7061e-12	1.0234e-13	3.4122e-14	2.0474e-14
5511.36	0.00087291	1.9911e-06	2.4181e-08	6.4783e-09	5.4378e-08	2.5097e-12	1.1325e-08	9.5319e-10	1.1291e-08	1.0355e-09	2.0494e-08	1.2987e-11	5.5636e-09	9.5852e-12	1.0105e-10	2.0788e-11	2.7527e-09	1.9695e-10	2.9431e-09	2.7488e-10	1.1095e-08	3.7823e-09	6.724e-07	8.7615e-09	2.1329e-08	2.0495e-10	5.0142e-10	3.2801e-11	8.2035e-11	4.9201e-12	4.9201e-11	6.5601e-12	3.2801e-11	4.9201e-12	1.64e-11	3.28e-12	8.2035e-12	6.5601e-13	3.28e-12	1.476e-12	3.2801e-13	9.8375e-13	3.2801e-13	1.1478e-12	1.476e-13	3.28e-12	2.2963e-13	4.9201e-12	9.8375e-13	4.4279e-12	3.2801e-13	3.28e-12	3.2801e-13	8.2035e-13	1.3119e-13	6.5601e-13	1.64e-13	6.5601e-14	3.2801e-13	4.9201e-14	3.2801e-13	6.5601e-14	1.64e-13	3.2801e-14	1.476e-13	3.2801e-14	1.3119e-13	1.476e-14	1.64e-13	3.2801e-14	4.9201e-13	4.9201e-13	9.8375e-13	1.64e-13	1.64e-13	1.476e-13	1.64e-12	9.8375e-14	3.2801e-14	1.9682e-14
5587.95	0.00084489	1.9263e-06	2.3264e-08	6.1994e-09	5.2052e-08	2.3953e-12	1.0862e-08	9.1131e-10	1.0783e-08	9.8522e-10	1.9458e-08	1.2332e-11	5.2828e-09	9.0994e-12	9.5925e-11	1.9735e-11	2.6131e-09	1.8933e-10	2.8292e-09	2.6424e-10	1.0665e-08	3.6359e-09	6.4637e-07	8.4223e-09	2.0503e-08	1.9701e-10	4.8201e-10	3.1531e-11	7.8859e-11	4.7296e-12	4.7296e-11	6.3061e-12	3.1531e-11	4.7296e-12	1.5765e-11	3.1531e-12	7.8859e-12	6.3061e-13	3.1531e-12	1.4188e-12	3.1531e-13	9.4566e-13	3.1531e-13	1.1034e-12	1.4188e-13	3.1531e-12	2.2074e-13	4.7296e-12	9.4566e-13	4.2564e-12	3.1531e-13	3.1531e-12	3.1531e-13	7.8859e-13	1.2611e-13	6.3061e-13	1.5765e-13	6.3061e-14	3.1531e-13	4.7296e-14	3.1531e-13	6.3061e-14	1.5765e-13	3.1531e-14	1.4188e-13	3.1531e-14	1.2611e-13	1.4188e-14	1.5765e-13	3.1531e-14	4.7296e-13	4.7296e-13	9.4566e-13	1.5765e-13	1.5765e-13	1.4188e-13	1.5765e-12	9.4566e-14	3.1531e-14	1.892e-14
5665.61	0.00081894	1.8578e-06	2.2337e-08	5.9223e-09	4.9745e-08	2.2861e-12	1.0431e-08	8.7075e-10	1.0304e-08	9.3718e-10	1.8471e-08	1.171e-11	5.0159e-09	8.6382e-12	9.1063e-11	1.8735e-11	2.4807e-09	1.82e-10	2.7197e-09	2.5401e-10	1.0252e-08	3.4951e-09	6.2134e-07	8.0962e-09	1.9709e-08	1.8939e-10	4.6335e-10	3.031e-11	7.5806e-11	4.5465e-12	4.5465e-11	6.062e-12	3.031e-11	4.5465e-12	1.5155e-11	3.031e-12	7.5806e-12	6.062e-13	3.031e-12	1.3639e-12	3.031e-13	9.0904e-13	3.031e-13	1.0607e-12	1.3639e-13	3.031e-12	2.1219e-13	4.5465e-12	9.0904e-13	4.0916e-12	3.031e-13	3.031e-12	3.031e-13	7.5806e-13	1.2123e-13	6.062e-13	1.5155e-13	6.062e-14	3.031e-13	4.5465e-14	3.031e-13	6.062e-14	1.5155e-13	3.031e-14	1.3639e-13	3.031e-14	1.2123e-13	1.3639e-14	1.5155e-13	3.031e-14	4.5465e-13	4.5465e-13	9.0904e-13	1.5155e-13	1.5155e-13	1.3639e-13	1.5155e-12	9.0904e-14	3.031e-14	1.8187e-14
5744.35	0.00079267	1.7949e-06	2.1471e-08	5.6622e-09	4.7468e-08	2.1808e-12	9.9875e-09	8.3099e-10	9.8377e-09	8.9101e-10	1.7535e-08	1.112e-11	4.7617e-09	8.2004e-12	8.6448e-11	1.7785e-11	2.355e-09	1.7495e-10	2.6144e-09	2.4417e-10	9.8553e-09	3.3598e-09	5.9729e-07	7.7827e-09	1.8946e-08	1.8205e-10	4.4541e-10	2.9136e-11	7.2871e-11	4.3704e-12	4.3704e-11	5.8273e-12	2.9136e-11	4.3704e-12	1.4568e-11	2.9136e-12	7.2871e-12	5.8273e-13	2.9136e-12	1.3111e-12	2.9136e-13	8.7385e-13	2.9136e-13	1.0196e-12	1.3111e-13	2.9136e-12	2.0398e-13	4.3704e-12	8.7385e-13	3.9332e-12	2.9136e-13	2.9136e-12	2.9136e-13	7.2871e-13	1.1653e-13	5.8273e-13	1.4568e-13	5.8273e-14	2.9136e-13	4.3704e-14	2.9136e-13	5.8273e-14	1.4568e-13	2.9136e-14	1.3111e-13	2.9136e-14	1.1653e-13	1.3111e-14	1.4568e-13	2.9136e-14	4.3704e-13	4.3704e-13	8.7385e-13	1.4568e-13	1.4568e-13	1.3111e-13	1.4568e-12	8.7385e-14	2.9136e-14	1.7483e-14
5824.18	0.00076563	1.7243e-06	2.0556e-08	5.4014e-09	4.5222e-08	2.0786e-12	9.5394e-09	7.9248e-10	9.3837e-09	8.4627e-10	1.6647e-08	1.0559e-11	4.5203e-09	7.7848e-12	8.2067e-11	1.6884e-11	2.2356e-09	1.6818e-10	2.5131e-09	2.3472e-10	9.4738e-09	3.2297e-09	5.7416e-07	7.4814e-09	1.8212e-08	1.75e-10	4.2816e-10	2.8008e-11	7.0049e-11	4.2012e-12	4.2012e-11	5.6016e-12	2.8008e-11	4.2012e-12	1.4004e-11	2.8008e-12	7.0049e-12	5.6016e-13	2.8008e-12	1.2603e-12	2.8008e-13	8.4002e-13	2.8008e-13	9.8011e-13	1.2603e-13	2.8008e-12	1.9608e-13	4.2012e-12	8.4002e-13	3.7809e-12	2.8008e-13	2.8008e-12	2.8008e-13	7.0049e-13	1.1202e-13	5.6016e-13	1.4004e-13	5.6016e-14	2.8008e-13	4.2012e-14	2.8008e-13	5.6016e-14	1.4004e-13	2.8008e-14	1.2603e-13	2.8008e-14	1.1202e-13	1.2603e-14	1.4004e-13	2.8008e-14	4.2012e-13	4.2012e-13	8.4002e-13	1.4004e-13	1.4004e-13	1.2603e-13	1.4004e-12	8.4002e-14	2.8008e-14	1.6806e-14
5905.12	0.00074162	1.6556e-06	1.9676e-08	5.1514e-09	4.3068e-08	1.9802e-12	9.1051e-09	7.5531e-10	8.9447e-09	8.0338e-10	1.5803e-08	1.0025e-11	4.2912e-09	7.3902e-12	7.7907e-11	1.6028e-11	2.1223e-09	1.6166e-10	2.4158e-09	2.2563e-10	9.107e-09	3.1046e-09	5.5193e-07	7.1917e-09	1.7507e-08	1.6823e-10	4.1158e-10	2.6924e-11	6.7337e-11	4.0386e-12	4.0386e-11	5.3848e-12	2.6924e-11	4.0386e-12	1.3462e-11	2.6924e-12	6.7337e-12	5.3848e-13	2.6924e-12	1.2115e-12	2.6924e-13	8.0749e-13	2.6924e-13	9.4217e-13	1.2115e-13	2.6924e-12	1.8849e-13	4.0386e-12	8.0749e-13	3.6345e-12	2.6924e-13	2.6924e-12	2.6924e-13	6.7337e-13	1.0768e-13	5.3848e-13	1.3462e-13	5.3848e-14	2.6924e-13	4.0386e-14	2.6924e-13	5.3848e-14	1.3462e-13	2.6924e-14	1.2115e-13	2.6924e-14	1.0768e-13	1.2115e-14	1.3462e-13	2.6924e-14	4.0386e-13	4.0386e-13	8.0749e-13	1.3462e-13	1.3462e-13	1.2115e-13	1.3462e-12	8.0749e-14	2.6924e-14	1.6155e-14
5987.19	0.00071746	1.5894e-06	1.8831e-08	4.913e-09	4.1022e-08	1.8875e-12	8.6889e-09	7.1943e-10	8.5133e-09	7.6266e-10	1.5002e-08	9.5171e-12	4.0737e-09	7.0157e-12	7.3959e-11	1.5216e-11	2.0147e-09	1.554e-10	2.3223e-09	2.1689e-10	8.7544e-09	2.9844e-09	5.3056e-07	6.9133e-09	1.6829e-08	1.6172e-10	3.9565e-10	2.5881e-11	6.473e-11	3.8822e-12	3.8822e-11	5.1763e-12	2.5881e-11	3.8822e-12	1.2941e-11	2.5881e-12	6.473e-12	5.1763e-13	2.5881e-12	1.1646e-12	2.5881e-13	7.7623e-13	2.5881e-13	9.0569e-13	1.1646e-13	2.5881e-12	1.8119e-13	3.8822e-12	7.7623e-13	3.4938e-12	2.5881e-13	2.5881e-12	2.5881e-13	6.473e-13	1.0351e-13	5.1763e-13	1.2941e-13	5.1763e-14	2.5881e-13	3.8822e-14	2.5881e-13	5.1763e-14	1.2941e-13	2.5881e-14	1.1646e-13	2.5881e-14	1.0351e-13	1.1646e-14	1.2941e-13	2.5881e-14	3.8822e-13	3.8822e-13	7.7623e-13	1.2941e-13	1.2941e-13	1.1646e-13	1.2941e-12	7.7623e-14	2.5881e-14	1.553e-14
6070.39	0.00069212	1.5256e-06	1.8021e-08	4.6853e-09	3.9068e-08	1.7995e-12	8.2858e-09	6.8597e-10	8.0996e-09	7.2401e-10	1.4242e-08	9.0348e-12	3.8673e-09	6.6601e-12	7.021e-11	1.4445e-11	1.9126e-09	1.4939e-10	2.2324e-09	2.085e-10	8.4154e-09	2.8689e-09	5.1002e-07	6.6456e-09	1.6178e-08	1.5545e-10	3.8033e-10	2.4879e-11	6.2224e-11	3.7319e-12	3.7319e-11	4.9759e-12	2.4879e-11	3.7319e-12	1.244e-11	2.4879e-12	6.2224e-12	4.9759e-13	2.4879e-12	1.1195e-12	2.4879e-13	7.4618e-13	2.4879e-13	8.7062e-13	1.1195e-13	2.4879e-12	1.7418e-13	3.7319e-12	7.4618e-13	3.3586e-12	2.4879e-13	2.4879e-12	2.4879e-13	6.2224e-13	9.9507e-14	4.9759e-13	1.244e-13	4.9759e-14	2.4879e-13	3.7319e-14	2.4879e-13	4.9759e-14	1.244e-13	2.4879e-14	1.1195e-13	2.4879e-14	9.9507e-14	1.1195e-14	1.244e-13	2.4879e-14	3.7319e-13	3.7319e-13	7.4618e-13	1.244e-13	1.244e-13	1.1195e-13	1.244e-12	7.4618e-14	2.4879e-14	1.4929e-14
6154.76	0.00066666	1.4617e-06	1.7221e-08	4.4651e-09	3.7192e-08	1.7133e-12	7.8955e-09	6.5382e-10	7.7037e-09	6.8731e-10	1.352e-08	8.5769e-12	3.6713e-09	6.3225e-12	6.6652e-11	1.3712e-11	1.8157e-09	1.436e-10	2.146e-09	2.0042e-10	8.0896e-09	2.7578e-09	4.9027e-07	6.3883e-09	1.5551e-08	1.4944e-10	3.656e-10	2.3916e-11	5.9815e-11	3.5874e-12	3.5874e-11	4.7832e-12	2.3916e-11	3.5874e-12	1.1958e-11	2.3916e-12	5.9815e-12	4.7832e-13	2.3916e-12	1.0762e-12	2.3916e-13	7.1729e-13	2.3916e-13	8.3691e-13	1.0762e-13	2.3916e-12	1.6743e-13	3.5874e-12	7.1729e-13	3.2285e-12	2.3916e-13	2.3916e-12	2.3916e-13	5.9815e-13	9.5654e-14	4.7832e-13	1.1958e-13	4.7832e-14	2.3916e-13	3.5874e-14	2.3916e-13	4.7832e-14	1.1958e-13	2.3916e-14	1.0762e-13	2.3916e-14	9.5654e-14	1.0762e-14	1.1958e-13	2.3916e-14	3.5874e-13	3.5874e-13	7.1729e-13	1.1958e-13	1.1958e-13	1.0762e-13	1.1958e-12	7.1729e-14	2.3916e-14	1.4351e-14
6240.29	0.00064595	1.3988e-06	1.6444e-08	4.253e-09	3.5392e-08	1.629e-12	7.5223e-09	6.2253e-10	7.3274e-09	6.5248e-10	1.2835e-08	8.1422e-12	3.4852e-09	6.0021e-12	6.3274e-11	1.3017e-11	1.7237e-09	1.3804e-10	2.0629e-09	1.9266e-10	7.7764e-09	2.651e-09	4.7129e-07	6.141e-09	1.4949e-08	1.4365e-10	3.5145e-10	2.299e-11	5.7499e-11	3.4485e-12	3.4485e-11	4.598e-12	2.299e-11	3.4485e-12	1.1495e-11	2.299e-12	5.7499e-12	4.598e-13	2.299e-12	1.0345e-12	2.299e-13	6.8951e-13	2.299e-13	8.0451e-13	1.0345e-13	2.299e-12	1.6095e-13	3.4485e-12	6.8951e-13	3.1035e-12	2.299e-13	2.299e-12	2.299e-13	5.7499e-13	9.1951e-14	4.598e-13	1.1495e-13	4.598e-14	2.299e-13	3.4485e-14	2.299e-13	4.598e-14	1.1495e-13	2.299e-14	1.0345e-13	2.299e-14	9.1951e-14	1.0345e-14	1.1495e-13	2.299e-14	3.4485e-13	3.4485e-13	6.8951e-13	1.1495e-13	1.1495e-13	1.0345e-13	1.1495e-12	6.8951e-14	2.299e-14	1.3795e-14
6327.01	0.00062435	1.3386e-06	1.5703e-08	4.0512e-09	3.368e-08	1.5465e-12	7.1721e-09	5.9157e-10	6.9715e-09	6.1941e-10	1.2184e-08	7.7295e-12	3.3086e-09	5.6979e-12	6.0067e-11	1.2358e-11	1.6363e-09	1.327e-10	1.983e-09	1.852e-10	7.4753e-09	2.5484e-09	4.5304e-07	5.9032e-09	1.4371e-08	1.3809e-10	3.3784e-10	2.21e-11	5.5273e-11	3.315e-12	3.315e-11	4.42e-12	2.21e-11	3.315e-12	1.105e-11	2.21e-12	5.5273e-12	4.42e-13	2.21e-12	9.9445e-13	2.21e-13	6.6282e-13	2.21e-13	7.7336e-13	9.9445e-14	2.21e-12	1.5472e-13	3.315e-12	6.6282e-13	2.9834e-12	2.21e-13	2.21e-12	2.21e-13	5.5273e-13	8.8391e-14	4.42e-13	1.105e-13	4.42e-14	2.21e-13	3.315e-14	2.21e-13	4.42e-14	1.105e-13	2.21e-14	9.9445e-14	2.21e-14	8.8391e-14	9.9445e-15	1.105e-13	2.21e-14	3.315e-13	3.315e-13	6.6282e-13	1.105e-13	1.105e-13	9.9445e-14	1.105e-12	6.6282e-14	2.21e-14	1.3261e-14
6414.94	0.00060477	1.2826e-06	1.5008e-08	3.8609e-09	3.2061e-08	1.4681e-12	6.8359e-09	5.6159e-10	6.63e-09	5.8802e-10	1.1567e-08	7.3378e-12	3.1409e-09	5.4091e-12	5.7023e-11	1.1731e-11	1.5534e-09	1.2756e-10	1.9062e-09	1.7803e-10	7.1859e-09	2.4497e-09	4.355e-07	5.6747e-09	1.3814e-08	1.3274e-10	3.2476e-10	2.1244e-11	5.3133e-11	3.1866e-12	3.1866e-11	4.2489e-12	2.1244e-11	3.1866e-12	1.0622e-11	2.1244e-12	5.3133e-12	4.2489e-13	2.1244e-12	9.5595e-13	2.1244e-13	6.3716e-13	2.1244e-13	7.4342e-13	9.5595e-14	2.1244e-12	1.4873e-13	3.1866e-12	6.3716e-13	2.8679e-12	2.1244e-13	2.1244e-12	2.1244e-13	5.3133e-13	8.4969e-14	4.2489e-13	1.0622e-13	4.2489e-14	2.1244e-13	3.1866e-14	2.1244e-13	4.2489e-14	1.0622e-13	2.1244e-14	9.5595e-14	2.1244e-14	8.4969e-14	9.5595e-15	1.0622e-13	2.1244e-14	3.1866e-13	3.1866e-13	6.3716e-13	1.0622e-13	1.0622e-13	9.5595e-14	1.0622e-12	6.3716e-14	2.1244e-14	1.2747e-14
6504.09	0.00058699	1.2265e-06	1.4323e-08	3.6767e-09	3.0505e-08	1.3937e-12	6.5087e-09	5.3313e-10	6.302e-09	5.5821e-10	1.098e-08	6.9659e-12	2.9817e-09	5.135e-12	5.4133e-11	1.1137e-11	1.4747e-09	1.2262e-10	1.8324e-09	1.7114e-10	6.9077e-09	2.3549e-09	4.1864e-07	5.455e-09	1.3279e-08	1.276e-10	3.1219e-10	2.0422e-11	5.1075e-11	3.0633e-12	3.0633e-11	4.0844e-12	2.0422e-11	3.0633e-12	1.0211e-11	2.0422e-12	5.1075e-12	4.0844e-13	2.0422e-12	9.1894e-13	2.0422e-13	6.1249e-13	2.0422e-13	7.1464e-13	9.1894e-14	2.0422e-12	1.4297e-13	3.0633e-12	6.1249e-13	2.7568e-12	2.0422e-13	2.0422e-12	2.0422e-13	5.1075e-13	8.1679e-14	4.0844e-13	1.0211e-13	4.0844e-14	2.0422e-13	3.0633e-14	2.0422e-13	4.0844e-14	1.0211e-13	2.0422e-14	9.1894e-14	2.0422e-14	8.1679e-14	9.1894e-15	1.0211e-13	2.0422e-14	3.0633e-13	3.0633e-13	6.1249e-13	1.0211e-13	1.0211e-13	9.1894e-14	1.0211e-12	6.1249e-14	2.0422e-14	1.2254e-14
6594.48	0.00056883	1.1703e-06	1.3648e-08	3.498e-09	2.9007e-08	1.323e-12	6.1822e-09	5.0611e-10	5.9826e-09	5.2992e-10	1.0424e-08	6.6128e-12	2.8306e-09	4.8747e-12	5.1389e-11	1.0572e-11	1.3999e-09	1.1788e-10	1.7615e-09	1.6451e-10	6.6402e-09	2.2637e-09	4.0243e-07	5.2438e-09	1.2765e-08	1.2266e-10	3.001e-10	1.9631e-11	4.9098e-11	2.9447e-12	2.9447e-11	3.9262e-12	1.9631e-11	2.9447e-12	9.8156e-12	1.9631e-12	4.9098e-12	3.9262e-13	1.9631e-12	8.8336e-13	1.9631e-13	5.8877e-13	1.9631e-13	6.8697e-13	8.8336e-14	1.9631e-12	1.3743e-13	2.9447e-12	5.8877e-13	2.6501e-12	1.9631e-13	1.9631e-12	1.9631e-13	4.9098e-13	7.8516e-14	3.9262e-13	9.8156e-14	3.9262e-14	1.9631e-13	2.9447e-14	1.9631e-13	3.9262e-14	9.8156e-14	1.9631e-14	8.8336e-14	1.9631e-14	7.8516e-14	8.8336e-15	9.8156e-14	1.9631e-14	2.9447e-13	2.9447e-13	5.8877e-13	9.8156e-14	9.8156e-14	8.8336e-14	9.8156e-13	5.8877e-14	1.9631e-14	1.1779e-14
6686.13	0.00055129	1.111e-06	1.2956e-08	3.3208e-09	2.7538e-08	1.256e-12	5.8689e-09	4.8046e-10	5.6793e-09	5.0306e-10	9.8955e-09	6.2777e-12	2.6871e-09	4.6277e-12	4.8784e-11	1.0037e-11	1.329e-09	1.1331e-10	1.6933e-09	1.5815e-10	6.3831e-09	2.1761e-09	3.8685e-07	5.0407e-09	1.2271e-08	1.1791e-10	2.8848e-10	1.8871e-11	4.7197e-11	2.8307e-12	2.8307e-11	3.7742e-12	1.8871e-11	2.8307e-12	9.4355e-12	1.8871e-12	4.7197e-12	3.7742e-13	1.8871e-12	8.4916e-13	1.8871e-13	5.6598e-13	1.8871e-13	6.6037e-13	8.4916e-14	1.8871e-12	1.3211e-13	2.8307e-12	5.6598e-13	2.5475e-12	1.8871e-13	1.8871e-12	1.8871e-13	4.7197e-13	7.5476e-14	3.7742e-13	9.4355e-14	3.7742e-14	1.8871e-13	2.8307e-14	1.8871e-13	3.7742e-14	9.4355e-14	1.8871e-14	8.4916e-14	1.8871e-14	7.5476e-14	8.4916e-15	9.4355e-14	1.8871e-14	2.8307e-13	2.8307e-13	5.6598e-13	9.4355e-14	9.4355e-14	8.4916e-14	9.4355e-13	5.6598e-14	1.8871e-14	1.1323e-14
6779.05	0.00053403	1.0547e-06	1.2299e-08	3.1525e-09	2.6142e-08	1.1923e-12	5.5714e-09	4.5611e-10	5.3915e-09	4.7757e-10	9.394e-09	5.9595e-12	2.5509e-09	4.3931e-12	4.6312e-11	9.5279e-12	1.2616e-09	1.0892e-10	1.6277e-09	1.5202e-10	6.136e-09	2.0918e-09	3.7187e-07	4.8456e-09	1.1796e-08	1.1335e-10	2.7731e-10	1.814e-11	4.537e-11	2.7211e-12	2.7211e-11	3.6281e-12	1.814e-11	2.7211e-12	9.0702e-12	1.814e-12	4.537e-12	3.6281e-13	1.814e-12	8.1628e-13	1.814e-13	5.4406e-13	1.814e-13	6.348e-13	8.1628e-14	1.814e-12	1.27e-13	2.7211e-12	5.4406e-13	2.4488e-12	1.814e-13	1.814e-12	1.814e-13	4.537e-13	7.2554e-14	3.6281e-13	9.0702e-14	3.6281e-14	1.814e-13	2.7211e-14	1.814e-13	3.6281e-14	9.0702e-14	1.814e-14	8.1628e-14	1.814e-14	7.2554e-14	8.1628e-15	9.0702e-14	1.814e-14	2.7211e-13	2.7211e-13	5.4406e-13	9.0702e-14	9.0702e-14	8.1628e-14	9.0702e-13	5.4406e-14	1.814e-14	1.0885e-14
6873.26	0.00051715	1.0012e-06	1.1676e-08	2.9927e-09	2.4817e-08	1.1319e-12	5.289e-09	4.3299e-10	5.1182e-09	4.5336e-10	8.9179e-09	5.6575e-12	2.4216e-09	4.1705e-12	4.3965e-11	9.045e-12	1.1977e-09	1.0471e-10	1.5647e-09	1.4614e-10	5.8984e-09	2.0108e-09	3.5748e-07	4.658e-09	1.1339e-08	1.0896e-10	2.6658e-10	1.7438e-11	4.3613e-11	2.6157e-12	2.6157e-11	3.4876e-12	1.7438e-11	2.6157e-12	8.719e-12	1.7438e-12	4.3613e-12	3.4876e-13	1.7438e-12	7.8468e-13	1.7438e-13	5.23e-13	1.7438e-13	6.1023e-13	7.8468e-14	1.7438e-12	1.2208e-13	2.6157e-12	5.23e-13	2.354e-12	1.7438e-13	1.7438e-12	1.7438e-13	4.3613e-13	6.9745e-14	3.4876e-13	8.719e-14	3.4876e-14	1.7438e-13	2.6157e-14	1.7438e-13	3.4876e-14	8.719e-14	1.7438e-14	7.8468e-14	1.7438e-14	6.9745e-14	7.8468e-15	8.719e-14	1.7438e-14	2.6157e-13	2.6157e-13	5.23e-13	8.719e-14	8.719e-14	7.8468e-14	8.719e-13	5.23e-14	1.7438e-14	1.0464e-14
6968.78	0.00050407	9.5048e-07	1.1084e-08	2.841e-09	2.3559e-08	1.0745e-12	5.021e-09	4.1104e-10	4.8588e-09	4.3039e-10	8.4659e-09	5.3707e-12	2.2989e-09	3.9591e-12	4.1737e-11	8.5866e-12	1.137e-09	1.0065e-10	1.5041e-09	1.4048e-10	5.6701e-09	1.933e-09	3.4364e-07	4.4776e-09	1.09e-08	1.0474e-10	2.5625e-10	1.6763e-11	4.1924e-11	2.5144e-12	2.5144e-11	3.3526e-12	1.6763e-11	2.5144e-12	8.3815e-12	1.6763e-12	4.1924e-12	3.3526e-13	1.6763e-12	7.543e-13	1.6763e-13	5.0275e-13	1.6763e-13	5.866e-13	7.543e-14	1.6763e-12	1.1735e-13	2.5144e-12	5.0275e-13	2.2629e-12	1.6763e-13	1.6763e-12	1.6763e-13	4.1924e-13	6.7045e-14	3.3526e-13	8.3815e-14	3.3526e-14	1.6763e-13	2.5144e-14	1.6763e-13	3.3526e-14	8.3815e-14	1.6763e-14	7.543e-14	1.6763e-14	6.7045e-14	7.543e-15	8.3815e-14	1.6763e-14	2.5144e-13	2.5144e-13	5.0275e-13	8.3815e-14	8.3815e-14	7.543e-14	8.3815e-13	5.0275e-14	1.6763e-14	1.0058e-14
7065.63	0.00049066	9.0231e-07	1.0523e-08	2.697e-09	2.2365e-08	1.0201e-12	4.7665e-09	3.9021e-10	4.6126e-09	4.0857e-10	8.0368e-09	5.0985e-12	2.1824e-09	3.7584e-12	3.9621e-11	8.1514e-12	1.0793e-09	9.6756e-11	1.4459e-09	1.3504e-10	5.4505e-09	1.8581e-09	3.3033e-07	4.3043e-09	1.0478e-08	1.0069e-10	2.4633e-10	1.6114e-11	4.0301e-11	2.4171e-12	2.4171e-11	3.2228e-12	1.6114e-11	2.4171e-12	8.0569e-12	1.6114e-12	4.0301e-12	3.2228e-13	1.6114e-12	7.2509e-13	1.6114e-13	4.8328e-13	1.6114e-13	5.6389e-13	7.2509e-14	1.6114e-12	1.1281e-13	2.4171e-12	4.8328e-13	2.1753e-12	1.6114e-13	1.6114e-12	1.6114e-13	4.0301e-13	6.4449e-14	3.2228e-13	8.0569e-14	3.2228e-14	1.6114e-13	2.4171e-14	1.6114e-13	3.2228e-14	8.0569e-14	1.6114e-14	7.2509e-14	1.6114e-14	6.4449e-14	7.2509e-15	8.0569e-14	1.6114e-14	2.4171e-13	2.4171e-13	4.8328e-13	8.0569e-14	8.0569e-14	7.2509e-14	8.0569e-13	4.8328e-14	1.6114e-14	9.669e-15
7163.82	0.00047739	8.5658e-07	9.9893e-09	2.5603e-09	2.1232e-08	9.6838e-13	4.5249e-09	3.7043e-10	4.3788e-09	3.8787e-10	7.6295e-09	4.8401e-12	2.0718e-09	3.5679e-12	3.7613e-11	7.7382e-12	1.0246e-09	9.301e-11	1.3899e-09	1.2981e-10	5.2395e-09	1.7862e-09	3.1754e-07	4.1376e-09	1.0072e-08	9.6787e-11	2.368e-10	1.549e-11	3.8741e-11	2.3235e-12	2.3235e-11	3.098e-12	1.549e-11	2.3235e-12	7.745e-12	1.549e-12	3.8741e-12	3.098e-13	1.549e-12	6.9702e-13	1.549e-13	4.6457e-13	1.549e-13	5.4206e-13	6.9702e-14	1.549e-12	1.0844e-13	2.3235e-12	4.6457e-13	2.0911e-12	1.549e-13	1.549e-12	1.549e-13	3.8741e-13	6.1954e-14	3.098e-13	7.745e-14	3.098e-14	1.549e-13	2.3235e-14	1.549e-13	3.098e-14	7.745e-14	1.549e-14	6.9702e-14	1.549e-14	6.1954e-14	6.9702e-15	7.745e-14	1.549e-14	2.3235e-13	2.3235e-13	4.6457e-13	7.745e-14	7.745e-14	6.9702e-14	7.745e-13	4.6457e-14	1.549e-14	9.2946e-15
7263.38	0.00046432	8.1317e-07	9.483e-09	2.4306e-09	2.0156e-08	9.193e-13	4.2956e-09	3.5166e-10	4.1569e-09	3.6821e-10	7.2428e-09	4.5948e-12	1.9668e-09	3.3871e-12	3.5707e-11	7.3461e-12	9.7271e-10	8.9409e-11	1.3361e-09	1.2479e-10	5.0366e-09	1.717e-09	3.0525e-07	3.9774e-09	9.6825e-09	9.3039e-11	2.2763e-10	1.489e-11	3.7241e-11	2.2335e-12	2.2335e-11	2.9781e-12	1.489e-11	2.2335e-12	7.4451e-12	1.489e-12	3.7241e-12	2.9781e-13	1.489e-12	6.7003e-13	1.489e-13	4.4659e-13	1.489e-13	5.2107e-13	6.7003e-14	1.489e-12	1.0424e-13	2.2335e-12	4.4659e-13	2.0101e-12	1.489e-13	1.489e-12	1.489e-13	3.7241e-13	5.9555e-14	2.9781e-13	7.4451e-14	2.9781e-14	1.489e-13	2.2335e-14	1.489e-13	2.9781e-14	7.4451e-14	1.489e-14	6.7003e-14	1.489e-14	5.9555e-14	6.7003e-15	7.4451e-14	1.489e-14	2.2335e-13	2.2335e-13	4.4659e-13	7.4451e-14	7.4451e-14	6.7003e-14	7.4451e-13	4.4659e-14	1.489e-14	8.9348e-15
7364.32	0.000449	7.7195e-07	9.0024e-09	2.3074e-09	1.9134e-08	8.7271e-13	4.0779e-09	3.3384e-10	3.9462e-09	3.4955e-10	6.8757e-09	4.3619e-12	1.8671e-09	3.2154e-12	3.3897e-11	6.9737e-12	9.2341e-10	8.5947e-11	1.2844e-09	1.1995e-10	4.8416e-09	1.6506e-09	2.9343e-07	3.8234e-09	9.3076e-09	8.9437e-11	2.1881e-10	1.4314e-11	3.5799e-11	2.1471e-12	2.1471e-11	2.8628e-12	1.4314e-11	2.1471e-12	7.1569e-12	1.4314e-12	3.5799e-12	2.8628e-13	1.4314e-12	6.4409e-13	1.4314e-13	4.293e-13	1.4314e-13	5.0089e-13	6.4409e-14	1.4314e-12	1.0021e-13	2.1471e-12	4.293e-13	1.9323e-12	1.4314e-13	1.4314e-12	1.4314e-13	3.5799e-13	5.7249e-14	2.8628e-13	7.1569e-14	2.8628e-14	1.4314e-13	2.1471e-14	1.4314e-13	2.8628e-14	7.1569e-14	1.4314e-14	6.4409e-14	1.4314e-14	5.7249e-14	6.4409e-15	7.1569e-14	1.4314e-14	2.1471e-13	2.1471e-13	4.293e-13	7.1569e-14	7.1569e-14	6.4409e-14	7.1569e-13	4.293e-14	1.4314e-14	8.5888e-15
7466.67	0.00043748	7.3283e-07	8.5461e-09	2.1904e-09	1.8164e-08	8.2848e-13	3.8712e-09	3.1692e-10	3.7462e-09	3.3183e-10	6.5273e-09	4.1409e-12	1.7725e-09	3.0525e-12	3.2179e-11	6.6203e-12	8.7661e-10	8.262e-11	1.2346e-09	1.1531e-10	4.6542e-09	1.5867e-09	2.8207e-07	3.6754e-09	8.9472e-09	8.5974e-11	2.1034e-10	1.376e-11	3.4413e-11	2.0639e-12	2.0639e-11	2.7519e-12	1.376e-11	2.0639e-12	6.8798e-12	1.376e-12	3.4413e-12	2.7519e-13	1.376e-12	6.1915e-13	1.376e-13	4.1267e-13	1.376e-13	4.815e-13	6.1915e-14	1.376e-12	9.6328e-14	2.0639e-12	4.1267e-13	1.8575e-12	1.376e-13	1.376e-12	1.376e-13	3.4413e-13	5.5033e-14	2.7519e-13	6.8798e-14	2.7519e-14	1.376e-13	2.0639e-14	1.376e-13	2.7519e-14	6.8798e-14	1.376e-14	6.1915e-14	1.376e-14	5.5033e-14	6.1915e-15	6.8798e-14	1.376e-14	2.0639e-13	2.0639e-13	4.1267e-13	6.8798e-14	6.8798e-14	6.1915e-14	6.8798e-13	4.1267e-14	1.376e-14	8.2563e-15
7570.44	0.00042641	6.9569e-07	8.113e-09	2.0794e-09	1.7244e-08	7.8649e-13	3.675e-09	3.0086e-10	3.5563e-09	3.1501e-10	6.1964e-09	3.931e-12	1.6826e-09	2.8978e-12	3.0548e-11	6.2848e-12	8.3218e-10	7.9421e-11	1.1868e-09	1.1085e-10	4.474e-09	1.5252e-09	2.7115e-07	3.5331e-09	8.6008e-09	8.2646e-11	2.022e-10	1.3227e-11	3.3081e-11	1.984e-12	1.984e-11	2.6454e-12	1.3227e-11	1.984e-12	6.6134e-12	1.3227e-12	3.3081e-12	2.6454e-13	1.3227e-12	5.9518e-13	1.3227e-13	3.967e-13	1.3227e-13	4.6286e-13	5.9518e-14	1.3227e-12	9.2599e-14	1.984e-12	3.967e-13	1.7855e-12	1.3227e-13	1.3227e-12	1.3227e-13	3.3081e-13	5.2902e-14	2.6454e-13	6.6134e-14	2.6454e-14	1.3227e-13	1.984e-14	1.3227e-13	2.6454e-14	6.6134e-14	1.3227e-14	5.9518e-14	1.3227e-14	5.2902e-14	5.9518e-15	6.6134e-14	1.3227e-14	1.984e-13	1.984e-13	3.967e-13	6.6134e-14	6.6134e-14	5.9518e-14	6.6134e-13	3.967e-14	1.3227e-14	7.9366e-15
7675.65	0.00041348	6.6043e-07	7.7018e-09	1.974e-09	1.637e-08	7.4663e-13	3.4887e-09	2.8561e-10	3.3761e-09	2.9905e-10	5.8824e-09	3.7318e-12	1.5974e-09	2.7509e-12	2.9e-11	5.9662e-12	7.9e-10	7.6346e-11	1.1409e-09	1.0655e-10	4.3008e-09	1.4662e-09	2.6065e-07	3.3963e-09	8.2678e-09	7.9446e-11	1.9437e-10	1.2715e-11	3.18e-11	1.9072e-12	1.9072e-11	2.5429e-12	1.2715e-11	1.9072e-12	6.3574e-12	1.2715e-12	3.18e-12	2.5429e-13	1.2715e-12	5.7214e-13	1.2715e-13	3.8134e-13	1.2715e-13	4.4494e-13	5.7214e-14	1.2715e-12	8.9014e-14	1.9072e-12	3.8134e-13	1.7164e-12	1.2715e-13	1.2715e-12	1.2715e-13	3.18e-13	5.0854e-14	2.5429e-13	6.3574e-14	2.5429e-14	1.2715e-13	1.9072e-14	1.2715e-13	2.5429e-14	6.3574e-14	1.2715e-14	5.7214e-14	1.2715e-14	5.0854e-14	5.7214e-15	6.3574e-14	1.2715e-14	1.9072e-13	1.9072e-13	3.8134e-13	6.3574e-14	6.3574e-14	5.7214e-14	6.3574e-13	3.8134e-14	1.2715e-14	7.6294e-15
7782.32	0.00040091	6.2696e-07	7.3114e-09	1.874e-09	1.554e-08	7.0879e-13	3.3119e-09	2.7113e-10	3.205e-09	2.8389e-10	5.5843e-09	3.5426e-12	1.5164e-09	2.6115e-12	2.753e-11	5.6639e-12	7.4996e-10	7.339e-11	1.0967e-09	1.0243e-10	4.1342e-09	1.4094e-09	2.5056e-07	3.2648e-09	7.9477e-09	7.637e-11	1.8684e-10	1.2222e-11	3.0569e-11	1.8334e-12	1.8334e-11	2.4445e-12	1.2222e-11	1.8334e-12	6.1112e-12	1.2222e-12	3.0569e-12	2.4445e-13	1.2222e-12	5.4999e-13	1.2222e-13	3.6657e-13	1.2222e-13	4.2771e-13	5.4999e-14	1.2222e-12	8.5567e-14	1.8334e-12	3.6657e-13	1.65e-12	1.2222e-13	1.2222e-12	1.2222e-13	3.0569e-13	4.8885e-14	2.4445e-13	6.1112e-14	2.4445e-14	1.2222e-13	1.8334e-14	1.2222e-13	2.4445e-14	6.1112e-14	1.2222e-14	5.4999e-14	1.2222e-14	4.8885e-14	5.4999e-15	6.1112e-14	1.2222e-14	1.8334e-13	1.8334e-13	3.6657e-13	6.1112e-14	6.1112e-14	5.4999e-14	6.1112e-13	3.6657e-14	1.2222e-14	7.334e-15
7890.47	0.000389	5.9518e-07	6.9409e-09	1.779e-09	1.4752e-08	6.7286e-13	3.1441e-09	2.5739e-10	3.0425e-09	2.695e-10	5.3012e-09	3.3631e-12	1.4395e-09	2.4791e-12	2.6135e-11	5.3768e-12	7.1195e-10	7.0548e-11	1.0542e-09	9.8462e-11	3.9742e-09	1.3548e-09	2.4086e-07	3.1384e-09	7.64e-09	7.3413e-11	1.7961e-10	1.1749e-11	2.9385e-11	1.7624e-12	1.7624e-11	2.3498e-12	1.1749e-11	1.7624e-12	5.8746e-12	1.1749e-12	2.9385e-12	2.3498e-13	1.1749e-12	5.2869e-13	1.1749e-13	3.5238e-13	1.1749e-13	4.1115e-13	5.2869e-14	1.1749e-12	8.2254e-14	1.7624e-12	3.5238e-13	1.5861e-12	1.1749e-13	1.1749e-12	1.1749e-13	2.9385e-13	4.6992e-14	2.3498e-13	5.8746e-14	2.3498e-14	1.1749e-13	1.7624e-14	1.1749e-13	2.3498e-14	5.8746e-14	1.1749e-14	5.2869e-14	1.1749e-14	4.6992e-14	5.2869e-15	5.8746e-14	1.1749e-14	1.7624e-13	1.7624e-13	3.5238e-13	5.8746e-14	5.8746e-14	5.2869e-14	5.8746e-13	3.5238e-14	1.1749e-14	7.05e-15
8000.13	0.00037855	5.6502e-07	6.5891e-09	1.6888e-09	1.4005e-08	6.3876e-13	2.9847e-09	2.4435e-10	2.8883e-09	2.5584e-10	5.0326e-09	3.1926e-12	1.3666e-09	2.3535e-12	2.481e-11	5.1043e-12	6.7587e-10	6.7817e-11	1.0134e-09	9.465e-11	3.8203e-09	1.3024e-09	2.3153e-07	3.0169e-09	7.3442e-09	7.0571e-11	1.7266e-10	1.1294e-11	2.8247e-11	1.6942e-12	1.6942e-11	2.2589e-12	1.1294e-11	1.6942e-12	5.6472e-12	1.1294e-12	2.8247e-12	2.2589e-13	1.1294e-12	5.0822e-13	1.1294e-13	3.3874e-13	1.1294e-13	3.9523e-13	5.0822e-14	1.1294e-12	7.907e-14	1.6942e-12	3.3874e-13	1.5247e-12	1.1294e-13	1.1294e-12	1.1294e-13	2.8247e-13	4.5173e-14	2.2589e-13	5.6472e-14	2.2589e-14	1.1294e-13	1.6942e-14	1.1294e-13	2.2589e-14	5.6472e-14	1.1294e-14	5.0822e-14	1.1294e-14	4.5173e-14	5.0822e-15	5.6472e-14	1.1294e-14	1.6942e-13	1.6942e-13	3.3874e-13	5.6472e-14	5.6472e-14	5.0822e-14	5.6472e-13	3.3874e-14	1.1294e-14	6.7771e-15
8111.31	0.0003698	5.3638e-07	6.2551e-09	1.6032e-09	1.3295e-08	6.0639e-13	2.8335e-09	2.3196e-10	2.742e-09	2.4288e-10	4.7775e-09	3.0308e-12	1.2973e-09	2.2342e-12	2.3553e-11	4.8456e-12	6.4161e-10	6.5191e-11	9.7419e-10	9.0985e-11	3.6724e-09	1.252e-09	2.2257e-07	2.9001e-09	7.0598e-09	6.7838e-11	1.6597e-10	1.0857e-11	2.7154e-11	1.6286e-12	1.6286e-11	2.1714e-12	1.0857e-11	1.6286e-12	5.4285e-12	1.0857e-12	2.7154e-12	2.1714e-13	1.0857e-12	4.8854e-13	1.0857e-13	3.2562e-13	1.0857e-13	3.7993e-13	4.8854e-14	1.0857e-12	7.6008e-14	1.6286e-12	3.2562e-13	1.4656e-12	1.0857e-13	1.0857e-12	1.0857e-13	2.7154e-13	4.3424e-14	2.1714e-13	5.4285e-14	2.1714e-14	1.0857e-13	1.6286e-14	1.0857e-13	2.1714e-14	5.4285e-14	1.0857e-14	4.8854e-14	1.0857e-14	4.3424e-14	4.8854e-15	5.4285e-14	1.0857e-14	1.6286e-13	1.6286e-13	3.2562e-13	5.4285e-14	5.4285e-14	4.8854e-14	5.4285e-13	3.2562e-14	1.0857e-14	6.5147e-15
8224.03	0.00036056	5.0919e-07	5.9381e-09	1.522e-09	1.2621e-08	5.7565e-13	2.6898e-09	2.2021e-10	2.603e-09	2.3057e-10	4.5354e-09	2.8772e-12	1.2316e-09	2.121e-12	2.2359e-11	4.6e-12	6.091e-10	6.2667e-11	9.3647e-10	8.7463e-11	3.5302e-09	1.2035e-09	2.1395e-07	2.7878e-09	6.7865e-09	6.5212e-11	1.5955e-10	1.0437e-11	2.6102e-11	1.5655e-12	1.5655e-11	2.0873e-12	1.0437e-11	1.5655e-12	5.2183e-12	1.0437e-12	2.6102e-12	2.0873e-13	1.0437e-12	4.6963e-13	1.0437e-13	3.1302e-13	1.0437e-13	3.6522e-13	4.6963e-14	1.0437e-12	7.3065e-14	1.5655e-12	3.1302e-13	1.4089e-12	1.0437e-13	1.0437e-12	1.0437e-13	2.6102e-13	4.1742e-14	2.0873e-13	5.2183e-14	2.0873e-14	1.0437e-13	1.5655e-14	1.0437e-13	2.0873e-14	5.2183e-14	1.0437e-14	4.6963e-14	1.0437e-14	4.1742e-14	4.6963e-15	5.2183e-14	1.0437e-14	1.5655e-13	1.5655e-13	3.1302e-13	5.2183e-14	5.2183e-14	4.6963e-14	5.2183e-13	3.1302e-14	1.0437e-14	6.2624e-15
8338.33	0.00035198	4.8339e-07	5.6372e-09	1.4448e-09	1.1981e-08	5.4648e-13	2.5535e-09	2.0904e-10	2.4711e-09	2.1888e-10	4.3055e-09	2.7314e-12	1.1692e-09	2.0135e-12	2.1226e-11	4.3669e-12	5.7823e-10	6.0241e-11	9.0021e-10	8.4076e-11	3.3935e-09	1.1569e-09	2.0567e-07	2.6799e-09	6.5237e-09	6.2687e-11	1.5337e-10	1.0033e-11	2.5092e-11	1.5049e-12	1.5049e-11	2.0065e-12	1.0033e-11	1.5049e-12	5.0163e-12	1.0033e-12	2.5092e-12	2.0065e-13	1.0033e-12	4.5145e-13	1.0033e-13	3.009e-13	1.0033e-13	3.5108e-13	4.5145e-14	1.0033e-12	7.0237e-14	1.5049e-12	3.009e-13	1.3543e-12	1.0033e-13	1.0033e-12	1.0033e-13	2.5092e-13	4.0126e-14	2.0065e-13	5.0163e-14	2.0065e-14	1.0033e-13	1.5049e-14	1.0033e-13	2.0065e-14	5.0163e-14	1.0033e-14	4.5145e-14	1.0033e-14	4.0126e-14	4.5145e-15	5.0163e-14	1.0033e-14	1.5049e-13	1.5049e-13	3.009e-13	5.0163e-14	5.0163e-14	4.5145e-14	5.0163e-13	3.009e-14	1.0033e-14	6.02e-15
8454.21	0.00034294	4.5889e-07	5.3515e-09	1.3716e-09	1.1374e-08	5.1878e-13	2.4241e-09	1.9845e-10	2.3458e-09	2.0779e-10	4.0873e-09	2.593e-12	1.1099e-09	1.9114e-12	2.015e-11	4.1455e-12	5.4892e-10	5.7909e-11	8.6536e-10	8.0821e-11	3.2621e-09	1.1121e-09	1.977e-07	2.5761e-09	6.2712e-09	6.026e-11	1.4743e-10	9.6442e-12	2.412e-11	1.4466e-12	1.4466e-11	1.9288e-12	9.6442e-12	1.4466e-12	4.8221e-12	9.6442e-13	2.412e-12	1.9288e-13	9.6442e-13	4.3397e-13	9.6442e-14	2.8925e-13	9.6442e-14	3.3749e-13	4.3397e-14	9.6442e-13	6.7517e-14	1.4466e-12	2.8925e-13	1.3019e-12	9.6442e-14	9.6442e-13	9.6442e-14	2.412e-13	3.8573e-14	1.9288e-13	4.8221e-14	1.9288e-14	9.6442e-14	1.4466e-14	9.6442e-14	1.9288e-14	4.8221e-14	9.6442e-15	4.3397e-14	9.6442e-15	3.8573e-14	4.3397e-15	4.8221e-14	9.6442e-15	1.4466e-13	1.4466e-13	2.8925e-13	4.8221e-14	4.8221e-14	4.3397e-14	4.8221e-13	2.8925e-14	9.6442e-15	5.7869e-15
8571.7	0.00033338	4.3563e-07	5.0802e-09	1.3021e-09	1.0798e-08	4.9249e-13	2.3012e-09	1.8839e-10	2.2269e-09	1.9726e-10	3.8801e-09	2.4615e-12	1.0536e-09	1.8145e-12	1.9129e-11	3.9354e-12	5.211e-10	5.5666e-11	8.3185e-10	7.7692e-11	3.1358e-09	1.069e-09	1.9005e-07	2.4764e-09	6.0284e-09	5.7927e-11	1.4172e-10	9.2708e-12	2.3186e-11	1.3906e-12	1.3906e-11	1.8542e-12	9.2708e-12	1.3906e-12	4.6354e-12	9.2708e-13	2.3186e-12	1.8542e-13	9.2708e-13	4.1717e-13	9.2708e-14	2.7805e-13	9.2708e-14	3.2442e-13	4.1717e-14	9.2708e-13	6.4903e-14	1.3906e-12	2.7805e-13	1.2515e-12	9.2708e-14	9.2708e-13	9.2708e-14	2.3186e-13	3.7079e-14	1.8542e-13	4.6354e-14	1.8542e-14	9.2708e-14	1.3906e-14	9.2708e-14	1.8542e-14	4.6354e-14	9.2708e-15	4.1717e-14	9.2708e-15	3.7079e-14	4.1717e-15	4.6354e-14	9.2708e-15	1.3906e-13	1.3906e-13	2.7805e-13	4.6354e-14	4.6354e-14	4.1717e-14	4.6354e-13	2.7805e-14	9.2708e-15	5.5628e-15
8690.82	0.00032273	4.1355e-07	4.8228e-09	1.2361e-09	1.025e-08	4.6753e-13	2.1846e-09	1.7884e-10	2.1141e-09	1.8726e-10	3.6835e-09	2.3368e-12	1.0002e-09	1.7226e-12	1.8159e-11	3.736e-12	4.9469e-10	5.3511e-11	7.9965e-10	7.4684e-11	3.0144e-09	1.0276e-09	1.8269e-07	2.3805e-09	5.795e-09	5.5684e-11	1.3624e-10	8.9118e-12	2.2289e-11	1.3368e-12	1.3368e-11	1.7824e-12	8.9118e-12	1.3368e-12	4.4559e-12	8.9118e-13	2.2289e-12	1.7824e-13	8.9118e-13	4.0101e-13	8.9118e-14	2.6728e-13	8.9118e-14	3.1186e-13	4.0101e-14	8.9118e-13	6.239e-14	1.3368e-12	2.6728e-13	1.203e-12	8.9118e-14	8.9118e-13	8.9118e-14	2.2289e-13	3.5644e-14	1.7824e-13	4.4559e-14	1.7824e-14	8.9118e-14	1.3368e-14	8.9118e-14	1.7824e-14	4.4559e-14	8.9118e-15	4.0101e-14	8.9118e-15	3.5644e-14	4.0101e-15	4.4559e-14	8.9118e-15	1.3368e-13	1.3368e-13	2.6728e-13	4.4559e-14	4.4559e-14	4.0101e-14	4.4559e-13	2.6728e-14	8.9118e-15	5.3475e-15
8811.6	0.00031341	3.9259e-07	4.5783e-09	1.1735e-09	9.731e-09	4.4383e-13	2.0739e-09	1.6978e-10	2.0069e-09	1.7777e-10	3.4968e-09	2.2183e-12	9.4955e-10	1.6353e-12	1.7239e-11	3.5466e-12	4.6962e-10	5.1439e-11	7.6869e-10	7.1792e-11	2.8977e-09	9.8786e-10	1.7562e-07	2.2883e-09	5.5706e-09	5.3528e-11	1.3096e-10	8.5668e-12	2.1426e-11	1.285e-12	1.285e-11	1.7134e-12	8.5668e-12	1.285e-12	4.2834e-12	8.5668e-13	2.1426e-12	1.7134e-13	8.5668e-13	3.8549e-13	8.5668e-14	2.5693e-13	8.5668e-14	2.9979e-13	3.8549e-14	8.5668e-13	5.9975e-14	1.285e-12	2.5693e-13	1.1565e-12	8.5668e-14	8.5668e-13	8.5668e-14	2.1426e-13	3.4264e-14	1.7134e-13	4.2834e-14	1.7134e-14	8.5668e-14	1.285e-14	8.5668e-14	1.7134e-14	4.2834e-14	8.5668e-15	3.8549e-14	8.5668e-15	3.4264e-14	3.8549e-15	4.2834e-14	8.5668e-15	1.285e-13	1.285e-13	2.5693e-13	4.2834e-14	4.2834e-14	3.8549e-14	4.2834e-13	2.5693e-14	8.5668e-15	5.1404e-15
8934.06	0.00030416	3.7269e-07	4.3463e-09	1.114e-09	9.2378e-09	4.2134e-13	1.9688e-09	1.6117e-10	1.9052e-09	1.6876e-10	3.3196e-09	2.1059e-12	9.0142e-10	1.5524e-12	1.6365e-11	3.3669e-12	4.4582e-10	4.9448e-11	7.3892e-10	6.9013e-11	2.7855e-09	9.4961e-10	1.6882e-07	2.1997e-09	5.3549e-09	5.1456e-11	1.2589e-10	8.2351e-12	2.0596e-11	1.2353e-12	1.2353e-11	1.647e-12	8.2351e-12	1.2353e-12	4.1176e-12	8.2351e-13	2.0596e-12	1.647e-13	8.2351e-13	3.7056e-13	8.2351e-14	2.4699e-13	8.2351e-14	2.8818e-13	3.7056e-14	8.2351e-13	5.7653e-14	1.2353e-12	2.4699e-13	1.1117e-12	8.2351e-14	8.2351e-13	8.2351e-14	2.0596e-13	3.2937e-14	1.647e-13	4.1176e-14	1.647e-14	8.2351e-14	1.2353e-14	8.2351e-14	1.647e-14	4.1176e-14	8.2351e-15	3.7056e-14	8.2351e-15	3.2937e-14	3.7056e-15	4.1176e-14	8.2351e-15	1.2353e-13	1.2353e-13	2.4699e-13	4.1176e-14	4.1176e-14	3.7056e-14	4.1176e-13	2.4699e-14	8.2351e-15	4.9414e-15
9058.22	0.00029538	3.5381e-07	4.126e-09	1.0575e-09	8.7696e-09	3.9998e-13	1.869e-09	1.5301e-10	1.8086e-09	1.6021e-10	3.1513e-09	1.9992e-12	8.5574e-10	1.4737e-12	1.5536e-11	3.1962e-12	4.2322e-10	4.7533e-11	7.1032e-10	6.6341e-11	2.6777e-09	9.1285e-10	1.6228e-07	2.1146e-09	5.1476e-09	4.9464e-11	1.2102e-10	7.9163e-12	1.9799e-11	1.1874e-12	1.1874e-11	1.5833e-12	7.9163e-12	1.1874e-12	3.9581e-12	7.9163e-13	1.9799e-12	1.5833e-13	7.9163e-13	3.5622e-13	7.9163e-14	2.3742e-13	7.9163e-14	2.7702e-13	3.5622e-14	7.9163e-13	5.542e-14	1.1874e-12	2.3742e-13	1.0686e-12	7.9163e-14	7.9163e-13	7.9163e-14	1.9799e-13	3.1662e-14	1.5833e-13	3.9581e-14	1.5833e-14	7.9163e-14	1.1874e-14	7.9163e-14	1.5833e-14	3.9581e-14	7.9163e-15	3.5622e-14	7.9163e-15	3.1662e-14	3.5622e-15	3.9581e-14	7.9163e-15	1.1874e-13	1.1874e-13	2.3742e-13	3.9581e-14	3.9581e-14	3.5622e-14	3.9581e-13	2.3742e-14	7.9163e-15	4.7501e-15
9184.11	0.00028612	3.3587e-07	3.9169e-09	1.0039e-09	8.3251e-09	3.7971e-13	1.7743e-09	1.4525e-10	1.717e-09	1.5209e-10	2.9916e-09	1.8979e-12	8.1237e-10	1.399e-12	1.4748e-11	3.0342e-12	4.0177e-10	4.5693e-11	6.8281e-10	6.3772e-11	2.574e-09	8.775e-10	1.56e-07	2.0327e-09	4.9483e-09	4.7548e-11	1.1633e-10	7.6098e-12	1.9032e-11	1.1415e-12	1.1415e-11	1.522e-12	7.6098e-12	1.1415e-12	3.8049e-12	7.6098e-13	1.9032e-12	1.522e-13	7.6098e-13	3.4242e-13	7.6098e-14	2.2823e-13	7.6098e-14	2.663e-13	3.4242e-14	7.6098e-13	5.3275e-14	1.1415e-12	2.2823e-13	1.0273e-12	7.6098e-14	7.6098e-13	7.6098e-14	1.9032e-13	3.0436e-14	1.522e-13	3.8049e-14	1.522e-14	7.6098e-14	1.1415e-14	7.6098e-14	1.522e-14	3.8049e-14	7.6098e-15	3.4242e-14	7.6098e-15	3.0436e-14	3.4242e-15	3.8049e-14	7.6098e-15	1.1415e-13	1.1415e-13	2.2823e-13	3.8049e-14	3.8049e-14	3.4242e-14	3.8049e-13	2.2823e-14	7.6098e-15	4.5662e-15
9311.74	0.0002784	3.1885e-07	3.7184e-09	9.5305e-10	7.9032e-09	3.6047e-13	1.6843e-09	1.3789e-10	1.63e-09	1.4438e-10	2.84e-09	1.8017e-12	7.7119e-10	1.3281e-12	1.4001e-11	2.8805e-12	3.8141e-10	4.3924e-11	6.5638e-10	6.1303e-11	2.4743e-09	8.4353e-10	1.4996e-07	1.954e-09	4.7567e-09	4.5708e-11	1.1183e-10	7.3151e-12	1.8295e-11	1.0973e-12	1.0973e-11	1.463e-12	7.3151e-12	1.0973e-12	3.6576e-12	7.3151e-13	1.8295e-12	1.463e-13	7.3151e-13	3.2917e-13	7.3151e-14	2.1939e-13	7.3151e-14	2.5599e-13	3.2917e-14	7.3151e-13	5.1212e-14	1.0973e-12	2.1939e-13	9.875e-13	7.3151e-14	7.3151e-13	7.3151e-14	1.8295e-13	2.9258e-14	1.463e-13	3.6576e-14	1.463e-14	7.3151e-14	1.0973e-14	7.3151e-14	1.463e-14	3.6576e-14	7.3151e-15	3.2917e-14	7.3151e-15	2.9258e-14	3.2917e-15	3.6576e-14	7.3151e-15	1.0973e-13	1.0973e-13	2.1939e-13	3.6576e-14	3.6576e-14	3.2917e-14	3.6576e-13	2.1939e-14	7.3151e-15	4.3894e-15
9441.15	0.00027033	3.0269e-07	3.5299e-09	9.0474e-10	7.5026e-09	3.422e-13	1.599e-09	1.309e-10	1.5473e-09	1.3706e-10	2.696e-09	1.7104e-12	7.3211e-10	1.2608e-12	1.3291e-11	2.7345e-12	3.6208e-10	4.2223e-11	6.3096e-10	5.893e-11	2.3785e-09	8.1087e-10	1.4415e-07	1.8783e-09	4.5725e-09	4.3938e-11	1.075e-10	7.0319e-12	1.7587e-11	1.0548e-12	1.0548e-11	1.4064e-12	7.0319e-12	1.0548e-12	3.516e-12	7.0319e-13	1.7587e-12	1.4064e-13	7.0319e-13	3.1642e-13	7.0319e-14	2.109e-13	7.0319e-14	2.4607e-13	3.1642e-14	7.0319e-13	4.9229e-14	1.0548e-12	2.109e-13	9.4927e-13	7.0319e-14	7.0319e-13	7.0319e-14	1.7587e-13	2.8125e-14	1.4064e-13	3.516e-14	1.4064e-14	7.0319e-14	1.0548e-14	7.0319e-14	1.4064e-14	3.516e-14	7.0319e-15	3.1642e-14	7.0319e-15	2.8125e-14	3.1642e-15	3.516e-14	7.0319e-15	1.0548e-13	1.0548e-13	2.109e-13	3.516e-14	3.516e-14	3.1642e-14	3.516e-13	2.109e-14	7.0319e-15	4.2194e-15
9572.36	0.00026277	2.8735e-07	3.351e-09	8.5889e-10	7.1224e-09	3.2485e-13	1.5179e-09	1.2427e-10	1.4689e-09	1.3011e-10	2.5594e-09	1.6237e-12	6.95e-10	1.1969e-12	1.2618e-11	2.5959e-12	3.4373e-10	4.0588e-11	6.0653e-10	5.6648e-11	2.2865e-09	7.7947e-10	1.3857e-07	1.8056e-09	4.3955e-09	4.2237e-11	1.0334e-10	6.7597e-12	1.6906e-11	1.0139e-12	1.0139e-11	1.3519e-12	6.7597e-12	1.0139e-12	3.3798e-12	6.7597e-13	1.6906e-12	1.3519e-13	6.7597e-13	3.0417e-13	6.7597e-14	2.0273e-13	6.7597e-14	2.3655e-13	3.0417e-14	6.7597e-13	4.7323e-14	1.0139e-12	2.0273e-13	9.1251e-13	6.7597e-14	6.7597e-13	6.7597e-14	1.6906e-13	2.7036e-14	1.3519e-13	3.3798e-14	1.3519e-14	6.7597e-14	1.0139e-14	6.7597e-14	1.3519e-14	3.3798e-14	6.7597e-15	3.0417e-14	6.7597e-15	2.7036e-14	3.0417e-15	3.3798e-14	6.7597e-15	1.0139e-13	1.0139e-13	2.0273e-13	3.3798e-14	3.3798e-14	3.0417e-14	3.3798e-13	2.0273e-14	6.7597e-15	4.0561e-15
9705.39	0.0002557	2.7279e-07	3.1812e-09	8.1536e-10	6.7614e-09	3.0839e-13	1.441e-09	1.1797e-10	1.3945e-09	1.2352e-10	2.4297e-09	1.5414e-12	6.5978e-10	1.1362e-12	1.1978e-11	2.4643e-12	3.2631e-10	3.9017e-11	5.8305e-10	5.4455e-11	2.1979e-09	7.4929e-10	1.3321e-07	1.7357e-09	4.2253e-09	4.0601e-11	9.9334e-11	6.4979e-12	1.6252e-11	9.7469e-13	9.7469e-12	1.2996e-12	6.4979e-12	9.7469e-13	3.249e-12	6.4979e-13	1.6252e-12	1.2996e-13	6.4979e-13	2.9239e-13	6.498e-14	1.9489e-13	6.498e-14	2.2739e-13	2.9239e-14	6.4979e-13	4.5491e-14	9.7469e-13	1.9489e-13	8.7718e-13	6.498e-14	6.4979e-13	6.498e-14	1.6252e-13	2.5989e-14	1.2996e-13	3.249e-14	1.2996e-14	6.498e-14	9.7469e-15	6.498e-14	1.2996e-14	3.249e-14	6.498e-15	2.9239e-14	6.498e-15	2.5989e-14	2.9239e-15	3.249e-14	6.498e-15	9.7469e-14	9.7469e-14	1.9489e-13	3.249e-14	3.249e-14	2.9239e-14	3.249e-13	1.9489e-14	6.498e-15	3.899e-15
9840.27	0.00024906	2.5896e-07	3.0199e-09	7.7403e-10	6.4187e-09	2.9276e-13	1.368e-09	1.1199e-10	1.3238e-09	1.1726e-10	2.3065e-09	1.4633e-12	6.2634e-10	1.0787e-12	1.1371e-11	2.3394e-12	3.0977e-10	3.7506e-11	5.6048e-10	5.2347e-11	2.1128e-09	7.2028e-10	1.2805e-07	1.6685e-09	4.0617e-09	3.9029e-11	9.5488e-11	6.2464e-12	1.5622e-11	9.3695e-13	9.3695e-12	1.2493e-12	6.2464e-12	9.3695e-13	3.1232e-12	6.2464e-13	1.5622e-12	1.2493e-13	6.2464e-13	2.8107e-13	6.2464e-14	1.8734e-13	6.2464e-14	2.1858e-13	2.8107e-14	6.2464e-13	4.373e-14	9.3695e-13	1.8734e-13	8.4322e-13	6.2464e-14	6.2464e-13	6.2464e-14	1.5622e-13	2.4983e-14	1.2493e-13	3.1232e-14	1.2493e-14	6.2464e-14	9.3696e-15	6.2464e-14	1.2493e-14	3.1232e-14	6.2464e-15	2.8107e-14	6.2464e-15	2.4983e-14	2.8107e-15	3.1232e-14	6.2464e-15	9.3695e-14	9.3695e-14	1.8734e-13	3.1232e-14	3.1232e-14	2.8107e-14	3.1232e-13	1.8734e-14	6.2464e-15	3.7481e-15
9977.02	0.00024275	2.4584e-07	2.8669e-09	7.348e-10	6.0934e-09	2.7792e-13	1.2986e-09	1.0631e-10	1.2567e-09	1.1132e-10	2.1896e-09	1.3891e-12	5.9459e-10	1.024e-12	1.0795e-11	2.2209e-12	2.9407e-10	3.6054e-11	5.3878e-10	5.032e-11	2.031e-09	6.924e-10	1.2309e-07	1.6039e-09	3.9045e-09	3.7518e-11	9.1791e-11	6.0045e-12	1.5017e-11	9.0068e-13	9.0068e-12	1.2009e-12	6.0045e-12	9.0068e-13	3.0023e-12	6.0045e-13	1.5017e-12	1.2009e-13	6.0045e-13	2.7019e-13	6.0045e-14	1.8009e-13	6.0045e-14	2.1012e-13	2.7019e-14	6.0045e-13	4.2037e-14	9.0068e-13	1.8009e-13	8.1057e-13	6.0045e-14	6.0045e-13	6.0045e-14	1.5017e-13	2.4016e-14	1.2009e-13	3.0023e-14	1.2009e-14	6.0045e-14	9.0068e-15	6.0045e-14	1.2009e-14	3.0023e-14	6.0045e-15	2.7019e-14	6.0045e-15	2.4016e-14	2.7019e-15	3.0023e-14	6.0045e-15	9.0068e-14	9.0068e-14	1.8009e-13	3.0023e-14	3.0023e-14	2.7019e-14	3.0023e-13	1.8009e-14	6.0045e-15	3.603e-15
10115.7	0.00023723	2.3338e-07	2.7216e-09	6.9756e-10	5.7846e-09	2.6384e-13	1.2328e-09	1.0093e-10	1.193e-09	1.0567e-10	2.0787e-09	1.3187e-12	5.6446e-10	9.7209e-13	1.0248e-11	2.1083e-12	2.7916e-10	3.4658e-11	5.1792e-10	4.8372e-11	1.9524e-09	6.6559e-10	1.1833e-07	1.5418e-09	3.7533e-09	3.6066e-11	8.8237e-11	5.772e-12	1.4436e-11	8.6581e-13	8.6581e-12	1.1544e-12	5.772e-12	8.6581e-13	2.886e-12	5.772e-13	1.4436e-12	1.1544e-13	5.772e-13	2.5973e-13	5.772e-14	1.7311e-13	5.772e-14	2.0199e-13	2.5973e-14	5.772e-13	4.0409e-14	8.6581e-13	1.7311e-13	7.7919e-13	5.772e-14	5.772e-13	5.772e-14	1.4436e-13	2.3086e-14	1.1544e-13	2.886e-14	1.1544e-14	5.772e-14	8.6581e-15	5.772e-14	1.1544e-14	2.886e-14	5.772e-15	2.5973e-14	5.772e-15	2.3086e-14	2.5973e-15	2.886e-14	5.772e-15	8.6581e-14	8.6581e-14	1.7311e-13	2.886e-14	2.886e-14	2.5973e-14	2.886e-13	1.7311e-14	5.772e-15	3.4635e-15
10256.3	0.00023289	2.2155e-07	2.5837e-09	6.6221e-10	5.4914e-09	2.5046e-13	1.1703e-09	9.581e-11	1.1325e-09	1.0032e-10	1.9733e-09	1.2519e-12	5.3585e-10	9.2282e-13	9.7284e-12	2.0014e-12	2.6502e-10	3.3316e-11	4.9786e-10	4.6499e-11	1.8768e-09	6.3982e-10	1.1374e-07	1.4821e-09	3.608e-09	3.4669e-11	8.4821e-11	5.5486e-12	1.3877e-11	8.3228e-13	8.3228e-12	1.1097e-12	5.5486e-12	8.3228e-13	2.7743e-12	5.5486e-13	1.3877e-12	1.1097e-13	5.5486e-13	2.4967e-13	5.5486e-14	1.6641e-13	5.5486e-14	1.9417e-13	2.4967e-14	5.5486e-13	3.8845e-14	8.3228e-13	1.6641e-13	7.4902e-13	5.5486e-14	5.5486e-13	5.5486e-14	1.3877e-13	2.2192e-14	1.1097e-13	2.7743e-14	1.1097e-14	5.5486e-14	8.3228e-15	5.5486e-14	1.1097e-14	2.7743e-14	5.5486e-15	2.4967e-14	5.5486e-15	2.2192e-14	2.4967e-15	2.7743e-14	5.5486e-15	8.3228e-14	8.3228e-14	1.6641e-13	2.7743e-14	2.7743e-14	2.4967e-14	2.7743e-13	1.6641e-14	5.5486e-15	3.3294e-15
10398.8	0.00022688	2.1032e-07	2.4527e-09	6.2865e-10	5.2131e-09	2.3777e-13	1.111e-09	9.0954e-11	1.0751e-09	9.5234e-11	1.8733e-09	1.1884e-12	5.0869e-10	8.7605e-13	9.2353e-12	1.9e-12	2.5158e-10	3.2026e-11	4.7859e-10	4.4698e-11	1.8041e-09	6.1505e-10	1.0934e-07	1.4247e-09	3.4683e-09	3.3327e-11	8.1537e-11	5.3337e-12	1.334e-11	8.0006e-13	8.0006e-12	1.0667e-12	5.3337e-12	8.0006e-13	2.6669e-12	5.3337e-13	1.334e-12	1.0667e-13	5.3337e-13	2.4001e-13	5.3337e-14	1.5997e-13	5.3337e-14	1.8665e-13	2.4001e-14	5.3337e-13	3.7341e-14	8.0006e-13	1.5997e-13	7.2002e-13	5.3337e-14	5.3337e-13	5.3337e-14	1.334e-13	2.1333e-14	1.0667e-13	2.6669e-14	1.0667e-14	5.3337e-14	8.0006e-15	5.3337e-14	1.0667e-14	2.6669e-14	5.3337e-15	2.4001e-14	5.3337e-15	2.1333e-14	2.4001e-15	2.6669e-14	5.3337e-15	8.0006e-14	8.0006e-14	1.5997e-13	2.6669e-14	2.6669e-14	2.4001e-14	2.6669e-13	1.5997e-14	5.3337e-15	3.2005e-15
10543.3	0.00022135	1.9966e-07	2.3284e-09	5.9678e-10	4.9489e-09	2.2572e-13	1.0547e-09	8.6345e-11	1.0207e-09	9.0407e-11	1.7784e-09	1.1282e-12	4.8291e-10	8.3165e-13	8.7672e-12	1.8037e-12	2.3883e-10	3.0787e-11	4.6006e-10	4.2968e-11	1.7343e-09	5.9123e-10	1.0511e-07	1.3696e-09	3.334e-09	3.2037e-11	7.838e-11	5.1272e-12	1.2823e-11	7.6908e-13	7.6908e-12	1.0254e-12	5.1272e-12	7.6908e-13	2.5636e-12	5.1272e-13	1.2823e-12	1.0254e-13	5.1272e-13	2.3071e-13	5.1272e-14	1.5377e-13	5.1272e-14	1.7942e-13	2.3071e-14	5.1272e-13	3.5895e-14	7.6908e-13	1.5377e-13	6.9214e-13	5.1272e-14	5.1272e-13	5.1272e-14	1.2823e-13	2.0507e-14	1.0254e-13	2.5636e-14	1.0254e-14	5.1272e-14	7.6908e-15	5.1272e-14	1.0254e-14	2.5636e-14	5.1272e-15	2.3071e-14	5.1272e-15	2.0507e-14	2.3071e-15	2.5636e-14	5.1272e-15	7.6908e-14	7.6908e-14	1.5377e-13	2.5636e-14	2.5636e-14	2.3071e-14	2.5636e-13	1.5377e-14	5.1272e-15	3.0765e-15
10689.8	0.00021539	1.8954e-07	2.2104e-09	5.6654e-10	4.6981e-09	2.1428e-13	1.0013e-09	8.1968e-11	9.6893e-10	8.5825e-11	1.6882e-09	1.071e-12	4.5844e-10	7.895e-13	8.3229e-12	1.7123e-12	2.2673e-10	2.9595e-11	4.4225e-10	4.1304e-11	1.6671e-09	5.6834e-10	1.0104e-07	1.3165e-09	3.2049e-09	3.0796e-11	7.5345e-11	4.9287e-12	1.2327e-11	7.3931e-13	7.3931e-12	9.8574e-13	4.9287e-12	7.3931e-13	2.4644e-12	4.9287e-13	1.2327e-12	9.8574e-14	4.9287e-13	2.2178e-13	4.9287e-14	1.4782e-13	4.9287e-14	1.7247e-13	2.2178e-14	4.9287e-13	3.4505e-14	7.3931e-13	1.4782e-13	6.6535e-13	4.9287e-14	4.9287e-13	4.9287e-14	1.2327e-13	1.9713e-14	9.8574e-14	2.4644e-14	9.8574e-15	4.9287e-14	7.3931e-15	4.9287e-14	9.8574e-15	2.4644e-14	4.9287e-15	2.2178e-14	4.9287e-15	1.9713e-14	2.2178e-15	2.4644e-14	4.9287e-15	7.3931e-14	7.3931e-14	1.4782e-13	2.4644e-14	2.4644e-14	2.2178e-14	2.4644e-13	1.4782e-14	4.9287e-15	2.9574e-15
10838.4	0.00021028	1.7993e-07	2.0984e-09	5.3782e-10	4.4599e-09	2.0342e-13	9.5051e-10	7.7814e-11	9.1982e-10	8.1476e-11	1.6027e-09	1.0167e-12	4.352e-10	7.4949e-13	7.9011e-12	1.6255e-12	2.1524e-10	2.8449e-11	4.2512e-10	3.9705e-11	1.6026e-09	5.4634e-10	9.7126e-08	1.2656e-09	3.0808e-09	2.9604e-11	7.2428e-11	4.7379e-12	1.185e-11	7.1068e-13	7.1068e-12	9.4758e-13	4.7379e-12	7.1068e-13	2.3689e-12	4.7379e-13	1.185e-12	9.4758e-14	4.7379e-13	2.132e-13	4.7379e-14	1.421e-13	4.7379e-14	1.658e-13	2.132e-14	4.7379e-13	3.3169e-14	7.1068e-13	1.421e-13	6.3959e-13	4.7379e-14	4.7379e-13	4.7379e-14	1.185e-13	1.895e-14	9.4758e-14	2.3689e-14	9.4758e-15	4.7379e-14	7.1068e-15	4.7379e-14	9.4758e-15	2.3689e-14	4.7379e-15	2.132e-14	4.7379e-15	1.895e-14	2.132e-15	2.3689e-14	4.7379e-15	7.1068e-14	7.1068e-14	1.421e-13	2.3689e-14	2.3689e-14	2.132e-14	2.3689e-13	1.421e-14	4.7379e-15	2.8429e-15
10989	0.00020459	1.7081e-07	1.992e-09	5.1057e-10	4.2339e-09	1.9311e-13	9.0234e-10	7.387e-11	8.732e-10	7.7346e-11	1.5214e-09	9.6519e-13	4.1314e-10	7.115e-13	7.5006e-12	1.5431e-12	2.0433e-10	2.7347e-11	4.0866e-10	3.8168e-11	1.5405e-09	5.2519e-10	9.3365e-08	1.2166e-09	2.9615e-09	2.8458e-11	6.9624e-11	4.5545e-12	1.1391e-11	6.8317e-13	6.8317e-12	9.1089e-13	4.5545e-12	6.8317e-13	2.2772e-12	4.5545e-13	1.1391e-12	9.1089e-14	4.5545e-13	2.0494e-13	4.5545e-14	1.366e-13	4.5545e-14	1.5938e-13	2.0494e-14	4.5545e-13	3.1885e-14	6.8317e-13	1.366e-13	6.1482e-13	4.5545e-14	4.5545e-13	4.5545e-14	1.1391e-13	1.8216e-14	9.1089e-14	2.2772e-14	9.1089e-15	4.5545e-14	6.8317e-15	4.5545e-14	9.1089e-15	2.2772e-14	4.5545e-15	2.0494e-14	4.5545e-15	1.8216e-14	2.0494e-15	2.2772e-14	4.5545e-15	6.8317e-14	6.8317e-14	1.366e-13	2.2772e-14	2.2772e-14	2.0494e-14	2.2772e-13	1.366e-14	4.5545e-15	2.7329e-15
11141.7	0.00019854	1.6216e-07	1.891e-09	4.8469e-10	4.0193e-09	1.8332e-13	8.5661e-10	7.0126e-11	8.2894e-10	7.3426e-11	1.4443e-09	9.1627e-13	3.9221e-10	6.7544e-13	7.1205e-12	1.4649e-12	1.9397e-10	2.6288e-11	3.9284e-10	3.669e-11	1.4809e-09	5.0485e-10	8.9751e-08	1.1695e-09	2.8469e-09	2.7356e-11	6.6928e-11	4.3781e-12	1.095e-11	6.5672e-13	6.5672e-12	8.7562e-13	4.3781e-12	6.5672e-13	2.1891e-12	4.3781e-13	1.095e-12	8.7562e-14	4.3781e-13	1.9701e-13	4.3781e-14	1.3131e-13	4.3781e-14	1.5321e-13	1.9701e-14	4.3781e-13	3.065e-14	6.5672e-13	1.3131e-13	5.9102e-13	4.3781e-14	4.3781e-13	4.3781e-14	1.095e-13	1.7511e-14	8.7562e-14	2.1891e-14	8.7562e-15	4.3781e-14	6.5672e-15	4.3781e-14	8.7562e-15	2.1891e-14	4.3781e-15	1.9701e-14	4.3781e-15	1.7511e-14	1.9701e-15	2.1891e-14	4.3781e-15	6.5672e-14	6.5672e-14	1.3131e-13	2.1891e-14	2.1891e-14	1.9701e-14	2.1891e-13	1.3131e-14	4.3781e-15	2.627e-15
11296.6	0.0001928	1.5394e-07	1.7952e-09	4.6012e-10	3.8156e-09	1.7403e-13	8.1319e-10	6.6572e-11	7.8693e-10	6.9705e-11	1.3711e-09	8.6984e-13	3.7233e-10	6.4121e-13	6.7596e-12	1.3907e-12	1.8414e-10	2.5271e-11	3.7763e-10	3.5269e-11	1.4236e-09	4.8531e-10	8.6276e-08	1.1242e-09	2.7367e-09	2.6297e-11	6.4337e-11	4.2086e-12	1.0526e-11	6.3129e-13	6.3129e-12	8.4172e-13	4.2086e-12	6.3129e-13	2.1043e-12	4.2086e-13	1.0526e-12	8.4172e-14	4.2086e-13	1.8938e-13	4.2086e-14	1.2622e-13	4.2086e-14	1.4728e-13	1.8938e-14	4.2086e-13	2.9464e-14	6.3129e-13	1.2622e-13	5.6814e-13	4.2086e-14	4.2086e-13	4.2086e-14	1.0526e-13	1.6833e-14	8.4172e-14	2.1043e-14	8.4172e-15	4.2086e-14	6.3129e-15	4.2086e-14	8.4172e-15	2.1043e-14	4.2086e-15	1.8938e-14	4.2086e-15	1.6833e-14	1.8938e-15	2.1043e-14	4.2086e-15	6.3129e-14	6.3129e-14	1.2622e-13	2.1043e-14	2.1043e-14	1.8938e-14	2.1043e-13	1.2622e-14	4.2086e-15	2.5253e-15
11453.6	0.00018738	1.4614e-07	1.7042e-09	4.368e-10	3.6222e-09	1.6521e-13	7.7198e-10	6.3198e-11	7.4705e-10	6.6172e-11	1.3016e-09	8.2575e-13	3.5346e-10	6.0871e-13	6.417e-12	1.3202e-12	1.7481e-10	2.4292e-11	3.6301e-10	3.3904e-11	1.3684e-09	4.6652e-10	8.2935e-08	1.0807e-09	2.6307e-09	2.5279e-11	6.1846e-11	4.0457e-12	1.0118e-11	6.0685e-13	6.0685e-12	8.0913e-13	4.0457e-12	6.0685e-13	2.0228e-12	4.0457e-13	1.0118e-12	8.0913e-14	4.0457e-13	1.8205e-13	4.0457e-14	1.2134e-13	4.0457e-14	1.4157e-13	1.8205e-14	4.0457e-13	2.8323e-14	6.0685e-13	1.2134e-13	5.4614e-13	4.0457e-14	4.0457e-13	4.0457e-14	1.0118e-13	1.6181e-14	8.0913e-14	2.0228e-14	8.0913e-15	4.0457e-14	6.0685e-15	4.0457e-14	8.0913e-15	2.0228e-14	4.0457e-15	1.8205e-14	4.0457e-15	1.6181e-14	1.8205e-15	2.0228e-14	4.0457e-15	6.0685e-14	6.0685e-14	1.2134e-13	2.0228e-14	2.0228e-14	1.8205e-14	2.0228e-13	1.2134e-14	4.0457e-15	2.4276e-15
11612.7	0.00018185	1.3873e-07	1.6178e-09	4.1467e-10	3.4386e-09	1.5684e-13	7.3285e-10	5.9995e-11	7.0919e-10	6.2818e-11	1.2357e-09	7.839e-13	3.3554e-10	5.7786e-13	6.0918e-12	1.2533e-12	1.6595e-10	2.3352e-11	3.4896e-10	3.2591e-11	1.3155e-09	4.4845e-10	7.9724e-08	1.0388e-09	2.5289e-09	2.43e-11	5.9452e-11	3.889e-12	9.7265e-12	5.8335e-13	5.8335e-12	7.778e-13	3.889e-12	5.8335e-13	1.9445e-12	3.889e-13	9.7265e-13	7.778e-14	3.889e-13	1.75e-13	3.889e-14	1.1664e-13	3.889e-14	1.3609e-13	1.75e-14	3.889e-13	2.7226e-14	5.8335e-13	1.1664e-13	5.2499e-13	3.889e-14	3.889e-13	3.889e-14	9.7265e-14	1.5555e-14	7.778e-14	1.9445e-14	7.778e-15	3.889e-14	5.8335e-15	3.889e-14	7.778e-15	1.9445e-14	3.889e-15	1.75e-14	3.889e-15	1.5555e-14	1.75e-15	1.9445e-14	3.889e-15	5.8335e-14	5.8335e-14	1.1664e-13	1.9445e-14	1.9445e-14	1.75e-14	1.9445e-13	1.1664e-14	3.889e-15	2.3336e-15
11774.1	0.00017592	1.317e-07	1.5359e-09	3.9365e-10	3.2644e-09	1.4889e-13	6.9571e-10	5.6954e-11	6.7324e-10	5.9634e-11	1.173e-09	7.4417e-13	3.1854e-10	5.4857e-13	5.783e-12	1.1898e-12	1.5754e-10	2.2448e-11	3.3545e-10	3.1329e-11	1.2645e-09	4.3109e-10	7.6637e-08	9.986e-10	2.4309e-09	2.3359e-11	5.715e-11	3.7385e-12	9.35e-12	5.6077e-13	5.6077e-12	7.4769e-13	3.7385e-12	5.6077e-13	1.8692e-12	3.7385e-13	9.35e-13	7.4769e-14	3.7385e-13	1.6822e-13	3.7385e-14	1.1212e-13	3.7385e-14	1.3082e-13	1.6822e-14	3.7385e-13	2.6172e-14	5.6077e-13	1.1212e-13	5.0467e-13	3.7385e-14	3.7385e-13	3.7385e-14	9.35e-14	1.4952e-14	7.4769e-14	1.8692e-14	7.4769e-15	3.7385e-14	5.6077e-15	3.7385e-14	7.4769e-15	1.8692e-14	3.7385e-15	1.6822e-14	3.7385e-15	1.4952e-14	1.6822e-15	1.8692e-14	3.7385e-15	5.6077e-14	5.6077e-14	1.1212e-13	1.8692e-14	1.8692e-14	1.6822e-14	1.8692e-13	1.1212e-14	3.7385e-15	2.2432e-15
11937.8	0.00017032	1.2502e-07	1.458e-09	3.737e-10	3.0989e-09	1.4134e-13	6.6045e-10	5.4068e-11	6.3912e-10	5.6612e-11	1.1136e-09	7.0645e-13	3.0239e-10	5.2077e-13	5.4899e-12	1.1295e-12	1.4955e-10	2.1578e-11	3.2246e-10	3.0116e-11	1.2156e-09	4.144e-10	7.367e-08	9.5993e-10	2.3368e-09	2.2455e-11	5.4937e-11	3.5937e-12	8.988e-12	5.3906e-13	5.3906e-12	7.1874e-13	3.5937e-12	5.3906e-13	1.7969e-12	3.5937e-13	8.988e-13	7.1874e-14	3.5937e-13	1.6171e-13	3.5937e-14	1.0778e-13	3.5937e-14	1.2576e-13	1.6171e-14	3.5937e-13	2.5159e-14	5.3906e-13	1.0778e-13	4.8513e-13	3.5937e-14	3.5937e-13	3.5937e-14	8.988e-14	1.4373e-14	7.1874e-14	1.7969e-14	7.1874e-15	3.5937e-14	5.3906e-15	3.5937e-14	7.1874e-15	1.7969e-14	3.5937e-15	1.6171e-14	3.5937e-15	1.4373e-14	1.6171e-15	1.7969e-14	3.5937e-15	5.3906e-14	5.3906e-14	1.0778e-13	1.7969e-14	1.7969e-14	1.6171e-14	1.7969e-13	1.0778e-14	3.5937e-15	2.1564e-15
12103.7	0.00016452	1.1869e-07	1.3841e-09	3.5476e-10	2.9419e-09	1.3418e-13	6.2698e-10	5.1328e-11	6.0673e-10	5.3743e-11	1.0571e-09	6.7065e-13	2.8707e-10	4.9438e-13	5.2117e-12	1.0722e-12	1.4197e-10	2.0743e-11	3.0997e-10	2.895e-11	1.1685e-09	3.9836e-10	7.0818e-08	9.2277e-10	2.2463e-09	2.1585e-11	5.281e-11	3.4546e-12	8.64e-12	5.1819e-13	5.1819e-12	6.9091e-13	3.4546e-12	5.1819e-13	1.7273e-12	3.4546e-13	8.64e-13	6.9091e-14	3.4546e-13	1.5545e-13	3.4546e-14	1.0361e-13	3.4546e-14	1.2089e-13	1.5545e-14	3.4546e-13	2.4185e-14	5.1819e-13	1.0361e-13	4.6635e-13	3.4546e-14	3.4546e-13	3.4546e-14	8.64e-14	1.3817e-14	6.9091e-14	1.7273e-14	6.9091e-15	3.4546e-14	5.1819e-15	3.4546e-14	6.9091e-15	1.7273e-14	3.4546e-15	1.5545e-14	3.4546e-15	1.3817e-14	1.5545e-15	1.7273e-14	3.4546e-15	5.1819e-14	5.1819e-14	1.0361e-13	1.7273e-14	1.7273e-14	1.5545e-14	1.7273e-13	1.0361e-14	3.4546e-15	2.0729e-15
12271.9	0.00015896	1.1267e-07	1.314e-09	3.3678e-10	2.7928e-09	1.2738e-13	5.952e-10	4.8726e-11	5.7598e-10	5.1019e-11	1.0036e-09	6.3666e-13	2.7252e-10	4.6932e-13	4.9475e-12	1.0179e-12	1.3478e-10	1.994e-11	2.9797e-10	2.783e-11	1.1233e-09	3.8293e-10	6.8076e-08	8.8704e-10	2.1594e-09	2.075e-11	5.0765e-11	3.3208e-12	8.3054e-12	4.9812e-13	4.9812e-12	6.6416e-13	3.3208e-12	4.9812e-13	1.6604e-12	3.3208e-13	8.3054e-13	6.6416e-14	3.3208e-13	1.4943e-13	3.3208e-14	9.9597e-14	3.3208e-14	1.1621e-13	1.4943e-14	3.3208e-13	2.3248e-14	4.9812e-13	9.9597e-14	4.4829e-13	3.3208e-14	3.3208e-13	3.3208e-14	8.3054e-14	1.3282e-14	6.6416e-14	1.6604e-14	6.6416e-15	3.3208e-14	4.9812e-15	3.3208e-14	6.6416e-15	1.6604e-14	3.3208e-15	1.4943e-14	3.3208e-15	1.3282e-14	1.4943e-15	1.6604e-14	3.3208e-15	4.9812e-14	4.9812e-14	9.9597e-14	1.6604e-14	1.6604e-14	1.4943e-14	1.6604e-13	9.9597e-15	3.3208e-15	1.9926e-15
12442.4	0.00015271	1.0696e-07	1.2474e-09	3.1971e-10	2.6512e-09	1.2092e-13	5.6503e-10	4.6257e-11	5.4679e-10	4.8433e-11	9.527e-10	6.0439e-13	2.5871e-10	4.4553e-13	4.6968e-12	9.6628e-13	1.2795e-10	1.9168e-11	2.8644e-10	2.6752e-11	1.0798e-09	3.6811e-10	6.544e-08	8.527e-10	2.0758e-09	1.9946e-11	4.88e-11	3.1922e-12	7.9839e-12	4.7884e-13	4.7884e-12	6.3845e-13	3.1922e-12	4.7884e-13	1.5961e-12	3.1922e-13	7.9839e-13	6.3845e-14	3.1922e-13	1.4364e-13	3.1922e-14	9.5741e-14	3.1922e-14	1.1171e-13	1.4364e-14	3.1922e-13	2.2348e-14	4.7884e-13	9.5741e-14	4.3093e-13	3.1922e-14	3.1922e-13	3.1922e-14	7.9839e-14	1.2768e-14	6.3845e-14	1.5961e-14	6.3845e-15	3.1922e-14	4.7884e-15	3.1922e-14	6.3845e-15	1.5961e-14	3.1922e-15	1.4364e-14	3.1922e-15	1.2768e-14	1.4364e-15	1.5961e-14	3.1922e-15	4.7884e-14	4.7884e-14	9.5741e-14	1.5961e-14	1.5961e-14	1.4364e-14	1.5961e-13	9.5741e-15	3.1922e-15	1.9155e-15
12615.3	0.00014677	1.0154e-07	1.1841e-09	3.0351e-10	2.5168e-09	1.1479e-13	5.364e-10	4.3912e-11	5.1907e-10	4.5978e-11	9.0442e-10	5.7376e-13	2.4559e-10	4.2295e-13	4.4587e-12	9.1731e-13	1.2146e-10	1.8426e-11	2.7535e-10	2.5716e-11	1.038e-09	3.5385e-10	6.2907e-08	8.1968e-10	1.9954e-09	1.9174e-11	4.691e-11	3.0686e-12	7.6748e-12	4.603e-13	4.603e-12	6.1373e-13	3.0686e-12	4.603e-13	1.5343e-12	3.0686e-13	7.6748e-13	6.1373e-14	3.0686e-13	1.3808e-13	3.0686e-14	9.2034e-14	3.0686e-14	1.0738e-13	1.3808e-14	3.0686e-13	2.1483e-14	4.603e-13	9.2034e-14	4.1425e-13	3.0686e-14	3.0686e-13	3.0686e-14	7.6748e-14	1.2273e-14	6.1373e-14	1.5343e-14	6.1373e-15	3.0686e-14	4.603e-15	3.0686e-14	6.1373e-15	1.5343e-14	3.0686e-15	1.3808e-14	3.0686e-15	1.2273e-14	1.3808e-15	1.5343e-14	3.0686e-15	4.603e-14	4.603e-14	9.2034e-14	1.5343e-14	1.5343e-14	1.3808e-14	1.5343e-13	9.2034e-15	3.0686e-15	1.8413e-15
12790.7	0.00014107	9.6395e-08	1.1241e-09	2.8812e-10	2.3893e-09	1.0898e-13	5.0921e-10	4.1687e-11	4.9277e-10	4.3648e-11	8.5858e-10	5.4468e-13	2.3315e-10	4.0152e-13	4.2328e-12	8.7082e-13	1.1531e-10	1.7712e-11	2.6468e-10	2.4721e-11	9.9778e-10	3.4015e-10	6.0471e-08	7.8795e-10	1.9181e-09	1.8432e-11	4.5094e-11	2.9498e-12	7.3776e-12	4.4248e-13	4.4248e-12	5.8997e-13	2.9498e-12	4.4248e-13	1.4749e-12	2.9498e-13	7.3776e-13	5.8997e-14	2.9498e-13	1.3274e-13	2.9498e-14	8.8471e-14	2.9498e-14	1.0323e-13	1.3274e-14	2.9498e-13	2.0651e-14	4.4248e-13	8.8471e-14	3.9821e-13	2.9498e-14	2.9498e-13	2.9498e-14	7.3776e-14	1.1798e-14	5.8997e-14	1.4749e-14	5.8997e-15	2.9498e-14	4.4248e-15	2.9498e-14	5.8997e-15	1.4749e-14	2.9498e-15	1.3274e-14	2.9498e-15	1.1798e-14	1.3274e-15	1.4749e-14	2.9498e-15	4.4248e-14	4.4248e-14	8.8471e-14	1.4749e-14	1.4749e-14	1.3274e-14	1.4749e-13	8.8471e-15	2.9498e-15	1.77e-15
12968.4	0.00013535	9.1509e-08	1.0672e-09	2.7352e-10	2.2682e-09	1.0345e-13	4.834e-10	3.9574e-11	4.6779e-10	4.1436e-11	8.1507e-10	5.1707e-13	2.2133e-10	3.8117e-13	4.0182e-12	8.2668e-13	1.0946e-10	1.7027e-11	2.5444e-10	2.3763e-11	9.5915e-10	3.2698e-10	5.813e-08	7.5744e-10	1.8439e-09	1.7718e-11	4.3348e-11	2.8356e-12	7.092e-12	4.2534e-13	4.2534e-12	5.6713e-13	2.8356e-12	4.2534e-13	1.4178e-12	2.8356e-13	7.092e-13	5.6713e-14	2.8356e-13	1.276e-13	2.8356e-14	8.5046e-14	2.8356e-14	9.923e-14	1.276e-14	2.8356e-13	1.9852e-14	4.2534e-13	8.5046e-14	3.8279e-13	2.8356e-14	2.8356e-13	2.8356e-14	7.092e-14	1.1341e-14	5.6713e-14	1.4178e-14	5.6713e-15	2.8356e-14	4.2534e-15	2.8356e-14	5.6713e-15	1.4178e-14	2.8356e-15	1.276e-14	2.8356e-15	1.1341e-14	1.276e-15	1.4178e-14	2.8356e-15	4.2534e-14	4.2534e-14	8.5046e-14	1.4178e-14	1.4178e-14	1.276e-14	1.4178e-13	8.5046e-15	2.8356e-15	1.7015e-15
13148.6	0.00012967	8.6871e-08	1.0131e-09	2.5966e-10	2.1532e-09	9.8209e-14	4.589e-10	3.7568e-11	4.4408e-10	3.9336e-11	7.7376e-10	4.9087e-13	2.1011e-10	3.6185e-13	3.8146e-12	7.8478e-13	1.0391e-10	1.6367e-11	2.4459e-10	2.2843e-11	9.2202e-10	3.1432e-10	5.5879e-08	7.2811e-10	1.7725e-09	1.7032e-11	4.167e-11	2.7258e-12	6.8174e-12	4.0888e-13	4.0888e-12	5.4517e-13	2.7258e-12	4.0888e-13	1.3629e-12	2.7258e-13	6.8174e-13	5.4517e-14	2.7258e-13	1.2266e-13	2.7258e-14	8.1753e-14	2.7258e-14	9.5388e-14	1.2266e-14	2.7258e-13	1.9083e-14	4.0888e-13	8.1753e-14	3.6797e-13	2.7258e-14	2.7258e-13	2.7258e-14	6.8174e-14	1.0902e-14	5.4517e-14	1.3629e-14	5.4517e-15	2.7258e-14	4.0888e-15	2.7258e-14	5.4517e-15	1.3629e-14	2.7258e-15	1.2266e-14	2.7258e-15	1.0902e-14	1.2266e-15	1.3629e-14	2.7258e-15	4.0888e-14	4.0888e-14	8.1753e-14	1.3629e-14	1.3629e-14	1.2266e-14	1.3629e-13	8.1753e-15	2.7258e-15	1.6356e-15
13331.4	0.00012405	8.2468e-08	9.6173e-10	2.465e-10	2.0441e-09	9.3232e-14	4.3564e-10	3.5664e-11	4.2158e-10	3.7342e-11	7.3454e-10	4.6599e-13	1.9946e-10	3.4351e-13	3.6213e-12	7.4501e-13	9.8648e-11	1.5734e-11	2.3512e-10	2.1959e-11	8.8632e-10	3.0215e-10	5.3716e-08	6.9992e-10	1.7039e-09	1.6373e-11	4.0057e-11	2.6203e-12	6.5534e-12	3.9305e-13	3.9305e-12	5.2406e-13	2.6203e-12	3.9305e-13	1.3102e-12	2.6203e-13	6.5534e-13	5.2406e-14	2.6203e-13	1.1791e-13	2.6203e-14	7.8588e-14	2.6203e-14	9.1695e-14	1.1791e-14	2.6203e-13	1.8344e-14	3.9305e-13	7.8588e-14	3.5372e-13	2.6203e-14	2.6203e-13	2.6203e-14	6.5534e-14	1.048e-14	5.2406e-14	1.3102e-14	5.2406e-15	2.6203e-14	3.9305e-15	2.6203e-14	5.2406e-15	1.3102e-14	2.6203e-15	1.1791e-14	2.6203e-15	1.048e-14	1.1791e-15	1.3102e-14	2.6203e-15	3.9305e-14	3.9305e-14	7.8588e-14	1.3102e-14	1.3102e-14	1.1791e-14	1.3102e-13	7.8588e-15	2.6203e-15	1.5723e-15
13516.7	0.00011893	7.8289e-08	9.1299e-10	2.3401e-10	1.9405e-09	8.8507e-14	4.1356e-10	3.3857e-11	4.0021e-10	3.545e-11	6.9731e-10	4.4237e-13	1.8935e-10	3.261e-13	3.4377e-12	7.0725e-13	9.3649e-11	1.5124e-11	2.2601e-10	2.1109e-11	8.52e-10	2.9046e-10	5.1636e-08	6.7282e-10	1.6379e-09	1.5739e-11	3.8506e-11	2.5189e-12	6.2997e-12	3.7783e-13	3.7783e-12	5.0377e-13	2.5189e-12	3.7783e-13	1.2594e-12	2.5189e-13	6.2997e-13	5.0377e-14	2.5189e-13	1.1334e-13	2.5189e-14	7.5545e-14	2.5189e-14	8.8144e-14	1.1334e-14	2.5189e-13	1.7634e-14	3.7783e-13	7.5545e-14	3.4003e-13	2.5189e-14	2.5189e-13	2.5189e-14	6.2997e-14	1.0074e-14	5.0377e-14	1.2594e-14	5.0377e-15	2.5189e-14	3.7783e-15	2.5189e-14	5.0377e-15	1.2594e-14	2.5189e-15	1.1334e-14	2.5189e-15	1.0074e-14	1.1334e-15	1.2594e-14	2.5189e-15	3.7783e-14	3.7783e-14	7.5545e-14	1.2594e-14	1.2594e-14	1.1334e-14	1.2594e-13	7.5545e-15	2.5189e-15	1.5114e-15
13704.5	0.0001139	7.4321e-08	8.6671e-10	2.2215e-10	1.8422e-09	8.4021e-14	3.926e-10	3.2141e-11	3.7993e-10	3.3653e-11	6.6197e-10	4.1995e-13	1.7976e-10	3.0957e-13	3.2635e-12	6.7141e-13	8.8902e-11	1.4539e-11	2.1726e-10	2.0292e-11	8.1901e-10	2.7921e-10	4.9637e-08	6.4677e-10	1.5745e-09	1.5129e-11	3.7015e-11	2.4213e-12	6.0558e-12	3.632e-13	3.632e-12	4.8427e-13	2.4213e-12	3.632e-13	1.2107e-12	2.4213e-13	6.0558e-13	4.8427e-14	2.4213e-13	1.0895e-13	2.4213e-14	7.262e-14	2.4213e-14	8.4732e-14	1.0895e-14	2.4213e-13	1.6951e-14	3.632e-13	7.262e-14	3.2686e-13	2.4213e-14	2.4213e-13	2.4213e-14	6.0558e-14	9.6843e-15	4.8427e-14	1.2107e-14	4.8427e-15	2.4213e-14	3.632e-15	2.4213e-14	4.8427e-15	1.2107e-14	2.4213e-15	1.0895e-14	2.4213e-15	9.6843e-15	1.0895e-15	1.2107e-14	2.4213e-15	3.632e-14	3.632e-14	7.262e-14	1.2107e-14	1.2107e-14	1.0895e-14	1.2107e-13	7.262e-15	2.4213e-15	1.4529e-15
13895	0.00010882	7.0554e-08	8.2279e-10	2.1089e-10	1.7488e-09	7.9763e-14	3.7271e-10	3.0512e-11	3.6067e-10	3.1947e-11	6.2842e-10	3.9867e-13	1.7065e-10	2.9388e-13	3.0981e-12	6.3738e-13	8.4396e-11	1.3976e-11	2.0885e-10	1.9506e-11	7.873e-10	2.684e-10	4.7715e-08	6.2173e-10	1.5135e-09	1.4544e-11	3.5582e-11	2.3276e-12	5.8213e-12	3.4914e-13	3.4914e-12	4.6552e-13	2.3276e-12	3.4914e-13	1.1638e-12	2.3276e-13	5.8213e-13	4.6552e-14	2.3276e-13	1.0474e-13	2.3276e-14	6.9808e-14	2.3276e-14	8.1451e-14	1.0474e-14	2.3276e-13	1.6295e-14	3.4914e-13	6.9808e-14	3.1421e-13	2.3276e-14	2.3276e-13	2.3276e-14	5.8213e-14	9.3094e-15	4.6552e-14	1.1638e-14	4.6552e-15	2.3276e-14	3.4914e-15	2.3276e-14	4.6552e-15	1.1638e-14	2.3276e-15	1.0474e-14	2.3276e-15	9.3094e-15	1.0474e-15	1.1638e-14	2.3276e-15	3.4914e-14	3.4914e-14	6.9808e-14	1.1638e-14	1.1638e-14	1.0474e-14	1.1638e-13	6.9808e-15	2.3276e-15	1.3966e-15
14088.1	0.00010336	6.6978e-08	7.8109e-10	2.002e-10	1.6602e-09	7.572e-14	3.5382e-10	2.8965e-11	3.4239e-10	3.0328e-11	5.9657e-10	3.7846e-13	1.62e-10	2.7899e-13	2.9411e-12	6.0507e-13	8.0119e-11	1.3435e-11	2.0076e-10	1.8751e-11	7.5682e-10	2.5801e-10	4.5868e-08	5.9766e-10	1.4549e-09	1.398e-11	3.4204e-11	2.2375e-12	5.596e-12	3.3562e-13	3.3562e-12	4.4749e-13	2.2375e-12	3.3562e-13	1.1187e-12	2.2375e-13	5.596e-13	4.4749e-14	2.2375e-13	1.0068e-13	2.2375e-14	6.7106e-14	2.2375e-14	7.8297e-14	1.0068e-14	2.2375e-13	1.5664e-14	3.3562e-13	6.7106e-14	3.0204e-13	2.2375e-14	2.2375e-13	2.2375e-14	5.596e-14	8.9489e-15	4.4749e-14	1.1187e-14	4.4749e-15	2.2375e-14	3.3562e-15	2.2375e-14	4.4749e-15	1.1187e-14	2.2375e-15	1.0068e-14	2.2375e-15	8.9489e-15	1.0068e-15	1.1187e-14	2.2375e-15	3.3562e-14	3.3562e-14	6.7106e-14	1.1187e-14	1.1187e-14	1.0068e-14	1.1187e-13	6.7106e-15	2.2375e-15	1.3426e-15
14283.8	9.8129e-05	6.3584e-08	7.415e-10	1.9005e-10	1.576e-09	7.1882e-14	3.3588e-10	2.7497e-11	3.2504e-10	2.8791e-11	5.6633e-10	3.5928e-13	1.5379e-10	2.6485e-13	2.792e-12	5.7441e-13	7.6058e-11	1.2915e-11	1.9299e-10	1.8025e-11	7.2752e-10	2.4802e-10	4.4092e-08	5.7452e-10	1.3986e-09	1.3439e-11	3.288e-11	2.1508e-12	5.3793e-12	3.2263e-13	3.2263e-12	4.3017e-13	2.1508e-12	3.2263e-13	1.0754e-12	2.1508e-13	5.3793e-13	4.3017e-14	2.1508e-13	9.6783e-14	2.1508e-14	6.4507e-14	2.1508e-14	7.5266e-14	9.6783e-15	2.1508e-13	1.5058e-14	3.2263e-13	6.4507e-14	2.9035e-13	2.1508e-14	2.1508e-13	2.1508e-14	5.3793e-14	8.6025e-15	4.3017e-14	1.0754e-14	4.3017e-15	2.1508e-14	3.2263e-15	2.1508e-14	4.3017e-15	1.0754e-14	2.1508e-15	9.6783e-15	2.1508e-15	8.6025e-15	9.6783e-16	1.0754e-14	2.1508e-15	3.2263e-14	3.2263e-14	6.4507e-14	1.0754e-14	1.0754e-14	9.6783e-15	1.0754e-13	6.4507e-15	2.1508e-15	1.2906e-15
14482.4	9.3165e-05	6.0361e-08	7.0392e-10	1.8042e-10	1.4961e-09	6.8239e-14	3.1886e-10	2.6104e-11	3.0856e-10	2.7332e-11	5.3763e-10	3.4107e-13	1.4599e-10	2.5142e-13	2.6505e-12	5.4529e-13	7.2204e-11	1.2415e-11	1.8552e-10	1.7327e-11	6.9935e-10	2.3842e-10	4.2385e-08	5.5228e-10	1.3444e-09	1.2919e-11	3.1607e-11	2.0676e-12	5.171e-12	3.1013e-13	3.1013e-12	4.1351e-13	2.0676e-12	3.1013e-13	1.0338e-12	2.0676e-13	5.171e-13	4.1351e-14	2.0676e-13	9.3036e-14	2.0676e-14	6.201e-14	2.0676e-14	7.2352e-14	9.3036e-15	2.0676e-13	1.4475e-14	3.1013e-13	6.201e-14	2.7911e-13	2.0676e-14	2.0676e-13	2.0676e-14	5.171e-14	8.2694e-15	4.1351e-14	1.0338e-14	4.1351e-15	2.0676e-14	3.1013e-15	2.0676e-14	4.1351e-15	1.0338e-14	2.0676e-15	9.3036e-15	2.0676e-15	8.2694e-15	9.3036e-16	1.0338e-14	2.0676e-15	3.1013e-14	3.1013e-14	6.201e-14	1.0338e-14	1.0338e-14	9.3036e-15	1.0338e-13	6.201e-15	2.0676e-15	1.2406e-15
14683.6	8.8452e-05	5.7302e-08	6.6824e-10	1.7128e-10	1.4203e-09	6.4781e-14	3.027e-10	2.4781e-11	2.9292e-10	2.5947e-11	5.1038e-10	3.2378e-13	1.3859e-10	2.3868e-13	2.5162e-12	5.1766e-13	6.8544e-11	1.1934e-11	1.7834e-10	1.6656e-11	6.7228e-10	2.2918e-10	4.0744e-08	5.3089e-10	1.2924e-09	1.2419e-11	3.0383e-11	1.9875e-12	4.9708e-12	2.9813e-13	2.9813e-12	3.975e-13	1.9875e-12	2.9813e-13	9.9376e-13	1.9875e-13	4.9708e-13	3.975e-14	1.9875e-13	8.9434e-14	1.9875e-14	5.9609e-14	1.9875e-14	6.9551e-14	8.9434e-15	1.9875e-13	1.3914e-14	2.9813e-13	5.9609e-14	2.683e-13	1.9875e-14	1.9875e-13	1.9875e-14	4.9708e-14	7.9492e-15	3.975e-14	9.9376e-15	3.975e-15	1.9875e-14	2.9813e-15	1.9875e-14	3.975e-15	9.9376e-15	1.9875e-15	8.9434e-15	1.9875e-15	7.9492e-15	8.9434e-16	9.9376e-15	1.9875e-15	2.9813e-14	2.9813e-14	5.9609e-14	9.9376e-15	9.9376e-15	8.9434e-15	9.9376e-14	5.9609e-15	1.9875e-15	1.1926e-15
14887.7	8.3978e-05	5.4398e-08	6.3437e-10	1.6259e-10	1.3483e-09	6.1497e-14	2.8736e-10	2.3525e-11	2.7808e-10	2.4632e-11	4.8452e-10	3.0737e-13	1.3157e-10	2.2658e-13	2.3886e-12	4.9142e-13	6.507e-11	1.1472e-11	1.7143e-10	1.6011e-11	6.4625e-10	2.2031e-10	3.9166e-08	5.1034e-10	1.2423e-09	1.1938e-11	2.9207e-11	1.9106e-12	4.7784e-12	2.8658e-13	2.8658e-12	3.8211e-13	1.9106e-12	2.8658e-13	9.5528e-13	1.9106e-13	4.7784e-13	3.8211e-14	1.9106e-13	8.5971e-14	1.9106e-14	5.7301e-14	1.9106e-14	6.6858e-14	8.5971e-15	1.9106e-13	1.3375e-14	2.8658e-13	5.7301e-14	2.5791e-13	1.9106e-14	1.9106e-13	1.9106e-14	4.7784e-14	7.6415e-15	3.8211e-14	9.5528e-15	3.8211e-15	1.9106e-14	2.8658e-15	1.9106e-14	3.8211e-15	9.5528e-15	1.9106e-15	8.5971e-15	1.9106e-15	7.6415e-15	8.5971e-16	9.5528e-15	1.9106e-15	2.8658e-14	2.8658e-14	5.7301e-14	9.5528e-15	9.5528e-15	8.5971e-15	9.5528e-14	5.7301e-15	1.9106e-15	1.1464e-15
15094.6	7.973e-05	5.1641e-08	6.0222e-10	1.5435e-10	1.28e-09	5.8381e-14	2.7279e-10	2.2332e-11	2.6398e-10	2.3383e-11	4.5996e-10	2.918e-13	1.249e-10	2.151e-13	2.2676e-12	4.6652e-13	6.1772e-11	1.1028e-11	1.6479e-10	1.5391e-11	6.2123e-10	2.1178e-10	3.765e-08	4.9058e-10	1.1942e-09	1.1476e-11	2.8076e-11	1.8366e-12	4.5934e-12	2.7549e-13	2.7549e-12	3.6732e-13	1.8366e-12	2.7549e-13	9.1829e-13	1.8366e-13	4.5934e-13	3.6732e-14	1.8366e-13	8.2643e-14	1.8366e-14	5.5083e-14	1.8366e-14	6.4269e-14	8.2643e-15	1.8366e-13	1.2858e-14	2.7549e-13	5.5083e-14	2.4793e-13	1.8366e-14	1.8366e-13	1.8366e-14	4.5934e-14	7.3456e-15	3.6732e-14	9.1829e-15	3.6732e-15	1.8366e-14	2.7549e-15	1.8366e-14	3.6732e-15	9.1829e-15	1.8366e-15	8.2643e-15	1.8366e-15	7.3456e-15	8.2643e-16	9.1829e-15	1.8366e-15	2.7549e-14	2.7549e-14	5.5083e-14	9.1829e-15	9.1829e-15	8.2643e-15	9.1829e-14	5.5083e-15	1.8366e-15	1.102e-15
15304.4	7.5697e-05	4.9023e-08	5.717e-10	1.4653e-10	1.2151e-09	5.5422e-14	2.5897e-10	2.1201e-11	2.5061e-10	2.2198e-11	4.3665e-10	2.7701e-13	1.1857e-10	2.042e-13	2.1527e-12	4.4287e-13	5.8642e-11	1.0601e-11	1.5841e-10	1.4795e-11	5.9717e-10	2.0358e-10	3.6192e-08	4.7159e-10	1.148e-09	1.1031e-11	2.6989e-11	1.7655e-12	4.4155e-12	2.6482e-13	2.6482e-12	3.531e-13	1.7655e-12	2.6482e-13	8.8274e-13	1.7655e-13	4.4155e-13	3.531e-14	1.7655e-13	7.9443e-14	1.7655e-14	5.295e-14	1.7655e-14	6.1781e-14	7.9443e-15	1.7655e-13	1.236e-14	2.6482e-13	5.295e-14	2.3833e-13	1.7655e-14	1.7655e-13	1.7655e-14	4.4155e-14	7.0612e-15	3.531e-14	8.8274e-15	3.531e-15	1.7655e-14	2.6482e-15	1.7655e-14	3.531e-15	8.8274e-15	1.7655e-15	7.9443e-15	1.7655e-15	7.0612e-15	7.9443e-16	8.8274e-15	1.7655e-15	2.6482e-14	2.6482e-14	5.295e-14	8.8274e-15	8.8274e-15	7.9443e-15	8.8274e-14	5.295e-15	1.7655e-15	1.0594e-15
15517.1	7.1868e-05	4.6539e-08	5.4272e-10	1.391e-10	1.1535e-09	5.2613e-14	2.4584e-10	2.0126e-11	2.379e-10	2.1073e-11	4.1452e-10	2.6297e-13	1.1256e-10	1.9385e-13	2.0436e-12	4.2043e-13	5.5669e-11	1.019e-11	1.5228e-10	1.4222e-11	5.7405e-10	1.957e-10	3.4791e-08	4.5333e-10	1.1036e-09	1.0604e-11	2.5944e-11	1.6971e-12	4.2446e-12	2.5457e-13	2.5457e-12	3.3943e-13	1.6971e-12	2.5457e-13	8.4856e-13	1.6971e-13	4.2446e-13	3.3943e-14	1.6971e-13	7.6367e-14	1.6971e-14	5.09e-14	1.6971e-14	5.9389e-14	7.6367e-15	1.6971e-13	1.1881e-14	2.5457e-13	5.09e-14	2.291e-13	1.6971e-14	1.6971e-13	1.6971e-14	4.2446e-14	6.7878e-15	3.3943e-14	8.4856e-15	3.3943e-15	1.6971e-14	2.5457e-15	1.6971e-14	3.3943e-15	8.4856e-15	1.6971e-15	7.6367e-15	1.6971e-15	6.7878e-15	7.6367e-16	8.4856e-15	1.6971e-15	2.5457e-14	2.5457e-14	5.09e-14	8.4856e-15	8.4856e-15	7.6367e-15	8.4856e-14	5.09e-15	1.6971e-15	1.0183e-15
15732.7	6.8232e-05	4.418e-08	5.1522e-10	1.3205e-10	1.0951e-09	4.9946e-14	2.3338e-10	1.9106e-11	2.2585e-10	2.0005e-11	3.9351e-10	2.4964e-13	1.0686e-10	1.8402e-13	1.94e-12	3.9912e-13	5.2848e-11	9.7959e-12	1.4638e-10	1.3672e-11	5.5183e-10	1.8812e-10	3.3444e-08	4.3578e-10	1.0608e-09	1.0194e-11	2.4939e-11	1.6314e-12	4.0802e-12	2.4471e-13	2.4471e-12	3.2628e-13	1.6314e-12	2.4471e-13	8.1571e-13	1.6314e-13	4.0802e-13	3.2628e-14	1.6314e-13	7.341e-14	1.6314e-14	4.8929e-14	1.6314e-14	5.709e-14	7.341e-15	1.6314e-13	1.1421e-14	2.4471e-13	4.8929e-14	2.2023e-13	1.6314e-14	1.6314e-13	1.6314e-14	4.0802e-14	6.525e-15	3.2628e-14	8.1571e-15	3.2628e-15	1.6314e-14	2.4471e-15	1.6314e-14	3.2628e-15	8.1571e-15	1.6314e-15	7.341e-15	1.6314e-15	6.525e-15	7.341e-16	8.1571e-15	1.6314e-15	2.4471e-14	2.4471e-14	4.8929e-14	8.1571e-15	8.1571e-15	7.341e-15	8.1571e-14	4.8929e-15	1.6314e-15	9.7892e-16
15951.3	6.4781e-05	4.1941e-08	4.8911e-10	1.2536e-10	1.0396e-09	4.7415e-14	2.2155e-10	1.8138e-11	2.144e-10	1.8991e-11	3.7356e-10	2.3699e-13	1.0144e-10	1.747e-13	1.8417e-12	3.7889e-13	5.017e-11	9.4166e-12	1.4072e-10	1.3142e-11	5.3046e-10	1.8084e-10	3.2149e-08	4.189e-10	1.0198e-09	9.799e-12	2.3974e-11	1.5683e-12	3.9222e-12	2.3524e-13	2.3524e-12	3.1365e-13	1.5683e-12	2.3524e-13	7.8413e-13	1.5683e-13	3.9222e-13	3.1365e-14	1.5683e-13	7.0568e-14	1.5683e-14	4.7035e-14	1.5683e-14	5.4879e-14	7.0568e-15	1.5683e-13	1.0979e-14	2.3524e-13	4.7035e-14	2.117e-13	1.5683e-14	1.5683e-13	1.5683e-14	3.9222e-14	6.2724e-15	3.1365e-14	7.8413e-15	3.1365e-15	1.5683e-14	2.3524e-15	1.5683e-14	3.1365e-15	7.8413e-15	1.5683e-15	7.0568e-15	1.5683e-15	6.2724e-15	7.0568e-16	7.8413e-15	1.5683e-15	2.3524e-14	2.3524e-14	4.7035e-14	7.8413e-15	7.8413e-15	7.0568e-15	7.8413e-14	4.7035e-15	1.5683e-15	9.4102e-16
16173	6.1504e-05	3.9815e-08	4.6432e-10	1.1901e-10	9.8688e-10	4.5012e-14	2.1033e-10	1.7218e-11	2.0353e-10	1.8029e-11	3.5463e-10	2.2498e-13	9.63e-11	1.6584e-13	1.7483e-12	3.5969e-13	4.7627e-11	9.052e-12	1.3527e-10	1.2634e-11	5.0992e-10	1.7384e-10	3.0904e-08	4.0269e-10	9.8028e-10	9.4196e-12	2.3046e-11	1.5075e-12	3.7704e-12	2.2613e-13	2.2613e-12	3.0151e-13	1.5075e-12	2.2613e-13	7.5377e-13	1.5075e-13	3.7704e-13	3.0151e-14	1.5075e-13	6.7836e-14	1.5075e-14	4.5214e-14	1.5075e-14	5.2754e-14	6.7836e-15	1.5075e-13	1.0554e-14	2.2613e-13	4.5214e-14	2.0351e-13	1.5075e-14	1.5075e-13	1.5075e-14	3.7704e-14	6.0295e-15	3.0151e-14	7.5377e-15	3.0151e-15	1.5075e-14	2.2613e-15	1.5075e-14	3.0151e-15	7.5377e-15	1.5075e-15	6.7836e-15	1.5075e-15	6.0295e-15	6.7836e-16	7.5377e-15	1.5075e-15	2.2613e-14	2.2613e-14	4.5214e-14	7.5377e-15	7.5377e-15	6.7836e-15	7.5377e-14	4.5214e-15	1.5075e-15	9.0458e-16
16397.8	5.8393e-05	3.7797e-08	4.4078e-10	1.1298e-10	9.3686e-10	4.273e-14	1.9967e-10	1.6346e-11	1.9322e-10	1.7115e-11	3.3666e-10	2.1357e-13	9.1419e-11	1.5744e-13	1.6597e-12	3.4146e-13	4.5213e-11	8.7015e-12	1.3003e-10	1.2144e-11	4.9018e-10	1.6711e-10	2.9708e-08	3.8709e-10	9.4233e-10	9.0549e-12	2.2153e-11	1.4492e-12	3.6244e-12	2.1738e-13	2.1738e-12	2.8983e-13	1.4492e-12	2.1738e-13	7.2458e-13	1.4492e-13	3.6244e-13	2.8983e-14	1.4492e-13	6.521e-14	1.4492e-14	4.3463e-14	1.4492e-14	5.0712e-14	6.521e-15	1.4492e-13	1.0145e-14	2.1738e-13	4.3463e-14	1.9563e-13	1.4492e-14	1.4492e-13	1.4492e-14	3.6244e-14	5.7961e-15	2.8983e-14	7.2458e-15	2.8983e-15	1.4492e-14	2.1738e-15	1.4492e-14	2.8983e-15	7.2458e-15	1.4492e-15	6.521e-15	1.4492e-15	5.7961e-15	6.521e-16	7.2458e-15	1.4492e-15	2.1738e-14	2.1738e-14	4.3463e-14	7.2458e-15	7.2458e-15	6.521e-15	7.2458e-14	4.3463e-15	1.4492e-15	8.6956e-16
16625.7	5.5439e-05	3.5882e-08	4.1844e-10	1.0725e-10	8.8938e-10	4.0565e-14	1.8955e-10	1.5517e-11	1.8343e-10	1.6247e-11	3.196e-10	2.0275e-13	8.6786e-11	1.4946e-13	1.5756e-12	3.2415e-13	4.2921e-11	8.3646e-12	1.25e-10	1.1674e-11	4.712e-10	1.6064e-10	2.8557e-08	3.7211e-10	9.0584e-10	8.7043e-12	2.1296e-11	1.3931e-12	3.4841e-12	2.0896e-13	2.0896e-12	2.7861e-13	1.3931e-12	2.0896e-13	6.9653e-13	1.3931e-13	3.4841e-13	2.7861e-14	1.3931e-13	6.2685e-14	1.3931e-14	4.178e-14	1.3931e-14	4.8749e-14	6.2685e-15	1.3931e-13	9.7526e-15	2.0896e-13	4.178e-14	1.8805e-13	1.3931e-14	1.3931e-13	1.3931e-14	3.4841e-14	5.5717e-15	2.7861e-14	6.9653e-15	2.7861e-15	1.3931e-14	2.0896e-15	1.3931e-14	2.7861e-15	6.9653e-15	1.3931e-15	6.2685e-15	1.3931e-15	5.5717e-15	6.2685e-16	6.9653e-15	1.3931e-15	2.0896e-14	2.0896e-14	4.178e-14	6.9653e-15	6.9653e-15	6.2685e-15	6.9653e-14	4.178e-15	1.3931e-15	8.3589e-16
16856.7	5.2635e-05	3.4063e-08	3.9724e-10	1.0181e-10	8.443e-10	3.8509e-14	1.7994e-10	1.4731e-11	1.7413e-10	1.5424e-11	3.034e-10	1.9247e-13	8.2387e-11	1.4188e-13	1.4957e-12	3.0772e-13	4.0746e-11	8.0408e-12	1.2016e-10	1.1222e-11	4.5296e-10	1.5442e-10	2.7452e-08	3.577e-10	8.7077e-10	8.3673e-12	2.0471e-11	1.3391e-12	3.3492e-12	2.0087e-13	2.0087e-12	2.6782e-13	1.3391e-12	2.0087e-13	6.6956e-13	1.3391e-13	3.3492e-13	2.6782e-14	1.3391e-13	6.0258e-14	1.3391e-14	4.0163e-14	1.3391e-14	4.6861e-14	6.0258e-15	1.3391e-13	9.375e-15	2.0087e-13	4.0163e-14	1.8077e-13	1.3391e-14	1.3391e-13	1.3391e-14	3.3492e-14	5.3559e-15	2.6782e-14	6.6956e-15	2.6782e-15	1.3391e-14	2.0087e-15	1.3391e-14	2.6782e-15	6.6956e-15	1.3391e-15	6.0258e-15	1.3391e-15	5.3559e-15	6.0258e-16	6.6956e-15	1.3391e-15	2.0087e-14	2.0087e-14	4.0163e-14	6.6956e-15	6.6956e-15	6.0258e-15	6.6956e-14	4.0163e-15	1.3391e-15	8.0353e-16
17091	4.9972e-05	3.2337e-08	3.771e-10	9.6654e-11	8.0151e-10	3.6557e-14	1.7082e-10	1.3984e-11	1.653e-10	1.4642e-11	2.8802e-10	1.8272e-13	7.8212e-11	1.3469e-13	1.4199e-12	2.9213e-13	3.8681e-11	7.7295e-12	1.1551e-10	1.0788e-11	4.3542e-10	1.4844e-10	2.6389e-08	3.4385e-10	8.3706e-10	8.0433e-12	1.9679e-11	1.2873e-12	3.2195e-12	1.9309e-13	1.9309e-12	2.5746e-13	1.2873e-12	1.9309e-13	6.4364e-13	1.2873e-13	3.2195e-13	2.5746e-14	1.2873e-13	5.7925e-14	1.2873e-14	3.8608e-14	1.2873e-14	4.5047e-14	5.7925e-15	1.2873e-13	9.012e-15	1.9309e-13	3.8608e-14	1.7377e-13	1.2873e-14	1.2873e-13	1.2873e-14	3.2195e-14	5.1486e-15	2.5746e-14	6.4364e-15	2.5746e-15	1.2873e-14	1.9309e-15	1.2873e-14	2.5746e-15	6.4364e-15	1.2873e-15	5.7925e-15	1.2873e-15	5.1486e-15	5.7925e-16	6.4364e-15	1.2873e-15	1.9309e-14	1.9309e-14	3.8608e-14	6.4364e-15	6.4364e-15	5.7925e-15	6.4364e-14	3.8608e-15	1.2873e-15	7.7242e-16
17328.5	4.7445e-05	3.0698e-08	3.5799e-10	9.1756e-11	7.6089e-10	3.4704e-14	1.6216e-10	1.3275e-11	1.5693e-10	1.39e-11	2.7342e-10	1.7346e-13	7.4248e-11	1.2787e-13	1.348e-12	2.7732e-13	3.6721e-11	7.4302e-12	1.1103e-10	1.037e-11	4.1856e-10	1.4269e-10	2.5367e-08	3.3054e-10	8.0465e-10	7.7319e-12	1.8917e-11	1.2374e-12	3.0949e-12	1.8562e-13	1.8562e-12	2.4749e-13	1.2374e-12	1.8562e-13	6.1872e-13	1.2374e-13	3.0949e-13	2.4749e-14	1.2374e-13	5.5682e-14	1.2374e-14	3.7113e-14	1.2374e-14	4.3303e-14	5.5682e-15	1.2374e-13	8.6631e-15	1.8562e-13	3.7113e-14	1.6705e-13	1.2374e-14	1.2374e-13	1.2374e-14	3.0949e-14	4.9492e-15	2.4749e-14	6.1872e-15	2.4749e-15	1.2374e-14	1.8562e-15	1.2374e-14	2.4749e-15	6.1872e-15	1.2374e-15	5.5682e-15	1.2374e-15	4.9492e-15	5.5682e-16	6.1872e-15	1.2374e-15	1.8562e-14	1.8562e-14	3.7113e-14	6.1872e-15	6.1872e-15	5.5682e-15	6.1872e-14	3.7113e-15	1.2374e-15	7.4251e-16
17569.3	4.5045e-05	2.9142e-08	3.3985e-10	8.7105e-11	7.2233e-10	3.2945e-14	1.5394e-10	1.2603e-11	1.4897e-10	1.3196e-11	2.5957e-10	1.6467e-13	7.0485e-11	1.2139e-13	1.2796e-12	2.6326e-13	3.4859e-11	7.1425e-12	1.0673e-10	9.9686e-12	4.0236e-10	1.3717e-10	2.4385e-08	3.1774e-10	7.7349e-10	7.4326e-12	1.8184e-11	1.1895e-12	2.975e-12	1.7843e-13	1.7843e-12	2.3791e-13	1.1895e-12	1.7843e-13	5.9476e-13	1.1895e-13	2.975e-13	2.3791e-14	1.1895e-13	5.3526e-14	1.1895e-14	3.5676e-14	1.1895e-14	4.1626e-14	5.3526e-15	1.1895e-13	8.3277e-15	1.7843e-13	3.5676e-14	1.6058e-13	1.1895e-14	1.1895e-13	1.1895e-14	2.975e-14	4.7576e-15	2.3791e-14	5.9476e-15	2.3791e-15	1.1895e-14	1.7843e-15	1.1895e-14	2.3791e-15	5.9476e-15	1.1895e-15	5.3526e-15	1.1895e-15	4.7576e-15	5.3526e-16	5.9476e-15	1.1895e-15	1.7843e-14	1.7843e-14	3.5676e-14	5.9476e-15	5.9476e-15	5.3526e-15	5.9476e-14	3.5676e-15	1.1895e-15	7.1376e-16
17813.5	4.2766e-05	2.7665e-08	3.2262e-10	8.2691e-11	6.8572e-10	3.1276e-14	1.4614e-10	1.1964e-11	1.4142e-10	1.2527e-11	2.4641e-10	1.5632e-13	6.6912e-11	1.1523e-13	1.2148e-12	2.4992e-13	3.3093e-11	6.866e-12	1.026e-10	9.5827e-12	3.8678e-10	1.3186e-10	2.3441e-08	3.0544e-10	7.4355e-10	7.1448e-12	1.748e-11	1.1435e-12	2.8599e-12	1.7152e-13	1.7152e-12	2.2869e-13	1.1435e-12	1.7152e-13	5.7174e-13	1.1435e-13	2.8599e-13	2.2869e-14	1.1435e-13	5.1454e-14	1.1435e-14	3.4295e-14	1.1435e-14	4.0014e-14	5.1454e-15	1.1435e-13	8.0052e-15	1.7152e-13	3.4295e-14	1.5436e-13	1.1435e-14	1.1435e-13	1.1435e-14	2.8599e-14	4.5734e-15	2.2869e-14	5.7174e-15	2.2869e-15	1.1435e-14	1.7152e-15	1.1435e-14	2.2869e-15	5.7174e-15	1.1435e-15	5.1454e-15	1.1435e-15	4.5734e-15	5.1454e-16	5.7174e-15	1.1435e-15	1.7152e-14	1.7152e-14	3.4295e-14	5.7174e-15	5.7174e-15	5.1454e-15	5.7174e-14	3.4295e-15	1.1435e-15	6.8613e-16
18061.1	4.0603e-05	2.6263e-08	3.0627e-10	7.85e-11	6.5096e-10	2.9691e-14	1.3873e-10	1.1358e-11	1.3425e-10	1.1892e-11	2.3392e-10	1.484e-13	6.3521e-11	1.0939e-13	1.1532e-12	2.3726e-13	3.1416e-11	6.6002e-12	9.863e-11	9.2116e-12	3.718e-10	1.2675e-10	2.2533e-08	2.9361e-10	7.1476e-10	6.8682e-12	1.6803e-11	1.0992e-12	2.7491e-12	1.6488e-13	1.6488e-12	2.1984e-13	1.0992e-12	1.6488e-13	5.496e-13	1.0992e-13	2.7491e-13	2.1984e-14	1.0992e-13	4.9462e-14	1.0992e-14	3.2967e-14	1.0992e-14	3.8465e-14	4.9462e-15	1.0992e-13	7.6953e-15	1.6488e-13	3.2967e-14	1.4839e-13	1.0992e-14	1.0992e-13	1.0992e-14	2.7491e-14	4.3963e-15	2.1984e-14	5.496e-15	2.1984e-15	1.0992e-14	1.6488e-15	1.0992e-14	2.1984e-15	5.496e-15	1.0992e-15	4.9462e-15	1.0992e-15	4.3963e-15	4.9462e-16	5.496e-15	1.0992e-15	1.6488e-14	1.6488e-14	3.2967e-14	5.496e-15	5.496e-15	4.9462e-15	5.496e-14	3.2967e-15	1.0992e-15	6.5956e-16
18312.1	3.8549e-05	2.4932e-08	2.9075e-10	7.4521e-11	6.1797e-10	2.8186e-14	1.317e-10	1.0782e-11	1.2745e-10	1.1289e-11	2.2207e-10	1.4088e-13	6.0302e-11	1.0385e-13	1.0948e-12	2.2523e-13	2.9823e-11	6.3446e-12	9.4811e-11	8.855e-12	3.5741e-10	1.2184e-10	2.1661e-08	2.8224e-10	6.8708e-10	6.6023e-12	1.6153e-11	1.0566e-12	2.6427e-12	1.585e-13	1.585e-12	2.1133e-13	1.0566e-12	1.585e-13	5.2832e-13	1.0566e-13	2.6427e-13	2.1133e-14	1.0566e-13	4.7547e-14	1.0566e-14	3.1691e-14	1.0566e-14	3.6976e-14	4.7547e-15	1.0566e-13	7.3974e-15	1.585e-13	3.1691e-14	1.4264e-13	1.0566e-14	1.0566e-13	1.0566e-14	2.6427e-14	4.2261e-15	2.1133e-14	5.2832e-15	2.1133e-15	1.0566e-14	1.585e-15	1.0566e-14	2.1133e-15	5.2832e-15	1.0566e-15	4.7547e-15	1.0566e-15	4.2261e-15	4.7547e-16	5.2832e-15	1.0566e-15	1.585e-14	1.585e-14	3.1691e-14	5.2832e-15	5.2832e-15	4.7547e-15	5.2832e-14	3.1691e-15	1.0566e-15	6.3403e-16
18566.6	3.6599e-05	2.3668e-08	2.7601e-10	7.0744e-11	5.8665e-10	2.6757e-14	1.2503e-10	1.0235e-11	1.2099e-10	1.0717e-11	2.1081e-10	1.3374e-13	5.7245e-11	9.8586e-14	1.0393e-12	2.1382e-13	2.8312e-11	6.099e-12	9.114e-11	8.5121e-12	3.4357e-10	1.1713e-10	2.0822e-08	2.7132e-10	6.6048e-10	6.3466e-12	1.5527e-11	1.0157e-12	2.5404e-12	1.5236e-13	1.5236e-12	2.0315e-13	1.0157e-12	1.5236e-13	5.0787e-13	1.0157e-13	2.5404e-13	2.0315e-14	1.0157e-13	4.5706e-14	1.0157e-14	3.0464e-14	1.0157e-14	3.5544e-14	4.5706e-15	1.0157e-13	7.111e-15	1.5236e-13	3.0464e-14	1.3712e-13	1.0157e-14	1.0157e-13	1.0157e-14	2.5404e-14	4.0625e-15	2.0315e-14	5.0787e-15	2.0315e-15	1.0157e-14	1.5236e-15	1.0157e-14	2.0315e-15	5.0787e-15	1.0157e-15	4.5706e-15	1.0157e-15	4.0625e-15	4.5706e-16	5.0787e-15	1.0157e-15	1.5236e-14	1.5236e-14	3.0464e-14	5.0787e-15	5.0787e-15	4.5706e-15	5.0787e-14	3.0464e-15	1.0157e-15	6.0948e-16
18824.6	3.4748e-05	2.2469e-08	2.6202e-10	6.7159e-11	5.5692e-10	2.5401e-14	1.1869e-10	9.7167e-12	1.1486e-10	1.0174e-11	2.0013e-10	1.2696e-13	5.4344e-11	9.3589e-14	9.8662e-13	2.0298e-13	2.6877e-11	5.8628e-12	8.7611e-11	8.1826e-12	3.3027e-10	1.1259e-10	2.0016e-08	2.6081e-10	6.3491e-10	6.1009e-12	1.4926e-11	9.764e-13	2.442e-12	1.4646e-13	1.4646e-12	1.9528e-13	9.764e-13	1.4646e-13	4.882e-13	9.764e-14	2.442e-13	1.9528e-14	9.764e-14	4.3936e-14	9.764e-15	2.9284e-14	9.764e-15	3.4168e-14	4.3936e-15	9.764e-14	6.8356e-15	1.4646e-13	2.9284e-14	1.3181e-13	9.764e-15	9.764e-14	9.764e-15	2.442e-14	3.9052e-15	1.9528e-14	4.882e-15	1.9528e-15	9.764e-15	1.4646e-15	9.764e-15	1.9528e-15	4.882e-15	9.764e-16	4.3936e-15	9.764e-16	3.9052e-15	4.3936e-16	4.882e-15	9.764e-16	1.4646e-14	1.4646e-14	2.9284e-14	4.882e-15	4.882e-15	4.3936e-15	4.882e-14	2.9284e-15	9.764e-16	5.8588e-16
19086.2	3.299e-05	2.133e-08	2.4874e-10	6.3755e-11	5.2869e-10	2.4114e-14	1.1268e-10	9.2243e-12	1.0904e-10	9.6583e-12	1.8998e-10	1.2052e-13	5.159e-11	8.8846e-14	9.3661e-13	1.9269e-13	2.5515e-11	5.6358e-12	8.4219e-11	7.8658e-12	3.1748e-10	1.0823e-10	1.9241e-08	2.5071e-10	6.1033e-10	5.8647e-12	1.4348e-11	9.386e-13	2.3475e-12	1.4079e-13	1.4079e-12	1.8772e-13	9.386e-13	1.4079e-13	4.693e-13	9.386e-14	2.3475e-13	1.8772e-14	9.386e-14	4.2235e-14	9.386e-15	2.815e-14	9.386e-15	3.2845e-14	4.2235e-15	9.386e-14	6.571e-15	1.4079e-13	2.815e-14	1.2671e-13	9.386e-15	9.386e-14	9.386e-15	2.3475e-14	3.754e-15	1.8772e-14	4.693e-15	1.8772e-15	9.386e-15	1.4079e-15	9.386e-15	1.8772e-15	4.693e-15	9.386e-16	4.2235e-15	9.386e-16	3.754e-15	4.2235e-16	4.693e-15	9.386e-16	1.4079e-14	1.4079e-14	2.815e-14	4.693e-15	4.693e-15	4.2235e-15	4.693e-14	2.815e-15	9.386e-16	5.632e-16
19351.4	3.1321e-05	2.0249e-08	2.3614e-10	6.0524e-11	5.019e-10	2.2892e-14	1.0697e-10	8.7568e-12	1.0351e-10	9.1688e-12	1.8035e-10	1.1442e-13	4.8975e-11	8.4343e-14	8.8914e-13	1.8293e-13	2.4222e-11	5.4176e-12	8.0959e-11	7.5612e-12	3.0519e-10	1.0404e-10	1.8496e-08	2.4101e-10	5.867e-10	5.6376e-12	1.3793e-11	9.0226e-13	2.2566e-12	1.3534e-13	1.3534e-12	1.8045e-13	9.0226e-13	1.3534e-13	4.5113e-13	9.0226e-14	2.2566e-13	1.8045e-14	9.0226e-14	4.06e-14	9.0226e-15	2.706e-14	9.0226e-15	3.1574e-14	4.06e-15	9.0226e-14	6.3166e-15	1.3534e-13	2.706e-14	1.218e-13	9.0226e-15	9.0226e-14	9.0226e-15	2.2566e-14	3.6087e-15	1.8045e-14	4.5113e-15	1.8045e-15	9.0226e-15	1.3534e-15	9.0226e-15	1.8045e-15	4.5113e-15	9.0226e-16	4.06e-15	9.0226e-16	3.6087e-15	4.06e-16	4.5113e-15	9.0226e-16	1.3534e-14	1.3534e-14	2.706e-14	4.5113e-15	4.5113e-15	4.06e-15	4.5113e-14	2.706e-15	9.0226e-16	5.4139e-16
19620.4	2.9737e-05	1.9223e-08	2.2417e-10	5.7456e-11	4.7646e-10	2.1731e-14	1.0154e-10	8.3129e-12	9.8265e-11	8.7041e-12	1.7121e-10	1.0862e-13	4.6493e-11	8.0068e-14	8.4408e-13	1.7365e-13	2.2994e-11	5.2079e-12	7.7824e-11	7.2685e-12	2.9337e-10	1.0001e-10	1.778e-08	2.3168e-10	5.6398e-10	5.4194e-12	1.3259e-11	8.6733e-13	2.1692e-12	1.301e-13	1.301e-12	1.7347e-13	8.6733e-13	1.301e-13	4.3366e-13	8.6733e-14	2.1692e-13	1.7347e-14	8.6733e-14	3.9028e-14	8.6733e-15	2.6013e-14	8.6733e-15	3.0351e-14	3.9028e-15	8.6733e-14	6.072e-15	1.301e-13	2.6013e-14	1.1708e-13	8.6733e-15	8.6733e-14	8.6733e-15	2.1692e-14	3.469e-15	1.7347e-14	4.3366e-15	1.7347e-15	8.6733e-15	1.301e-15	8.6733e-15	1.7347e-15	4.3366e-15	8.6733e-16	3.9028e-15	8.6733e-16	3.469e-15	3.9028e-16	4.3366e-15	8.6733e-16	1.301e-14	1.301e-14	2.6013e-14	4.3366e-15	4.3366e-15	3.9028e-15	4.3366e-14	2.6013e-15	8.6733e-16	5.2043e-16
19893	2.8233e-05	1.8248e-08	2.1281e-10	5.4544e-11	4.5231e-10	2.063e-14	9.6398e-11	7.8916e-12	9.3285e-11	8.263e-12	1.6254e-10	1.0311e-13	4.4137e-11	7.601e-14	8.013e-13	1.6485e-13	2.1829e-11	5.0062e-12	7.4811e-11	6.9871e-12	2.8201e-10	9.6141e-11	1.7092e-08	2.2271e-10	5.4215e-10	5.2095e-12	1.2745e-11	8.3375e-13	2.0852e-12	1.2506e-13	1.2506e-12	1.6675e-13	8.3375e-13	1.2506e-13	4.1687e-13	8.3375e-14	2.0852e-13	1.6675e-14	8.3375e-14	3.7517e-14	8.3375e-15	2.5006e-14	8.3375e-15	2.9176e-14	3.7517e-15	8.3375e-14	5.8369e-15	1.2506e-13	2.5006e-14	1.1255e-13	8.3375e-15	8.3375e-14	8.3375e-15	2.0852e-14	3.3346e-15	1.6675e-14	4.1687e-15	1.6675e-15	8.3375e-15	1.2506e-15	8.3375e-15	1.6675e-15	4.1687e-15	8.3375e-16	3.7517e-15	8.3375e-16	3.3346e-15	3.7517e-16	4.1687e-15	8.3375e-16	1.2506e-14	1.2506e-14	2.5006e-14	4.1687e-15	4.1687e-15	3.7517e-15	4.1687e-14	2.5006e-15	8.3375e-16	5.0028e-16
20169.5	2.6805e-05	1.7323e-08	2.0202e-10	5.178e-11	4.2939e-10	1.9584e-14	9.1512e-11	7.4917e-12	8.8557e-11	7.8442e-12	1.543e-10	9.7886e-14	4.19e-11	7.2158e-14	7.6069e-13	1.565e-13	2.0722e-11	4.8124e-12	7.1914e-11	6.7165e-12	2.711e-10	9.2419e-11	1.643e-08	2.1408e-10	5.2116e-10	5.0078e-12	1.2252e-11	8.0147e-13	2.0045e-12	1.2022e-13	1.2022e-12	1.6029e-13	8.0147e-13	1.2022e-13	4.0073e-13	8.0147e-14	2.0045e-13	1.6029e-14	8.0147e-14	3.6064e-14	8.0147e-15	2.4037e-14	8.0147e-15	2.8046e-14	3.6064e-15	8.0147e-14	5.6109e-15	1.2022e-13	2.4037e-14	1.0819e-13	8.0147e-15	8.0147e-14	8.0147e-15	2.0045e-14	3.2055e-15	1.6029e-14	4.0073e-15	1.6029e-15	8.0147e-15	1.2022e-15	8.0147e-15	1.6029e-15	4.0073e-15	8.0147e-16	3.6064e-15	8.0147e-16	3.2055e-15	3.6064e-16	4.0073e-15	8.0147e-16	1.2022e-14	1.2022e-14	2.4037e-14	4.0073e-15	4.0073e-15	3.6064e-15	4.0073e-14	2.4037e-15	8.0147e-16	4.8091e-16
20449.8	2.5449e-05	1.6445e-08	1.9178e-10	4.9155e-11	4.0762e-10	1.8592e-14	8.6874e-11	7.112e-12	8.4069e-11	7.4466e-12	1.4648e-10	9.2925e-14	3.9776e-11	6.8501e-14	7.2213e-13	1.4857e-13	1.9672e-11	4.6261e-12	6.913e-11	6.4565e-12	2.606e-10	8.8841e-11	1.5794e-08	2.0579e-10	5.0098e-10	4.8139e-12	1.1778e-11	7.7044e-13	1.9269e-12	1.1557e-13	1.1557e-12	1.5409e-13	7.7044e-13	1.1557e-13	3.8522e-13	7.7044e-14	1.9269e-13	1.5409e-14	7.7044e-14	3.4668e-14	7.7044e-15	2.3107e-14	7.7044e-15	2.6961e-14	3.4668e-15	7.7044e-14	5.3937e-15	1.1557e-13	2.3107e-14	1.04e-13	7.7044e-15	7.7044e-14	7.7044e-15	1.9269e-14	3.0814e-15	1.5409e-14	3.8522e-15	1.5409e-15	7.7044e-15	1.1557e-15	7.7044e-15	1.5409e-15	3.8522e-15	7.7044e-16	3.4668e-15	7.7044e-16	3.0814e-15	3.4668e-16	3.8522e-15	7.7044e-16	1.1557e-14	1.1557e-14	2.3107e-14	3.8522e-15	3.8522e-15	3.4668e-15	3.8522e-14	2.3107e-15	7.7044e-16	4.6229e-16
20734	2.4161e-05	1.5612e-08	1.8206e-10	4.6664e-11	3.8697e-10	1.765e-14	8.2471e-11	6.7515e-12	7.9808e-11	7.0692e-12	1.3905e-10	8.8215e-14	3.776e-11	6.5029e-14	6.8553e-13	1.4104e-13	1.8675e-11	4.447e-12	6.6453e-11	6.2065e-12	2.5051e-10	8.5401e-11	1.5182e-08	1.9783e-10	4.8158e-10	4.6276e-12	1.1322e-11	7.4061e-13	1.8523e-12	1.1109e-13	1.1109e-12	1.4812e-13	7.4061e-13	1.1109e-13	3.703e-13	7.4061e-14	1.8523e-13	1.4812e-14	7.4061e-14	3.3326e-14	7.4061e-15	2.2212e-14	7.4061e-15	2.5917e-14	3.3326e-15	7.4061e-14	5.1849e-15	1.1109e-13	2.2212e-14	9.9977e-14	7.4061e-15	7.4061e-14	7.4061e-15	1.8523e-14	2.9621e-15	1.4812e-14	3.703e-15	1.4812e-15	7.4061e-15	1.1109e-15	7.4061e-15	1.4812e-15	3.703e-15	7.4061e-16	3.3326e-15	7.4061e-16	2.9621e-15	3.3326e-16	3.703e-15	7.4061e-16	1.1109e-14	1.1109e-14	2.2212e-14	3.703e-15	3.703e-15	3.3326e-15	3.703e-14	2.2212e-15	7.4061e-16	4.4439e-16
21022.2	2.2939e-05	1.4821e-08	1.7284e-10	4.4299e-11	3.6735e-10	1.6755e-14	7.8291e-11	6.4093e-12	7.5763e-11	6.7109e-12	1.3201e-10	8.3745e-14	3.5846e-11	6.1733e-14	6.5079e-13	1.3389e-13	1.7728e-11	4.2748e-12	6.3881e-11	5.9662e-12	2.4081e-10	8.2095e-11	1.4594e-08	1.9017e-10	4.6294e-10	4.4484e-12	1.0883e-11	7.1193e-13	1.7806e-12	1.0679e-13	1.0679e-12	1.4239e-13	7.1193e-13	1.0679e-13	3.5597e-13	7.1193e-14	1.7806e-13	1.4239e-14	7.1193e-14	3.2035e-14	7.1193e-15	2.1352e-14	7.1193e-15	2.4913e-14	3.2035e-15	7.1193e-14	4.9841e-15	1.0679e-13	2.1352e-14	9.6106e-14	7.1193e-15	7.1193e-14	7.1193e-15	1.7806e-14	2.8474e-15	1.4239e-14	3.5597e-15	1.4239e-15	7.1193e-15	1.0679e-15	7.1193e-15	1.4239e-15	3.5597e-15	7.1193e-16	3.2035e-15	7.1193e-16	2.8474e-15	3.2035e-16	3.5597e-15	7.1193e-16	1.0679e-14	1.0679e-14	2.1352e-14	3.5597e-15	3.5597e-15	3.2035e-15	3.5597e-14	2.1352e-15	7.1193e-16	4.2719e-16
21314.3	2.1779e-05	1.407e-08	1.6408e-10	4.2054e-11	3.4873e-10	1.5906e-14	7.4323e-11	6.0845e-12	7.1923e-11	6.3708e-12	1.2532e-10	7.95e-14	3.403e-11	5.8604e-14	6.1781e-13	1.271e-13	1.683e-11	4.1093e-12	6.1407e-11	5.7352e-12	2.3149e-10	7.8916e-11	1.4029e-08	1.8281e-10	4.4501e-10	4.2762e-12	1.0462e-11	6.8437e-13	1.7116e-12	1.0266e-13	1.0266e-12	1.3687e-13	6.8437e-13	1.0266e-13	3.4218e-13	6.8437e-14	1.7116e-13	1.3687e-14	6.8437e-14	3.0795e-14	6.8437e-15	2.0525e-14	6.8437e-15	2.3949e-14	3.0795e-15	6.8437e-14	4.7911e-15	1.0266e-13	2.0525e-14	9.2385e-14	6.8437e-15	6.8437e-14	6.8437e-15	1.7116e-14	2.7372e-15	1.3687e-14	3.4218e-15	1.3687e-15	6.8437e-15	1.0266e-15	6.8437e-15	1.3687e-15	3.4218e-15	6.8437e-16	3.0795e-15	6.8437e-16	2.7372e-15	3.0795e-16	3.4218e-15	6.8437e-16	1.0266e-14	1.0266e-14	2.0525e-14	3.4218e-15	3.4218e-15	3.0795e-15	3.4218e-14	2.0525e-15	6.8437e-16	4.1065e-16
21610.5	2.0677e-05	1.3356e-08	1.5576e-10	3.9923e-11	3.3106e-10	1.51e-14	7.0556e-11	5.7761e-12	6.8278e-11	6.0479e-12	1.1897e-10	7.5471e-14	3.2305e-11	5.5634e-14	5.8649e-13	1.2066e-13	1.5977e-11	3.9502e-12	5.903e-11	5.5132e-12	2.2252e-10	7.5861e-11	1.3486e-08	1.7573e-10	4.2778e-10	4.1106e-12	1.0057e-11	6.5787e-13	1.6454e-12	9.8681e-14	9.8681e-13	1.3157e-13	6.5787e-13	9.8681e-14	3.2894e-13	6.5787e-14	1.6454e-13	1.3157e-14	6.5787e-14	2.9603e-14	6.5787e-15	1.9731e-14	6.5787e-15	2.3021e-14	2.9603e-15	6.5787e-14	4.6056e-15	9.8681e-14	1.9731e-14	8.8809e-14	6.5787e-15	6.5787e-14	6.5787e-15	1.6454e-14	2.6312e-15	1.3157e-14	3.2894e-15	1.3157e-15	6.5787e-15	9.8681e-16	6.5787e-15	1.3157e-15	3.2894e-15	6.5787e-16	2.9603e-15	6.5787e-16	2.6312e-15	2.9603e-16	3.2894e-15	6.5787e-16	9.8681e-15	9.8681e-15	1.9731e-14	3.2894e-15	3.2894e-15	2.9603e-15	3.2894e-14	1.9731e-15	6.5787e-16	3.9475e-16
21910.9	1.9631e-05	1.268e-08	1.4787e-10	3.7899e-11	3.1428e-10	1.4334e-14	6.698e-11	5.4834e-12	6.4817e-11	5.7414e-12	1.1294e-10	7.1646e-14	3.0668e-11	5.2815e-14	5.5677e-13	1.1455e-13	1.5167e-11	3.7973e-12	5.6744e-11	5.2997e-12	2.1391e-10	7.2924e-11	1.2964e-08	1.6892e-10	4.1122e-10	3.9514e-12	9.6675e-12	6.324e-13	1.5816e-12	9.486e-14	9.486e-13	1.2648e-13	6.324e-13	9.486e-14	3.162e-13	6.324e-14	1.5816e-13	1.2648e-14	6.324e-14	2.8457e-14	6.324e-15	1.8967e-14	6.324e-15	2.213e-14	2.8457e-15	6.324e-14	4.4273e-15	9.486e-14	1.8967e-14	8.537e-14	6.324e-15	6.324e-14	6.324e-15	1.5816e-14	2.5293e-15	1.2648e-14	3.162e-15	1.2648e-15	6.324e-15	9.486e-16	6.324e-15	1.2648e-15	3.162e-15	6.324e-16	2.8457e-15	6.324e-16	2.5293e-15	2.8457e-16	3.162e-15	6.324e-16	9.486e-15	9.486e-15	1.8967e-14	3.162e-15	3.162e-15	2.8457e-15	3.162e-14	1.8967e-15	6.324e-16	3.7947e-16
22215.4	1.8638e-05	1.2037e-08	1.4037e-10	3.5978e-11	2.9835e-10	1.3608e-14	6.3586e-11	5.2055e-12	6.1532e-11	5.4504e-12	1.0721e-10	6.8015e-14	2.9113e-11	5.0138e-14	5.2855e-13	1.0874e-13	1.4398e-11	3.6502e-12	5.4547e-11	5.0945e-12	2.0563e-10	7.01e-11	1.2462e-08	1.6238e-10	3.953e-10	3.7985e-12	9.2932e-12	6.0792e-13	1.5204e-12	9.1187e-14	9.1187e-13	1.2158e-13	6.0792e-13	9.1187e-14	3.0396e-13	6.0792e-14	1.5204e-13	1.2158e-14	6.0792e-14	2.7355e-14	6.0792e-15	1.8232e-14	6.0792e-15	2.1273e-14	2.7355e-15	6.0792e-14	4.2559e-15	9.1187e-14	1.8232e-14	8.2065e-14	6.0792e-15	6.0792e-14	6.0792e-15	1.5204e-14	2.4314e-15	1.2158e-14	3.0396e-15	1.2158e-15	6.0792e-15	9.1187e-16	6.0792e-15	1.2158e-15	3.0396e-15	6.0792e-16	2.7355e-15	6.0792e-16	2.4314e-15	2.7355e-16	3.0396e-15	6.0792e-16	9.1187e-15	9.1187e-15	1.8232e-14	3.0396e-15	3.0396e-15	2.7355e-15	3.0396e-14	1.8232e-15	6.0792e-16	3.6477e-16
22524.1	1.7695e-05	1.1427e-08	1.3326e-10	3.4155e-11	2.8323e-10	1.2918e-14	6.0363e-11	4.9416e-12	5.8414e-11	5.1742e-12	1.0178e-10	6.4568e-14	2.7638e-11	4.7597e-14	5.0176e-13	1.0323e-13	1.3669e-11	3.5089e-12	5.2435e-11	4.8973e-12	1.9767e-10	6.7386e-11	1.198e-08	1.561e-10	3.7999e-10	3.6514e-12	8.9334e-12	5.8438e-13	1.4615e-12	8.7657e-14	8.7657e-13	1.1688e-13	5.8438e-13	8.7657e-14	2.9219e-13	5.8438e-14	1.4615e-13	1.1688e-14	5.8438e-14	2.6296e-14	5.8438e-15	1.7527e-14	5.8438e-15	2.045e-14	2.6296e-15	5.8438e-14	4.0911e-15	8.7657e-14	1.7527e-14	7.8887e-14	5.8438e-15	5.8438e-14	5.8438e-15	1.4615e-14	2.3373e-15	1.1688e-14	2.9219e-15	1.1688e-15	5.8438e-15	8.7657e-16	5.8438e-15	1.1688e-15	2.9219e-15	5.8438e-16	2.6296e-15	5.8438e-16	2.3373e-15	2.6296e-16	2.9219e-15	5.8438e-16	8.7657e-15	8.7657e-15	1.7527e-14	2.9219e-15	2.9219e-15	2.6296e-15	2.9219e-14	1.7527e-15	5.8438e-16	3.5065e-16
22837.1	1.68e-05	1.0848e-08	1.265e-10	3.2424e-11	2.6888e-10	1.2264e-14	5.7304e-11	4.6912e-12	5.5453e-11	4.9119e-12	9.662e-11	6.1295e-14	2.6237e-11	4.5184e-14	4.7633e-13	9.7997e-14	1.2976e-11	3.3731e-12	5.0405e-11	4.7077e-12	1.9001e-10	6.4777e-11	1.1516e-08	1.5005e-10	3.6528e-10	3.51e-12	8.5875e-12	5.6175e-13	1.405e-12	8.4263e-14	8.4263e-13	1.1235e-13	5.6175e-13	8.4263e-14	2.8088e-13	5.6175e-14	1.405e-13	1.1235e-14	5.6175e-14	2.5278e-14	5.6175e-15	1.6848e-14	5.6175e-15	1.9658e-14	2.5278e-15	5.6175e-14	3.9327e-15	8.4263e-14	1.6848e-14	7.5833e-14	5.6175e-15	5.6175e-14	5.6175e-15	1.405e-14	2.2468e-15	1.1235e-14	2.8088e-15	1.1235e-15	5.6175e-15	8.4263e-16	5.6175e-15	1.1235e-15	2.8088e-15	5.6175e-16	2.5278e-15	5.6175e-16	2.2468e-15	2.5278e-16	2.8088e-15	5.6175e-16	8.4263e-15	8.4263e-15	1.6848e-14	2.8088e-15	2.8088e-15	2.5278e-15	2.8088e-14	1.6848e-15	5.6175e-16	3.3707e-16
23154.5	1.595e-05	1.0298e-08	1.2009e-10	3.078e-11	2.5525e-10	1.1642e-14	5.4399e-11	4.4534e-12	5.2643e-11	4.663e-12	9.1723e-11	5.8189e-14	2.4907e-11	4.2894e-14	4.5219e-13	9.303e-14	1.2318e-11	3.2425e-12	4.8454e-11	4.5254e-12	1.8266e-10	6.2269e-11	1.107e-08	1.4424e-10	3.5114e-10	3.3741e-12	8.255e-12	5.4e-13	1.3506e-12	8.1001e-14	8.1001e-13	1.08e-13	5.4e-13	8.1001e-14	2.7e-13	5.4e-14	1.3506e-13	1.08e-14	5.4e-14	2.4299e-14	5.4e-15	1.6196e-14	5.4e-15	1.8897e-14	2.4299e-15	5.4e-14	3.7805e-15	8.1001e-14	1.6196e-14	7.2897e-14	5.4e-15	5.4e-14	5.4e-15	1.3506e-14	2.1598e-15	1.08e-14	2.7e-15	1.08e-15	5.4e-15	8.1001e-16	5.4e-15	1.08e-15	2.7e-15	5.4e-16	2.4299e-15	5.4e-16	2.1598e-15	2.4299e-16	2.7e-15	5.4e-16	8.1001e-15	8.1001e-15	1.6196e-14	2.7e-15	2.7e-15	2.4299e-15	2.7e-14	1.6196e-15	5.4e-16	3.2402e-16
23476.3	1.5144e-05	9.776e-09	1.1401e-10	2.922e-11	2.4231e-10	1.1052e-14	5.1642e-11	4.2277e-12	4.9975e-11	4.4266e-12	8.7074e-11	5.5239e-14	2.3645e-11	4.072e-14	4.2927e-13	8.8315e-14	1.1694e-11	3.1169e-12	4.6578e-11	4.3502e-12	1.7558e-10	5.9858e-11	1.0641e-08	1.3866e-10	3.3754e-10	3.2435e-12	7.9354e-12	5.191e-13	1.2983e-12	7.7864e-14	7.7864e-13	1.0382e-13	5.191e-13	7.7864e-14	2.5955e-13	5.191e-14	1.2983e-13	1.0382e-14	5.191e-14	2.3358e-14	5.191e-15	1.5569e-14	5.191e-15	1.8165e-14	2.3358e-15	5.191e-14	3.6341e-15	7.7864e-14	1.5569e-14	7.0075e-14	5.191e-15	5.191e-14	5.191e-15	1.2983e-14	2.0762e-15	1.0382e-14	2.5955e-15	1.0382e-15	5.191e-15	7.7864e-16	5.191e-15	1.0382e-15	2.5955e-15	5.191e-16	2.3358e-15	5.191e-16	2.0762e-15	2.3358e-16	2.5955e-15	5.191e-16	7.7864e-15	7.7864e-15	1.5569e-14	2.5955e-15	2.5955e-15	2.3358e-15	2.5955e-14	1.5569e-15	5.191e-16	3.1148e-16
23802.5	1.4378e-05	9.2805e-09	1.0823e-10	2.774e-11	2.3003e-10	1.0492e-14	4.9025e-11	4.0134e-12	4.7442e-11	4.2023e-12	8.2661e-11	5.244e-14	2.2446e-11	3.8657e-14	4.0752e-13	8.3839e-14	1.1101e-11	2.9962e-12	4.4774e-11	4.1818e-12	1.6879e-10	5.7541e-11	1.0229e-08	1.3329e-10	3.2448e-10	3.1179e-12	7.6282e-12	4.99e-13	1.248e-12	7.485e-14	7.485e-13	9.98e-14	4.99e-13	7.485e-14	2.495e-13	4.99e-14	1.248e-13	9.98e-15	4.99e-14	2.2454e-14	4.99e-15	1.4966e-14	4.99e-15	1.7462e-14	2.2454e-15	4.99e-14	3.4934e-15	7.485e-14	1.4966e-14	6.7362e-14	4.99e-15	4.99e-14	4.99e-15	1.248e-14	1.9958e-15	9.98e-15	2.495e-15	9.98e-16	4.99e-15	7.485e-16	4.99e-15	9.98e-16	2.495e-15	4.99e-16	2.2454e-15	4.99e-16	1.9958e-15	2.2454e-16	2.495e-15	4.99e-16	7.485e-15	7.485e-15	1.4966e-14	2.495e-15	2.495e-15	2.2454e-15	2.495e-14	1.4966e-15	4.99e-16	2.9942e-16
24133.3	1.365e-05	8.8102e-09	1.0274e-10	2.6334e-11	2.1837e-10	9.96e-15	4.654e-11	3.81e-12	4.5037e-11	3.9893e-12	7.8472e-11	4.9782e-14	2.1309e-11	3.6697e-14	3.8686e-13	7.959e-14	1.0539e-11	2.8802e-12	4.3041e-11	4.0199e-12	1.6225e-10	5.5313e-11	9.8333e-09	1.2813e-10	3.1191e-10	2.9972e-12	7.3328e-12	4.7968e-13	1.1997e-12	7.1952e-14	7.1952e-13	9.5936e-14	4.7968e-13	7.1952e-14	2.3984e-13	4.7968e-14	1.1997e-13	9.5936e-15	4.7968e-14	2.1585e-14	4.7968e-15	1.4386e-14	4.7968e-15	1.6786e-14	2.1585e-15	4.7968e-14	3.3581e-15	7.1952e-14	1.4386e-14	6.4754e-14	4.7968e-15	4.7968e-14	4.7968e-15	1.1997e-14	1.9185e-15	9.5936e-15	2.3984e-15	9.5936e-16	4.7968e-15	7.1952e-16	4.7968e-15	9.5936e-16	2.3984e-15	4.7968e-16	2.1585e-15	4.7968e-16	1.9185e-15	2.1585e-16	2.3984e-15	4.7968e-16	7.1952e-15	7.1952e-15	1.4386e-14	2.3984e-15	2.3984e-15	2.1585e-15	2.3984e-14	1.4386e-15	4.7968e-16	2.8783e-16
24468.7	1.296e-05	8.3636e-09	9.7535e-11	2.4999e-11	2.0731e-10	9.4552e-15	4.4181e-11	3.6169e-12	4.2755e-11	3.7871e-12	7.4494e-11	4.7259e-14	2.0229e-11	3.4837e-14	3.6725e-13	7.5556e-14	1.0005e-11	2.7687e-12	4.1374e-11	3.8642e-12	1.5597e-10	5.3171e-11	9.4526e-09	1.2317e-10	2.9984e-10	2.8811e-12	7.0489e-12	4.6111e-13	1.1532e-12	6.9166e-14	6.9166e-13	9.2221e-14	4.6111e-13	6.9166e-14	2.3055e-13	4.6111e-14	1.1532e-13	9.2221e-15	4.6111e-14	2.0749e-14	4.6111e-15	1.3829e-14	4.6111e-15	1.6136e-14	2.0749e-15	4.6111e-14	3.2281e-15	6.9166e-14	1.3829e-14	6.2247e-14	4.6111e-15	4.6111e-14	4.6111e-15	1.1532e-14	1.8442e-15	9.2221e-15	2.3055e-15	9.2221e-16	4.6111e-15	6.9166e-16	4.6111e-15	9.2221e-16	2.3055e-15	4.6111e-16	2.0749e-15	4.6111e-16	1.8442e-15	2.0749e-16	2.3055e-15	4.6111e-16	6.9166e-15	6.9166e-15	1.3829e-14	2.3055e-15	2.3055e-15	2.0749e-15	2.3055e-14	1.3829e-15	4.6111e-16	2.7668e-16
24808.8	1.2304e-05	7.9397e-09	9.2592e-11	2.3732e-11	1.968e-10	8.976e-15	4.1942e-11	3.4336e-12	4.0588e-11	3.5952e-12	7.0719e-11	4.4864e-14	1.9204e-11	3.3072e-14	3.4864e-13	7.1727e-14	9.4975e-12	2.6615e-12	3.9772e-11	3.7146e-12	1.4993e-10	5.1113e-11	9.0866e-09	1.184e-10	2.8823e-10	2.7696e-12	6.776e-12	4.4325e-13	1.1086e-12	6.6488e-14	6.6488e-13	8.8651e-14	4.4325e-13	6.6488e-14	2.2163e-13	4.4325e-14	1.1086e-13	8.8651e-15	4.4325e-14	1.9945e-14	4.4325e-15	1.3294e-14	4.4325e-15	1.5511e-14	1.9945e-15	4.4325e-14	3.1031e-15	6.6488e-14	1.3294e-14	5.9836e-14	4.4325e-15	4.4325e-14	4.4325e-15	1.1086e-14	1.7728e-15	8.8651e-15	2.2163e-15	8.8651e-16	4.4325e-15	6.6488e-16	4.4325e-15	8.8651e-16	2.2163e-15	4.4325e-16	1.9945e-15	4.4325e-16	1.7728e-15	1.9945e-16	2.2163e-15	4.4325e-16	6.6488e-15	6.6488e-15	1.3294e-14	2.2163e-15	2.2163e-15	1.9945e-15	2.2163e-14	1.3294e-15	4.4325e-16	2.6597e-16
25153.6	1.1682e-05	7.5373e-09	8.7899e-11	2.2529e-11	1.8682e-10	8.5211e-15	3.9816e-11	3.2596e-12	3.8531e-11	3.413e-12	6.7135e-11	4.259e-14	1.823e-11	3.1396e-14	3.3097e-13	6.8092e-14	9.0161e-12	2.5585e-12	3.8233e-11	3.5708e-12	1.4413e-10	4.9134e-11	8.7348e-09	1.1382e-10	2.7707e-10	2.6624e-12	6.5137e-12	4.2609e-13	1.0657e-12	6.3914e-14	6.3914e-13	8.5218e-14	4.2609e-13	6.3914e-14	2.1305e-13	4.2609e-14	1.0657e-13	8.5218e-15	4.2609e-14	1.9173e-14	4.2609e-15	1.2779e-14	4.2609e-15	1.4911e-14	1.9173e-15	4.2609e-14	2.983e-15	6.3914e-14	1.2779e-14	5.752e-14	4.2609e-15	4.2609e-14	4.2609e-15	1.0657e-14	1.7042e-15	8.5218e-15	2.1305e-15	8.5218e-16	4.2609e-15	6.3914e-16	4.2609e-15	8.5218e-16	2.1305e-15	4.2609e-16	1.9173e-15	4.2609e-16	1.7042e-15	1.9173e-16	2.1305e-15	4.2609e-16	6.3914e-15	6.3914e-15	1.2779e-14	2.1305e-15	2.1305e-15	1.9173e-15	2.1305e-14	1.2779e-15	4.2609e-16	2.5567e-16
25503.1	1.1091e-05	7.1553e-09	8.3444e-11	2.1387e-11	1.7736e-10	8.0892e-15	3.7798e-11	3.0944e-12	3.6578e-11	3.24e-12	6.3732e-11	4.0431e-14	1.7306e-11	2.9804e-14	3.142e-13	6.464e-14	8.5592e-12	2.4594e-12	3.6752e-11	3.4325e-12	1.3855e-10	4.7231e-11	8.3966e-09	1.0941e-10	2.6634e-10	2.5593e-12	6.2615e-12	4.0959e-13	1.0244e-12	6.1439e-14	6.1439e-13	8.1919e-14	4.0959e-13	6.1439e-14	2.048e-13	4.0959e-14	1.0244e-13	8.1919e-15	4.0959e-14	1.8431e-14	4.0959e-15	1.2284e-14	4.0959e-15	1.4333e-14	1.8431e-15	4.0959e-14	2.8675e-15	6.1439e-14	1.2284e-14	5.5293e-14	4.0959e-15	4.0959e-14	4.0959e-15	1.0244e-14	1.6382e-15	8.1919e-15	2.048e-15	8.1919e-16	4.0959e-15	6.1439e-16	4.0959e-15	8.1919e-16	2.048e-15	4.0959e-16	1.8431e-15	4.0959e-16	1.6382e-15	1.8431e-16	2.048e-15	4.0959e-16	6.1439e-15	6.1439e-15	1.2284e-14	2.048e-15	2.048e-15	1.8431e-15	2.048e-14	1.2284e-15	4.0959e-16	2.4577e-16
25857.6	1.053e-05	6.7927e-09	7.9215e-11	2.0303e-11	1.6837e-10	7.6793e-15	3.5883e-11	2.9376e-12	3.4724e-11	3.0758e-12	6.0502e-11	3.8382e-14	1.6429e-11	2.8294e-14	2.9827e-13	6.1364e-14	8.1254e-12	2.3642e-12	3.5329e-11	3.2996e-12	1.3318e-10	4.5403e-11	8.0715e-09	1.0517e-10	2.5603e-10	2.4602e-12	6.019e-12	3.9374e-13	9.8474e-13	5.906e-14	5.906e-13	7.8747e-14	3.9374e-13	5.906e-14	1.9687e-13	3.9374e-14	9.8474e-14	7.8747e-15	3.9374e-14	1.7717e-14	3.9374e-15	1.1809e-14	3.9374e-15	1.3778e-14	1.7717e-15	3.9374e-14	2.7565e-15	5.906e-14	1.1809e-14	5.3152e-14	3.9374e-15	3.9374e-14	3.9374e-15	9.8474e-15	1.5748e-15	7.8747e-15	1.9687e-15	7.8747e-16	3.9374e-15	5.906e-16	3.9374e-15	7.8747e-16	1.9687e-15	3.9374e-16	1.7717e-15	3.9374e-16	1.5748e-15	1.7717e-16	1.9687e-15	3.9374e-16	5.906e-15	5.906e-15	1.1809e-14	1.9687e-15	1.9687e-15	1.7717e-15	1.9687e-14	1.1809e-15	3.9374e-16	2.3626e-16
26216.9	9.9973e-06	6.4484e-09	7.52e-11	1.9274e-11	1.5983e-10	7.29e-15	3.4064e-11	2.7887e-12	3.2964e-11	2.9199e-12	5.7436e-11	3.6437e-14	1.5597e-11	2.686e-14	2.8316e-13	5.8254e-14	7.7136e-12	2.2727e-12	3.3962e-11	3.1719e-12	1.2802e-10	4.3645e-11	7.759e-09	1.011e-10	2.4612e-10	2.3649e-12	5.786e-12	3.7849e-13	9.4662e-13	5.6774e-14	5.6774e-13	7.5698e-14	3.7849e-13	5.6774e-14	1.8925e-13	3.7849e-14	9.4662e-14	7.5698e-15	3.7849e-14	1.7031e-14	3.7849e-15	1.1352e-14	3.7849e-15	1.3245e-14	1.7031e-15	3.7849e-14	2.6498e-15	5.6774e-14	1.1352e-14	5.1094e-14	3.7849e-15	3.7849e-14	3.7849e-15	9.4662e-15	1.5138e-15	7.5698e-15	1.8925e-15	7.5698e-16	3.7849e-15	5.6774e-16	3.7849e-15	7.5698e-16	1.8925e-15	3.7849e-16	1.7031e-15	3.7849e-16	1.5138e-15	1.7031e-16	1.8925e-15	3.7849e-16	5.6774e-15	5.6774e-15	1.1352e-14	1.8925e-15	1.8925e-15	1.7031e-15	1.8925e-14	1.1352e-15	3.7849e-16	2.2711e-16
26581.3	9.4916e-06	6.1216e-09	7.1389e-11	1.8297e-11	1.5173e-10	6.9206e-15	3.2338e-11	2.6473e-12	3.1293e-11	2.7719e-12	5.4525e-11	3.459e-14	1.4806e-11	2.5499e-14	2.688e-13	5.5302e-14	7.3226e-12	2.1847e-12	3.2647e-11	3.0491e-12	1.2307e-10	4.1955e-11	7.4586e-09	9.7187e-11	2.3659e-10	2.2734e-12	5.562e-12	3.6384e-13	9.0997e-13	5.4576e-14	5.4576e-13	7.2768e-14	3.6384e-13	5.4576e-14	1.8192e-13	3.6384e-14	9.0997e-14	7.2768e-15	3.6384e-14	1.6372e-14	3.6384e-15	1.0912e-14	3.6384e-15	1.2732e-14	1.6372e-15	3.6384e-14	2.5472e-15	5.4576e-14	1.0912e-14	4.9116e-14	3.6384e-15	3.6384e-14	3.6384e-15	9.0997e-15	1.4552e-15	7.2768e-15	1.8192e-15	7.2768e-16	3.6384e-15	5.4576e-16	3.6384e-15	7.2768e-16	1.8192e-15	3.6384e-16	1.6372e-15	3.6384e-16	1.4552e-15	1.6372e-16	1.8192e-15	3.6384e-16	5.4576e-15	5.4576e-15	1.0912e-14	1.8192e-15	1.8192e-15	1.6372e-15	1.8192e-14	1.0912e-15	3.6384e-16	2.1832e-16
26950.7	9.0115e-06	5.8113e-09	6.7771e-11	1.737e-11	1.4404e-10	6.5698e-15	3.0699e-11	2.5132e-12	2.9707e-11	2.6314e-12	5.1761e-11	3.2837e-14	1.4056e-11	2.4206e-14	2.5518e-13	5.2499e-14	6.9515e-12	2.1001e-12	3.1383e-11	2.931e-12	1.183e-10	4.0331e-11	7.1698e-09	9.3424e-11	2.2743e-10	2.1854e-12	5.3466e-12	3.4975e-13	8.7474e-13	5.2463e-14	5.2463e-13	6.995e-14	3.4975e-13	5.2463e-14	1.7488e-13	3.4975e-14	8.7474e-14	6.995e-15	3.4975e-14	1.5738e-14	3.4975e-15	1.049e-14	3.4975e-15	1.2239e-14	1.5738e-15	3.4975e-14	2.4485e-15	5.2463e-14	1.049e-14	4.7214e-14	3.4975e-15	3.4975e-14	3.4975e-15	8.7474e-15	1.3989e-15	6.995e-15	1.7488e-15	6.995e-16	3.4975e-15	5.2463e-16	3.4975e-15	6.995e-16	1.7488e-15	3.4975e-16	1.5738e-15	3.4975e-16	1.3989e-15	1.5738e-16	1.7488e-15	3.4975e-16	5.2463e-15	5.2463e-15	1.049e-14	1.7488e-15	1.7488e-15	1.5738e-15	1.7488e-14	1.049e-15	3.4975e-16	2.0986e-16
27325.2	8.5556e-06	5.5168e-09	6.4336e-11	1.649e-11	1.3674e-10	6.2368e-15	2.9143e-11	2.3858e-12	2.8202e-11	2.498e-12	4.9138e-11	3.1173e-14	1.3343e-11	2.2979e-14	2.4225e-13	4.9838e-14	6.5992e-12	2.0188e-12	3.0168e-11	2.8175e-12	1.1372e-10	3.8769e-11	6.8922e-09	8.9807e-11	2.1862e-10	2.1008e-12	5.1396e-12	3.3621e-13	8.4087e-13	5.0431e-14	5.0431e-13	6.7242e-14	3.3621e-13	5.0431e-14	1.681e-13	3.3621e-14	8.4087e-14	6.7242e-15	3.3621e-14	1.5129e-14	3.3621e-15	1.0084e-14	3.3621e-15	1.1765e-14	1.5129e-15	3.3621e-14	2.3537e-15	5.0431e-14	1.0084e-14	4.5386e-14	3.3621e-15	3.3621e-14	3.3621e-15	8.4087e-15	1.3447e-15	6.7242e-15	1.681e-15	6.7242e-16	3.3621e-15	5.0431e-16	3.3621e-15	6.7242e-16	1.681e-15	3.3621e-16	1.5129e-15	3.3621e-16	1.3447e-15	1.5129e-16	1.681e-15	3.3621e-16	5.0431e-15	5.0431e-15	1.0084e-14	1.681e-15	1.681e-15	1.5129e-15	1.681e-14	1.0084e-15	3.3621e-16	2.0174e-16
27705	8.1228e-06	5.2372e-09	6.1075e-11	1.5654e-11	1.2981e-10	5.9207e-15	2.7666e-11	2.2649e-12	2.6772e-11	2.3714e-12	4.6647e-11	2.9593e-14	1.2667e-11	2.1815e-14	2.2997e-13	4.7312e-14	6.2647e-12	1.9406e-12	2.9e-11	2.7085e-12	1.0932e-10	3.7268e-11	6.6254e-09	8.633e-11	2.1016e-10	2.0194e-12	4.9406e-12	3.2319e-13	8.0831e-13	4.8479e-14	4.8479e-13	6.4638e-14	3.2319e-13	4.8479e-14	1.616e-13	3.2319e-14	8.0831e-14	6.4638e-15	3.2319e-14	1.4543e-14	3.2319e-15	9.6931e-15	3.2319e-15	1.131e-14	1.4543e-15	3.2319e-14	2.2626e-15	4.8479e-14	9.6931e-15	4.3629e-14	3.2319e-15	3.2319e-14	3.2319e-15	8.0831e-15	1.2926e-15	6.4638e-15	1.616e-15	6.4638e-16	3.2319e-15	4.8479e-16	3.2319e-15	6.4638e-16	1.616e-15	3.2319e-16	1.4543e-15	3.2319e-16	1.2926e-15	1.4543e-16	1.616e-15	3.2319e-16	4.8479e-15	4.8479e-15	9.6931e-15	1.616e-15	1.616e-15	1.4543e-15	1.616e-14	9.6931e-16	3.2319e-16	1.9393e-16
28090	7.7119e-06	4.9718e-09	5.798e-11	1.4861e-11	1.2323e-10	5.6207e-15	2.6264e-11	2.1501e-12	2.5416e-11	2.2513e-12	4.4283e-11	2.8093e-14	1.2025e-11	2.0709e-14	2.1831e-13	4.4914e-14	5.9472e-12	1.8655e-12	2.7877e-11	2.6036e-12	1.0509e-10	3.5825e-11	6.3689e-09	8.2987e-11	2.0202e-10	1.9412e-12	4.7494e-12	3.1068e-13	7.7702e-13	4.6602e-14	4.6602e-13	6.2136e-14	3.1068e-13	4.6602e-14	1.5534e-13	3.1068e-14	7.7702e-14	6.2136e-15	3.1068e-14	1.398e-14	3.1068e-15	9.3178e-15	3.1068e-15	1.0872e-14	1.398e-15	3.1068e-14	2.175e-15	4.6602e-14	9.3178e-15	4.194e-14	3.1068e-15	3.1068e-14	3.1068e-15	7.7702e-15	1.2426e-15	6.2136e-15	1.5534e-15	6.2136e-16	3.1068e-15	4.6602e-16	3.1068e-15	6.2136e-16	1.5534e-15	3.1068e-16	1.398e-15	3.1068e-16	1.2426e-15	1.398e-16	1.5534e-15	3.1068e-16	4.6602e-15	4.6602e-15	9.3178e-15	1.5534e-15	1.5534e-15	1.398e-15	1.5534e-14	9.3178e-16	3.1068e-16	1.8642e-16
28480.4	7.3218e-06	4.7198e-09	5.5041e-11	1.4107e-11	1.1699e-10	5.3358e-15	2.4933e-11	2.0411e-12	2.4127e-11	2.1372e-12	4.2039e-11	2.6669e-14	1.1416e-11	1.966e-14	2.0725e-13	4.2638e-14	5.6458e-12	1.7933e-12	2.6797e-11	2.5028e-12	1.0102e-10	3.4438e-11	6.1223e-09	7.9774e-11	1.942e-10	1.8661e-12	4.5655e-12	2.9865e-13	7.4693e-13	4.4798e-14	4.4798e-13	5.973e-14	2.9865e-13	4.4798e-14	1.4933e-13	2.9865e-14	7.4693e-14	5.973e-15	2.9865e-14	1.3439e-14	2.9865e-15	8.9571e-15	2.9865e-15	1.0451e-14	1.3439e-15	2.9865e-14	2.0908e-15	4.4798e-14	8.9571e-15	4.0316e-14	2.9865e-15	2.9865e-14	2.9865e-15	7.4693e-15	1.1945e-15	5.973e-15	1.4933e-15	5.973e-16	2.9865e-15	4.4798e-16	2.9865e-15	5.973e-16	1.4933e-15	2.9865e-16	1.3439e-15	2.9865e-16	1.1945e-15	1.3439e-16	1.4933e-15	2.9865e-16	4.4798e-15	4.4798e-15	8.9571e-15	1.4933e-15	1.4933e-15	1.3439e-15	1.4933e-14	8.9571e-16	2.9865e-16	1.792e-16
28876.2	6.9515e-06	4.4806e-09	5.2252e-11	1.3392e-11	1.1106e-10	5.0654e-15	2.3669e-11	1.9377e-12	2.2905e-11	2.0288e-12	3.9908e-11	2.5318e-14	1.0837e-11	1.8663e-14	1.9675e-13	4.0477e-14	5.3597e-12	1.7238e-12	2.576e-11	2.4059e-12	9.7107e-11	3.3105e-11	5.8852e-09	7.6685e-11	1.8668e-10	1.7938e-12	4.3887e-12	2.8709e-13	7.1801e-13	4.3063e-14	4.3063e-13	5.7418e-14	2.8709e-13	4.3063e-14	1.4354e-13	2.8709e-14	7.1801e-14	5.7418e-15	2.8709e-14	1.2918e-14	2.8709e-15	8.6103e-15	2.8709e-15	1.0046e-14	1.2918e-15	2.8709e-14	2.0098e-15	4.3063e-14	8.6103e-15	3.8755e-14	2.8709e-15	2.8709e-14	2.8709e-15	7.1801e-15	1.1482e-15	5.7418e-15	1.4354e-15	5.7418e-16	2.8709e-15	4.3063e-16	2.8709e-15	5.7418e-16	1.4354e-15	2.8709e-16	1.2918e-15	2.8709e-16	1.1482e-15	1.2918e-16	1.4354e-15	2.8709e-16	4.3063e-15	4.3063e-15	8.6103e-15	1.4354e-15	1.4354e-15	1.2918e-15	1.4354e-14	8.6103e-16	2.8709e-16	1.7226e-16
29277.5	6.5998e-06	4.2535e-09	4.9603e-11	1.2714e-11	1.0543e-10	4.8086e-15	2.2469e-11	1.8395e-12	2.1744e-11	1.926e-12	3.7886e-11	2.4034e-14	1.0288e-11	1.7717e-14	1.8677e-13	3.8426e-14	5.088e-12	1.6571e-12	2.4763e-11	2.3127e-12	9.3348e-11	3.1823e-11	5.6574e-09	7.3716e-11	1.7945e-10	1.7244e-12	4.2188e-12	2.7597e-13	6.9021e-13	4.1396e-14	4.1396e-13	5.5194e-14	2.7597e-13	4.1396e-14	1.3799e-13	2.7597e-14	6.9021e-14	5.5194e-15	2.7597e-14	1.2418e-14	2.7597e-15	8.2769e-15	2.7597e-15	9.6573e-15	1.2418e-15	2.7597e-14	1.932e-15	4.1396e-14	8.2769e-15	3.7255e-14	2.7597e-15	2.7597e-14	2.7597e-15	6.9021e-15	1.1038e-15	5.5194e-15	1.3799e-15	5.5194e-16	2.7597e-15	4.1396e-16	2.7597e-15	5.5194e-16	1.3799e-15	2.7597e-16	1.2418e-15	2.7597e-16	1.1038e-15	1.2418e-16	1.3799e-15	2.7597e-16	4.1396e-15	4.1396e-15	8.2769e-15	1.3799e-15	1.3799e-15	1.2418e-15	1.3799e-14	8.2769e-16	2.7597e-16	1.6559e-16
29684.3	6.266e-06	4.0379e-09	4.7089e-11	1.2069e-11	1.0009e-10	4.5649e-15	2.133e-11	1.7462e-12	2.0642e-11	1.8284e-12	3.5965e-11	2.2816e-14	9.7664e-12	1.6819e-14	1.7731e-13	3.6478e-14	4.8301e-12	1.5929e-12	2.3804e-11	2.2232e-12	8.9733e-11	3.0591e-11	5.4383e-09	7.0862e-11	1.725e-10	1.6576e-12	4.0554e-12	2.6529e-13	6.6349e-13	3.9793e-14	3.9793e-13	5.3057e-14	2.6529e-13	3.9793e-14	1.3264e-13	2.6529e-14	6.6349e-14	5.3057e-15	2.6529e-14	1.1937e-14	2.6529e-15	7.9564e-15	2.6529e-15	9.2834e-15	1.1937e-15	2.6529e-14	1.8572e-15	3.9793e-14	7.9564e-15	3.5812e-14	2.6529e-15	2.6529e-14	2.6529e-15	6.6349e-15	1.061e-15	5.3057e-15	1.3264e-15	5.3057e-16	2.6529e-15	3.9793e-16	2.6529e-15	5.3057e-16	1.3264e-15	2.6529e-16	1.1937e-15	2.6529e-16	1.061e-15	1.1937e-16	1.3264e-15	2.6529e-16	3.9793e-15	3.9793e-15	7.9564e-15	1.3264e-15	1.3264e-15	1.1937e-15	1.3264e-14	7.9564e-16	2.6529e-16	1.5918e-16
30096.9	5.949e-06	3.8333e-09	4.4703e-11	1.1458e-11	9.5013e-11	4.3336e-15	2.0249e-11	1.6577e-12	1.9596e-11	1.7357e-12	3.4143e-11	2.166e-14	9.2714e-12	1.5967e-14	1.6832e-13	3.4629e-14	4.5853e-12	1.5312e-12	2.2882e-11	2.1371e-12	8.6259e-11	2.9407e-11	5.2278e-09	6.8119e-11	1.6583e-10	1.5934e-12	3.8984e-12	2.5502e-13	6.378e-13	3.8252e-14	3.8252e-13	5.1003e-14	2.5502e-13	3.8252e-14	1.2751e-13	2.5502e-14	6.378e-14	5.1003e-15	2.5502e-14	1.1475e-14	2.5502e-15	7.6484e-15	2.5502e-15	8.924e-15	1.1475e-15	2.5502e-14	1.7853e-15	3.8252e-14	7.6484e-15	3.4426e-14	2.5502e-15	2.5502e-14	2.5502e-15	6.378e-15	1.02e-15	5.1003e-15	1.2751e-15	5.1003e-16	2.5502e-15	3.8252e-16	2.5502e-15	5.1003e-16	1.2751e-15	2.5502e-16	1.1475e-15	2.5502e-16	1.02e-15	1.1475e-16	1.2751e-15	2.5502e-16	3.8252e-15	3.8252e-15	7.6484e-15	1.2751e-15	1.2751e-15	1.1475e-15	1.2751e-14	7.6484e-16	2.5502e-16	1.5302e-16
30515.1	5.6481e-06	3.639e-09	4.2437e-11	1.0877e-11	9.0198e-11	4.1139e-15	1.9223e-11	1.5737e-12	1.8602e-11	1.6478e-12	3.2412e-11	2.0562e-14	8.8015e-12	1.5158e-14	1.5979e-13	3.2874e-14	4.3529e-12	1.472e-12	2.1996e-11	2.0544e-12	8.292e-11	2.8268e-11	5.0254e-09	6.5481e-11	1.594e-10	1.5317e-12	3.7475e-12	2.4514e-13	6.1311e-13	3.6771e-14	3.6771e-13	4.9029e-14	2.4514e-13	3.6771e-14	1.2257e-13	2.4514e-14	6.1311e-14	4.9029e-15	2.4514e-14	1.1031e-14	2.4514e-15	7.3523e-15	2.4514e-15	8.5785e-15	1.1031e-15	2.4514e-14	1.7162e-15	3.6771e-14	7.3523e-15	3.3093e-14	2.4514e-15	2.4514e-14	2.4514e-15	6.1311e-15	9.8047e-16	4.9029e-15	1.2257e-15	4.9029e-16	2.4514e-15	3.6771e-16	2.4514e-15	4.9029e-16	1.2257e-15	2.4514e-16	1.1031e-15	2.4514e-16	9.8047e-16	1.1031e-16	1.2257e-15	2.4514e-16	3.6771e-15	3.6771e-15	7.3523e-15	1.2257e-15	1.2257e-15	1.1031e-15	1.2257e-14	7.3523e-16	2.4514e-16	1.471e-16
30939.2	5.3624e-06	3.4545e-09	4.0286e-11	1.0326e-11	8.5626e-11	3.9054e-15	1.8249e-11	1.4939e-12	1.766e-11	1.5642e-12	3.0769e-11	1.952e-14	8.3554e-12	1.4389e-14	1.5169e-13	3.1208e-14	4.1323e-12	1.415e-12	2.1145e-11	1.9748e-12	7.9709e-11	2.7174e-11	4.8308e-09	6.2946e-11	1.5323e-10	1.4724e-12	3.6024e-12	2.3565e-13	5.8937e-13	3.5348e-14	3.5348e-13	4.713e-14	2.3565e-13	3.5348e-14	1.1783e-13	2.3565e-14	5.8937e-14	4.713e-15	2.3565e-14	1.0604e-14	2.3565e-15	7.0676e-15	2.3565e-15	8.2464e-15	1.0604e-15	2.3565e-14	1.6498e-15	3.5348e-14	7.0676e-15	3.1811e-14	2.3565e-15	2.3565e-14	2.3565e-15	5.8937e-15	9.4251e-16	4.713e-15	1.1783e-15	4.713e-16	2.3565e-15	3.5348e-16	2.3565e-15	4.713e-16	1.1783e-15	2.3565e-16	1.0604e-15	2.3565e-16	9.4251e-16	1.0604e-16	1.1783e-15	2.3565e-16	3.5348e-15	3.5348e-15	7.0676e-15	1.1783e-15	1.1783e-15	1.0604e-15	1.1783e-14	7.0676e-16	2.3565e-16	1.414e-16
31369.2	5.0912e-06	3.2795e-09	3.8244e-11	9.8023e-12	8.1286e-11	3.7075e-15	1.7324e-11	1.4182e-12	1.6765e-11	1.485e-12	2.921e-11	1.8531e-14	7.9319e-12	1.366e-14	1.44e-13	2.9626e-14	3.9229e-12	1.3602e-12	2.0326e-11	1.8984e-12	7.6623e-11	2.6121e-11	4.6438e-09	6.0509e-11	1.473e-10	1.4154e-12	3.4629e-12	2.2653e-13	5.6655e-13	3.3979e-14	3.3979e-13	4.5306e-14	2.2653e-13	3.3979e-14	1.1326e-13	2.2653e-14	5.6655e-14	4.5306e-15	2.2653e-14	1.0193e-14	2.2653e-15	6.794e-15	2.2653e-15	7.9271e-15	1.0193e-15	2.2653e-14	1.5859e-15	3.3979e-14	6.794e-15	3.058e-14	2.2653e-15	2.2653e-14	2.2653e-15	5.6655e-15	9.0602e-16	4.5306e-15	1.1326e-15	4.5306e-16	2.2653e-15	3.3979e-16	2.2653e-15	4.5306e-16	1.1326e-15	2.2653e-16	1.0193e-15	2.2653e-16	9.0602e-16	1.0193e-16	1.1326e-15	2.2653e-16	3.3979e-15	3.3979e-15	6.794e-15	1.1326e-15	1.1326e-15	1.0193e-15	1.1326e-14	6.794e-16	2.2653e-16	1.3593e-16
31805.2	4.8336e-06	3.1133e-09	3.6306e-11	9.3055e-12	7.7167e-11	3.5196e-15	1.6446e-11	1.3464e-12	1.5915e-11	1.4097e-12	2.773e-11	1.7592e-14	7.5299e-12	1.2968e-14	1.3671e-13	2.8125e-14	3.7241e-12	1.3075e-12	1.9539e-11	1.8249e-12	7.3656e-11	2.511e-11	4.464e-09	5.8166e-11	1.416e-10	1.3606e-12	3.3289e-12	2.1776e-13	5.4462e-13	3.2664e-14	3.2664e-13	4.3551e-14	2.1776e-13	3.2664e-14	1.0888e-13	2.1776e-14	5.4462e-14	4.3551e-15	2.1776e-14	9.7986e-15	2.1776e-15	6.5309e-15	2.1776e-15	7.6202e-15	9.7986e-16	2.1776e-14	1.5245e-15	3.2664e-14	6.5309e-15	2.9396e-14	2.1776e-15	2.1776e-14	2.1776e-15	5.4462e-15	8.7094e-16	4.3551e-15	1.0888e-15	4.3551e-16	2.1776e-15	3.2664e-16	2.1776e-15	4.3551e-16	1.0888e-15	2.1776e-16	9.7986e-16	2.1776e-16	8.7094e-16	9.7986e-17	1.0888e-15	2.1776e-16	3.2664e-15	3.2664e-15	6.5309e-15	1.0888e-15	1.0888e-15	9.7986e-16	1.0888e-14	6.5309e-16	2.1776e-16	1.3066e-16
32247.2	4.5891e-06	2.9555e-09	3.4466e-11	8.8339e-12	7.3256e-11	3.3412e-15	1.5612e-11	1.2781e-12	1.5108e-11	1.3383e-12	2.6324e-11	1.67e-14	7.1483e-12	1.2311e-14	1.2978e-13	2.6699e-14	3.5353e-12	1.2569e-12	1.8783e-11	1.7542e-12	7.0805e-11	2.4138e-11	4.2911e-09	5.5914e-11	1.3612e-10	1.3079e-12	3.2e-12	2.0933e-13	5.2353e-13	3.1399e-14	3.1399e-13	4.1865e-14	2.0933e-13	3.1399e-14	1.0466e-13	2.0933e-14	5.2353e-14	4.1865e-15	2.0933e-14	9.4192e-15	2.0933e-15	6.2781e-15	2.0933e-15	7.3251e-15	9.4192e-16	2.0933e-14	1.4655e-15	3.1399e-14	6.2781e-15	2.8258e-14	2.0933e-15	2.0933e-14	2.0933e-15	5.2353e-15	8.3722e-16	4.1865e-15	1.0466e-15	4.1865e-16	2.0933e-15	3.1399e-16	2.0933e-15	4.1865e-16	1.0466e-15	2.0933e-16	9.4192e-16	2.0933e-16	8.3722e-16	9.4192e-17	1.0466e-15	2.0933e-16	3.1399e-15	3.1399e-15	6.2781e-15	1.0466e-15	1.0466e-15	9.4192e-16	1.0466e-14	6.2781e-16	2.0933e-16	1.256e-16
32695.3	4.357e-06	2.8057e-09	3.2719e-11	8.3862e-12	6.9543e-11	3.1719e-15	1.4821e-11	1.2133e-12	1.4343e-11	1.2704e-12	2.499e-11	1.5854e-14	6.786e-12	1.1687e-14	1.232e-13	2.5346e-14	3.3561e-12	1.2082e-12	1.8055e-11	1.6863e-12	6.8063e-11	2.3203e-11	4.125e-09	5.3749e-11	1.3085e-10	1.2573e-12	3.0761e-12	2.0122e-13	5.0326e-13	3.0183e-14	3.0183e-13	4.0244e-14	2.0122e-13	3.0183e-14	1.0061e-13	2.0122e-14	5.0326e-14	4.0244e-15	2.0122e-14	9.0546e-15	2.0122e-15	6.035e-15	2.0122e-15	7.0415e-15	9.0546e-16	2.0122e-14	1.4087e-15	3.0183e-14	6.035e-15	2.7164e-14	2.0122e-15	2.0122e-14	2.0122e-15	5.0326e-15	8.048e-16	4.0244e-15	1.0061e-15	4.0244e-16	2.0122e-15	3.0183e-16	2.0122e-15	4.0244e-16	1.0061e-15	2.0122e-16	9.0546e-16	2.0122e-16	8.048e-16	9.0546e-17	1.0061e-15	2.0122e-16	3.0183e-15	3.0183e-15	6.035e-15	1.0061e-15	1.0061e-15	9.0546e-16	1.0061e-14	6.035e-16	2.0122e-16	1.2074e-16
33149.7	4.1366e-06	2.6635e-09	3.1061e-11	7.9612e-12	6.6018e-11	3.0111e-15	1.407e-11	1.1518e-12	1.3616e-11	1.206e-12	2.3723e-11	1.505e-14	6.4421e-12	1.1094e-14	1.1696e-13	2.4062e-14	3.186e-12	1.1615e-12	1.7356e-11	1.621e-12	6.5428e-11	2.2305e-11	3.9653e-09	5.1668e-11	1.2578e-10	1.2086e-12	2.957e-12	1.9343e-13	4.8378e-13	2.9015e-14	2.9015e-13	3.8686e-14	1.9343e-13	2.9015e-14	9.6715e-14	1.9343e-14	4.8378e-14	3.8686e-15	1.9343e-14	8.704e-15	1.9343e-15	5.8013e-15	1.9343e-15	6.7689e-15	8.704e-16	1.9343e-14	1.3542e-15	2.9015e-14	5.8013e-15	2.6112e-14	1.9343e-15	1.9343e-14	1.9343e-15	4.8378e-15	7.7364e-16	3.8686e-15	9.6715e-16	3.8686e-16	1.9343e-15	2.9015e-16	1.9343e-15	3.8686e-16	9.6715e-16	1.9343e-16	8.704e-16	1.9343e-16	7.7364e-16	8.704e-17	9.6715e-16	1.9343e-16	2.9015e-15	2.9015e-15	5.8013e-15	9.6715e-16	9.6715e-16	8.704e-16	9.6715e-15	5.8013e-16	1.9343e-16	1.1607e-16
33610.4	3.9273e-06	2.5285e-09	2.9487e-11	7.5577e-12	6.2672e-11	2.8585e-15	1.3357e-11	1.0935e-12	1.2926e-11	1.1449e-12	2.2521e-11	1.4287e-14	6.1156e-12	1.0532e-14	1.1103e-13	2.2842e-14	3.0246e-12	1.1165e-12	1.6684e-11	1.5582e-12	6.2895e-11	2.1441e-11	3.8118e-09	4.9668e-11	1.2091e-10	1.1618e-12	2.8425e-12	1.8594e-13	4.6504e-13	2.7891e-14	2.7891e-13	3.7188e-14	1.8594e-13	2.7891e-14	9.2971e-14	1.8594e-14	4.6504e-14	3.7188e-15	1.8594e-14	8.367e-15	1.8594e-15	5.5767e-15	1.8594e-15	6.5068e-15	8.367e-16	1.8594e-14	1.3017e-15	2.7891e-14	5.5767e-15	2.5101e-14	1.8594e-15	1.8594e-14	1.8594e-15	4.6504e-15	7.4369e-16	3.7188e-15	9.2971e-16	3.7188e-16	1.8594e-15	2.7891e-16	1.8594e-15	3.7188e-16	9.2971e-16	1.8594e-16	8.367e-16	1.8594e-16	7.4369e-16	8.367e-17	9.2971e-16	1.8594e-16	2.7891e-15	2.7891e-15	5.5767e-15	9.2971e-16	9.2971e-16	8.367e-16	9.2971e-15	5.5767e-16	1.8594e-16	1.1157e-16
34077.5	3.7287e-06	2.4003e-09	2.7992e-11	7.1746e-12	5.9496e-11	2.7136e-15	1.268e-11	1.038e-12	1.227e-11	1.0869e-12	2.138e-11	1.3563e-14	5.8056e-12	9.9982e-15	1.054e-13	2.1684e-14	2.8713e-12	1.0733e-12	1.6038e-11	1.4979e-12	6.046e-11	2.0611e-11	3.6642e-09	4.7745e-11	1.1623e-10	1.1168e-12	2.7324e-12	1.7874e-13	4.4704e-13	2.6811e-14	2.6811e-13	3.5748e-14	1.7874e-13	2.6811e-14	8.9371e-14	1.7874e-14	4.4704e-14	3.5748e-15	1.7874e-14	8.043e-15	1.7874e-15	5.3608e-15	1.7874e-15	6.2549e-15	8.043e-16	1.7874e-14	1.2513e-15	2.6811e-14	5.3608e-15	2.4129e-14	1.7874e-15	1.7874e-14	1.7874e-15	4.4704e-15	7.149e-16	3.5748e-15	8.9371e-16	3.5748e-16	1.7874e-15	2.6811e-16	1.7874e-15	3.5748e-16	8.9371e-16	1.7874e-16	8.043e-16	1.7874e-16	7.149e-16	8.043e-17	8.9371e-16	1.7874e-16	2.6811e-15	2.6811e-15	5.3608e-15	8.9371e-16	8.9371e-16	8.043e-16	8.9371e-15	5.3608e-16	1.7874e-16	1.0725e-16
34551.1	3.5401e-06	2.2787e-09	2.6574e-11	6.811e-12	5.6481e-11	2.5761e-15	1.2037e-11	9.8544e-13	1.1649e-11	1.0318e-12	2.0296e-11	1.2876e-14	5.5114e-12	9.4915e-15	1.0006e-13	2.0585e-14	2.7258e-12	1.0317e-12	1.5417e-11	1.4399e-12	5.8119e-11	1.9813e-11	3.5223e-09	4.5896e-11	1.1173e-10	1.0736e-12	2.6266e-12	1.7182e-13	4.2973e-13	2.5773e-14	2.5773e-13	3.4364e-14	1.7182e-13	2.5773e-14	8.5911e-14	1.7182e-14	4.2973e-14	3.4364e-15	1.7182e-14	7.7316e-15	1.7182e-15	5.1533e-15	1.7182e-15	6.0127e-15	7.7316e-16	1.7182e-14	1.2029e-15	2.5773e-14	5.1533e-15	2.3195e-14	1.7182e-15	1.7182e-14	1.7182e-15	4.2973e-15	6.8722e-16	3.4364e-15	8.5911e-16	3.4364e-16	1.7182e-15	2.5773e-16	1.7182e-15	3.4364e-16	8.5911e-16	1.7182e-16	7.7316e-16	1.7182e-16	6.8722e-16	7.7316e-17	8.5911e-16	1.7182e-16	2.5773e-15	2.5773e-15	5.1533e-15	8.5911e-16	8.5911e-16	7.7316e-16	8.5911e-15	5.1533e-16	1.7182e-16	1.031e-16
35031.2	3.361e-06	2.1632e-09	2.5227e-11	6.4658e-12	5.3618e-11	2.4455e-15	1.1427e-11	9.3549e-13	1.1058e-11	9.7951e-13	1.9267e-11	1.2223e-14	5.232e-12	9.0104e-15	9.4988e-14	1.9542e-14	2.5876e-12	9.9176e-13	1.482e-11	1.3842e-12	5.5869e-11	1.9046e-11	3.3859e-09	4.4119e-11	1.074e-10	1.032e-12	2.5249e-12	1.6517e-13	4.1309e-13	2.4775e-14	2.4775e-13	3.3034e-14	1.6517e-13	2.4775e-14	8.2585e-14	1.6517e-14	4.1309e-14	3.3034e-15	1.6517e-14	7.4323e-15	1.6517e-15	4.9537e-15	1.6517e-15	5.7799e-15	7.4323e-16	1.6517e-14	1.1563e-15	2.4775e-14	4.9537e-15	2.2297e-14	1.6517e-15	1.6517e-14	1.6517e-15	4.1309e-15	6.6061e-16	3.3034e-15	8.2585e-16	3.3034e-16	1.6517e-15	2.4775e-16	1.6517e-15	3.3034e-16	8.2585e-16	1.6517e-16	7.4323e-16	1.6517e-16	6.6061e-16	7.4323e-17	8.2585e-16	1.6517e-16	2.4775e-15	2.4775e-15	4.9537e-15	8.2585e-16	8.2585e-16	7.4323e-16	8.2585e-15	4.9537e-16	1.6517e-16	9.9108e-17
35518.1	3.191e-06	2.0536e-09	2.3948e-11	6.1381e-12	5.0901e-11	2.3216e-15	1.0848e-11	8.8808e-13	1.0498e-11	9.2987e-13	1.8291e-11	1.1604e-14	4.9669e-12	8.5538e-15	9.0173e-14	1.8552e-14	2.4565e-12	9.5336e-13	1.4247e-11	1.3306e-12	5.3706e-11	1.8309e-11	3.2548e-09	4.2411e-11	1.0324e-10	9.9208e-13	2.4272e-12	1.5877e-13	3.971e-13	2.3816e-14	2.3816e-13	3.1755e-14	1.5877e-13	2.3816e-14	7.9387e-14	1.5877e-14	3.971e-14	3.1755e-15	1.5877e-14	7.1445e-15	1.5877e-15	4.7619e-15	1.5877e-15	5.5561e-15	7.1445e-16	1.5877e-14	1.1116e-15	2.3816e-14	4.7619e-15	2.1434e-14	1.5877e-15	1.5877e-14	1.5877e-15	3.971e-15	6.3503e-16	3.1755e-15	7.9387e-16	3.1755e-16	1.5877e-15	2.3816e-16	1.5877e-15	3.1755e-16	7.9387e-16	1.5877e-16	7.1445e-16	1.5877e-16	6.3503e-16	7.1445e-17	7.9387e-16	1.5877e-16	2.3816e-15	2.3816e-15	4.7619e-15	7.9387e-16	7.9387e-16	7.1445e-16	7.9387e-15	4.7619e-16	1.5877e-16	9.5271e-17
36011.7	3.0296e-06	1.9495e-09	2.2734e-11	5.827e-12	4.8321e-11	2.2039e-15	1.0298e-11	8.4307e-13	9.9657e-12	8.8274e-13	1.7364e-11	1.1016e-14	4.7151e-12	8.1202e-15	8.5603e-14	1.7611e-14	2.332e-12	9.1645e-13	1.3695e-11	1.2791e-12	5.1626e-11	1.76e-11	3.1288e-09	4.0769e-11	9.9246e-11	9.5367e-13	2.3332e-12	1.5263e-13	3.8172e-13	2.2894e-14	2.2894e-13	3.0525e-14	1.5263e-13	2.2894e-14	7.6314e-14	1.5263e-14	3.8172e-14	3.0525e-15	1.5263e-14	6.8679e-15	1.5263e-15	4.5776e-15	1.5263e-15	5.341e-15	6.8679e-16	1.5263e-14	1.0685e-15	2.2894e-14	4.5776e-15	2.0604e-14	1.5263e-15	1.5263e-14	1.5263e-15	3.8172e-15	6.1045e-16	3.0525e-15	7.6314e-16	3.0525e-16	1.5263e-15	2.2894e-16	1.5263e-15	3.0525e-16	7.6314e-16	1.5263e-16	6.8679e-16	1.5263e-16	6.1045e-16	6.8679e-17	7.6314e-16	1.5263e-16	2.2894e-15	2.2894e-15	4.5776e-15	7.6314e-16	7.6314e-16	6.8679e-16	7.6314e-15	4.5776e-16	1.5263e-16	9.1583e-17
36512.2	2.8763e-06	1.8507e-09	2.1582e-11	5.5317e-12	4.5872e-11	2.0922e-15	9.7763e-12	8.0034e-13	9.4606e-12	8.38e-13	1.6484e-11	1.0457e-14	4.4762e-12	7.7087e-15	8.1265e-14	1.6719e-14	2.2138e-12	8.8097e-13	1.3165e-11	1.2295e-12	4.9627e-11	1.6918e-11	3.0077e-09	3.9191e-11	9.5404e-11	9.1674e-13	2.2429e-12	1.4672e-13	3.6695e-13	2.2008e-14	2.2008e-13	2.9344e-14	1.4672e-13	2.2008e-14	7.3359e-14	1.4672e-14	3.6695e-14	2.9344e-15	1.4672e-14	6.602e-15	1.4672e-15	4.4003e-15	1.4672e-15	5.1342e-15	6.602e-16	1.4672e-14	1.0271e-15	2.2008e-14	4.4003e-15	1.9806e-14	1.4672e-15	1.4672e-14	1.4672e-15	3.6695e-15	5.8681e-16	2.9344e-15	7.3359e-16	2.9344e-16	1.4672e-15	2.2008e-16	1.4672e-15	2.9344e-16	7.3359e-16	1.4672e-16	6.602e-16	1.4672e-16	5.8681e-16	6.602e-17	7.3359e-16	1.4672e-16	2.2008e-15	2.2008e-15	4.4003e-15	7.3359e-16	7.3359e-16	6.602e-16	7.3359e-15	4.4003e-16	1.4672e-16	8.8037e-17
37019.6	2.7308e-06	1.7569e-09	2.0488e-11	5.2513e-12	4.3547e-11	1.9862e-15	9.2808e-12	7.5978e-13	8.9811e-12	7.9553e-13	1.5648e-11	9.9273e-15	4.2493e-12	7.318e-15	7.7146e-14	1.5871e-14	2.1016e-12	8.4686e-13	1.2655e-11	1.1819e-12	4.7706e-11	1.6263e-11	2.8912e-09	3.7673e-11	9.171e-11	8.8125e-13	2.156e-12	1.4104e-13	3.5274e-13	2.1156e-14	2.1156e-13	2.8207e-14	1.4104e-13	2.1156e-14	7.0519e-14	1.4104e-14	3.5274e-14	2.8207e-15	1.4104e-14	6.3464e-15	1.4104e-15	4.23e-15	1.4104e-15	4.9354e-15	6.3464e-16	1.4104e-14	9.8738e-16	2.1156e-14	4.23e-15	1.9039e-14	1.4104e-15	1.4104e-14	1.4104e-15	3.5274e-15	5.6409e-16	2.8207e-15	7.0519e-16	2.8207e-16	1.4104e-15	2.1156e-16	1.4104e-15	2.8207e-16	7.0519e-16	1.4104e-16	6.3464e-16	1.4104e-16	5.6409e-16	6.3464e-17	7.0519e-16	1.4104e-16	2.1156e-15	2.1156e-15	4.23e-15	7.0519e-16	7.0519e-16	6.3464e-16	7.0519e-15	4.23e-16	1.4104e-16	8.4628e-17
37534.1	2.5927e-06	1.6678e-09	1.945e-11	4.9852e-12	4.134e-11	1.8855e-15	8.8104e-12	7.2127e-13	8.5259e-12	7.5521e-13	1.4855e-11	9.4241e-15	4.0339e-12	6.9471e-15	7.3236e-14	1.5067e-14	1.9951e-12	8.1407e-13	1.2165e-11	1.1362e-12	4.5859e-11	1.5634e-11	2.7793e-09	3.6215e-11	8.8159e-11	8.4713e-13	2.0726e-12	1.3558e-13	3.3908e-13	2.0337e-14	2.0337e-13	2.7115e-14	1.3558e-13	2.0337e-14	6.7788e-14	1.3558e-14	3.3908e-14	2.7115e-15	1.3558e-14	6.1007e-15	1.3558e-15	4.0662e-15	1.3558e-15	4.7444e-15	6.1007e-16	1.3558e-14	9.4915e-16	2.0337e-14	4.0662e-15	1.8302e-14	1.3558e-15	1.3558e-14	1.3558e-15	3.3908e-15	5.4225e-16	2.7115e-15	6.7788e-16	2.7115e-16	1.3558e-15	2.0337e-16	1.3558e-15	2.7115e-16	6.7788e-16	1.3558e-16	6.1007e-16	1.3558e-16	5.4225e-16	6.1007e-17	6.7788e-16	1.3558e-16	2.0337e-15	2.0337e-15	4.0662e-15	6.7788e-16	6.7788e-16	6.1007e-16	6.7788e-15	4.0662e-16	1.3558e-16	8.1352e-17
38055.7	2.4615e-06	1.5833e-09	1.8464e-11	4.7325e-12	3.9245e-11	1.79e-15	8.3639e-12	6.8471e-13	8.0938e-12	7.1693e-13	1.4102e-11	8.9465e-15	3.8295e-12	6.595e-15	6.9524e-14	1.4303e-14	1.8939e-12	7.8255e-13	1.1694e-11	1.0922e-12	4.4083e-11	1.5028e-11	2.6717e-09	3.4812e-11	8.4746e-11	8.1433e-13	1.9923e-12	1.3033e-13	3.2595e-13	1.9549e-14	1.9549e-13	2.6066e-14	1.3033e-13	1.9549e-14	6.5164e-14	1.3033e-14	3.2595e-14	2.6066e-15	1.3033e-14	5.8645e-15	1.3033e-15	3.9088e-15	1.3033e-15	4.5607e-15	5.8645e-16	1.3033e-14	9.124e-16	1.9549e-14	3.9088e-15	1.7593e-14	1.3033e-15	1.3033e-14	1.3033e-15	3.2595e-15	5.2126e-16	2.6066e-15	6.5164e-16	2.6066e-16	1.3033e-15	1.9549e-16	1.3033e-15	2.6066e-16	6.5164e-16	1.3033e-16	5.8645e-16	1.3033e-16	5.2126e-16	5.8645e-17	6.5164e-16	1.3033e-16	1.9549e-15	1.9549e-15	3.9088e-15	6.5164e-16	6.5164e-16	5.8645e-16	6.5164e-15	3.9088e-16	1.3033e-16	7.8202e-17
38584.6	2.337e-06	1.5031e-09	1.7528e-11	4.4927e-12	3.7256e-11	1.6992e-15	7.94e-12	6.5001e-13	7.6836e-12	6.806e-13	1.3388e-11	8.4931e-15	3.6354e-12	6.2608e-15	6.6001e-14	1.3578e-14	1.798e-12	7.5226e-13	1.1241e-11	1.0499e-12	4.2377e-11	1.4447e-11	2.5683e-09	3.3465e-11	8.1465e-11	7.828e-13	1.9152e-12	1.2528e-13	3.1333e-13	1.8792e-14	1.8792e-13	2.5056e-14	1.2528e-13	1.8792e-14	6.2641e-14	1.2528e-14	3.1333e-14	2.5056e-15	1.2528e-14	5.6374e-15	1.2528e-15	3.7574e-15	1.2528e-15	4.3841e-15	5.6374e-16	1.2528e-14	8.7707e-16	1.8792e-14	3.7574e-15	1.6912e-14	1.2528e-15	1.2528e-14	1.2528e-15	3.1333e-15	5.0108e-16	2.5056e-15	6.2641e-16	2.5056e-16	1.2528e-15	1.8792e-16	1.2528e-15	2.5056e-16	6.2641e-16	1.2528e-16	5.6374e-16	1.2528e-16	5.0108e-16	5.6374e-17	6.2641e-16	1.2528e-16	1.8792e-15	1.8792e-15	3.7574e-15	6.2641e-16	6.2641e-16	5.6374e-16	6.2641e-15	3.7574e-16	1.2528e-16	7.5174e-17
39120.8	2.2188e-06	1.4269e-09	1.664e-11	4.265e-12	3.5367e-11	1.6131e-15	7.5376e-12	6.1707e-13	7.2942e-12	6.461e-13	1.2709e-11	8.0626e-15	3.4512e-12	5.9434e-15	6.2656e-14	1.289e-14	1.7068e-12	7.2313e-13	1.0806e-11	1.0093e-12	4.0736e-11	1.3887e-11	2.4688e-09	3.2169e-11	7.8311e-11	7.5249e-13	1.841e-12	1.2043e-13	3.012e-13	1.8065e-14	1.8065e-13	2.4086e-14	1.2043e-13	1.8065e-14	6.0216e-14	1.2043e-14	3.012e-14	2.4086e-15	1.2043e-14	5.4192e-15	1.2043e-15	3.6119e-15	1.2043e-15	4.2144e-15	5.4192e-16	1.2043e-14	8.4312e-16	1.8065e-14	3.6119e-15	1.6257e-14	1.2043e-15	1.2043e-14	1.2043e-15	3.012e-15	4.8168e-16	2.4086e-15	6.0216e-16	2.4086e-16	1.2043e-15	1.8065e-16	1.2043e-15	2.4086e-16	6.0216e-16	1.2043e-16	5.4192e-16	1.2043e-16	4.8168e-16	5.4192e-17	6.0216e-16	1.2043e-16	1.8065e-15	1.8065e-15	3.6119e-15	6.0216e-16	6.0216e-16	5.4192e-16	6.0216e-15	3.6119e-16	1.2043e-16	7.2264e-17
39664.5	2.1066e-06	1.3546e-09	1.5797e-11	4.0488e-12	3.3575e-11	1.5314e-15	7.1556e-12	5.8579e-13	6.9245e-12	6.1336e-13	1.2065e-11	7.654e-15	3.2762e-12	5.6422e-15	5.948e-14	1.2237e-14	1.6203e-12	6.9513e-13	1.0388e-11	9.7018e-13	3.9159e-11	1.335e-11	2.3732e-09	3.0923e-11	7.5279e-11	7.2336e-13	1.7698e-12	1.1577e-13	2.8954e-13	1.7365e-14	1.7365e-13	2.3154e-14	1.1577e-13	1.7365e-14	5.7884e-14	1.1577e-14	2.8954e-14	2.3154e-15	1.1577e-14	5.2093e-15	1.1577e-15	3.4721e-15	1.1577e-15	4.0512e-15	5.2093e-16	1.1577e-14	8.1047e-16	1.7365e-14	3.4721e-15	1.5628e-14	1.1577e-15	1.1577e-14	1.1577e-15	2.8954e-15	4.6303e-16	2.3154e-15	5.7884e-16	2.3154e-16	1.1577e-15	1.7365e-16	1.1577e-15	2.3154e-16	5.7884e-16	1.1577e-16	5.2093e-16	1.1577e-16	4.6303e-16	5.2093e-17	5.7884e-16	1.1577e-16	1.7365e-15	1.7365e-15	3.4721e-15	5.7884e-16	5.7884e-16	5.2093e-16	5.7884e-15	3.4721e-16	1.1577e-16	6.9466e-17
40215.7	2e-06	1.2859e-09	1.4996e-11	3.8436e-12	3.1873e-11	1.4537e-15	6.7929e-12	5.561e-13	6.5735e-12	5.8227e-13	1.1454e-11	7.2661e-15	3.1102e-12	5.3563e-15	5.6465e-14	1.1617e-14	1.5382e-12	6.6822e-13	9.9855e-12	9.3261e-13	3.7643e-11	1.2833e-11	2.2813e-09	2.9726e-11	7.2364e-11	6.9535e-13	1.7012e-12	1.1129e-13	2.7833e-13	1.6693e-14	1.6693e-13	2.2257e-14	1.1129e-13	1.6693e-14	5.5643e-14	1.1129e-14	2.7833e-14	2.2257e-15	1.1129e-14	5.0076e-15	1.1129e-15	3.3377e-15	1.1129e-15	3.8943e-15	5.0076e-16	1.1129e-14	7.7909e-16	1.6693e-14	3.3377e-15	1.5023e-14	1.1129e-15	1.1129e-14	1.1129e-15	2.7833e-15	4.451e-16	2.2257e-15	5.5643e-16	2.2257e-16	1.1129e-15	1.6693e-16	1.1129e-15	2.2257e-16	5.5643e-16	1.1129e-16	5.0076e-16	1.1129e-16	4.451e-16	5.0076e-17	5.5643e-16	1.1129e-16	1.6693e-15	1.6693e-15	3.3377e-15	5.5643e-16	5.5643e-16	5.0076e-16	5.5643e-15	3.3377e-16	1.1129e-16	6.6776e-17
40774.6	1.8988e-06	1.2207e-09	1.4236e-11	3.6488e-12	3.0258e-11	1.3801e-15	6.4486e-12	5.2792e-13	6.2404e-12	5.5276e-13	1.0873e-11	6.8978e-15	2.9526e-12	5.0848e-15	5.3604e-14	1.1028e-14	1.4602e-12	6.4235e-13	9.5989e-12	8.9651e-13	3.6185e-11	1.2336e-11	2.193e-09	2.8575e-11	6.9562e-11	6.6843e-13	1.6354e-12	1.0698e-13	2.6755e-13	1.6047e-14	1.6047e-13	2.1395e-14	1.0698e-13	1.6047e-14	5.3489e-14	1.0698e-14	2.6755e-14	2.1395e-15	1.0698e-14	4.8138e-15	1.0698e-15	3.2084e-15	1.0698e-15	3.7436e-15	4.8138e-16	1.0698e-14	7.4893e-16	1.6047e-14	3.2084e-15	1.4441e-14	1.0698e-15	1.0698e-14	1.0698e-15	2.6755e-15	4.2787e-16	2.1395e-15	5.3489e-16	2.1395e-16	1.0698e-15	1.6047e-16	1.0698e-15	2.1395e-16	5.3489e-16	1.0698e-16	4.8138e-16	1.0698e-16	4.2787e-16	4.8138e-17	5.3489e-16	1.0698e-16	1.6047e-15	1.6047e-15	3.2084e-15	5.3489e-16	5.3489e-16	4.8138e-16	5.3489e-15	3.2084e-16	1.0698e-16	6.4191e-17
41341.3	1.8028e-06	1.1589e-09	1.3514e-11	3.4639e-12	2.8724e-11	1.3101e-15	6.1218e-12	5.0116e-13	5.9241e-12	5.2474e-13	1.0322e-11	6.5482e-15	2.8029e-12	4.8271e-15	5.0887e-14	1.0469e-14	1.3862e-12	6.1748e-13	9.2273e-12	8.6179e-13	3.4784e-11	1.1858e-11	2.1081e-09	2.7469e-11	6.6869e-11	6.4255e-13	1.572e-12	1.0284e-13	2.5719e-13	1.5425e-14	1.5425e-13	2.0567e-14	1.0284e-13	1.5425e-14	5.1418e-14	1.0284e-14	2.5719e-14	2.0567e-15	1.0284e-14	4.6274e-15	1.0284e-15	3.0842e-15	1.0284e-15	3.5986e-15	4.6274e-16	1.0284e-14	7.1993e-16	1.5425e-14	3.0842e-15	1.3882e-14	1.0284e-15	1.0284e-14	1.0284e-15	2.5719e-15	4.113e-16	2.0567e-15	5.1418e-16	2.0567e-16	1.0284e-15	1.5425e-16	1.0284e-15	2.0567e-16	5.1418e-16	1.0284e-16	4.6274e-16	1.0284e-16	4.113e-16	4.6274e-17	5.1418e-16	1.0284e-16	1.5425e-15	1.5425e-15	3.0842e-15	5.1418e-16	5.1418e-16	4.6274e-16	5.1418e-15	3.0842e-16	1.0284e-16	6.1706e-17
41915.8	1.7116e-06	1.1001e-09	1.283e-11	3.2883e-12	2.7268e-11	1.2437e-15	5.8115e-12	4.7576e-13	5.6239e-12	4.9815e-13	9.7988e-12	6.2163e-15	2.6609e-12	4.5824e-15	4.8308e-14	9.9385e-15	1.316e-12	5.9357e-13	8.87e-12	8.2843e-13	3.3437e-11	1.1399e-11	2.0265e-09	2.6405e-11	6.428e-11	6.1767e-13	1.5112e-12	9.8854e-14	2.4724e-13	1.4828e-14	1.4828e-13	1.9771e-14	9.8854e-14	1.4828e-14	4.9427e-14	9.8854e-15	2.4724e-14	1.9771e-15	9.8854e-15	4.4482e-15	9.8854e-16	2.9648e-15	9.8854e-16	3.4593e-15	4.4482e-16	9.8854e-15	6.9206e-16	1.4828e-14	2.9648e-15	1.3345e-14	9.8854e-16	9.8854e-15	9.8854e-16	2.4724e-15	3.9538e-16	1.9771e-15	4.9427e-16	1.9771e-16	9.8854e-16	1.4828e-16	9.8854e-16	1.9771e-16	4.9427e-16	9.8854e-17	4.4482e-16	9.8854e-17	3.9538e-16	4.4482e-17	4.9427e-16	9.8854e-17	1.4828e-15	1.4828e-15	2.9648e-15	4.9427e-16	4.9427e-16	4.4482e-16	4.9427e-15	2.9648e-16	9.8854e-17	5.9316e-17
42498.3	1.625e-06	1.0444e-09	1.2179e-11	3.1216e-12	2.5886e-11	1.1807e-15	5.517e-12	4.5165e-13	5.3388e-12	4.729e-13	9.3022e-12	5.9013e-15	2.526e-12	4.3502e-15	4.5859e-14	9.4348e-15	1.2493e-12	5.7059e-13	8.5266e-12	7.9635e-13	3.2143e-11	1.0958e-11	1.948e-09	2.5383e-11	6.1791e-11	5.9376e-13	1.4527e-12	9.5027e-14	2.3766e-13	1.4254e-14	1.4254e-13	1.9005e-14	9.5027e-14	1.4254e-14	4.7513e-14	9.5027e-15	2.3766e-14	1.9005e-15	9.5027e-15	4.276e-15	9.5027e-16	2.85e-15	9.5027e-16	3.3254e-15	4.276e-16	9.5027e-15	6.6526e-16	1.4254e-14	2.85e-15	1.2828e-14	9.5027e-16	9.5027e-15	9.5027e-16	2.3766e-15	3.8007e-16	1.9005e-15	4.7513e-16	1.9005e-16	9.5027e-16	1.4254e-16	9.5027e-16	1.9005e-16	4.7513e-16	9.5027e-17	4.276e-16	9.5027e-17	3.8007e-16	4.276e-17	4.7513e-16	9.5027e-17	1.4254e-15	1.4254e-15	2.85e-15	4.7513e-16	4.7513e-16	4.276e-16	4.7513e-15	2.85e-16	9.5027e-17	5.702e-17
43088.9	1.5428e-06	9.9144e-10	1.1562e-11	2.9634e-12	2.4574e-11	1.1208e-15	5.2374e-12	4.2876e-13	5.0682e-12	4.4893e-13	8.8307e-12	5.6022e-15	2.398e-12	4.1297e-15	4.3535e-14	8.9566e-15	1.186e-12	5.485e-13	8.1965e-12	7.6552e-13	3.0898e-11	1.0534e-11	1.8726e-09	2.44e-11	5.9399e-11	5.7077e-13	1.3964e-12	9.1348e-14	2.2846e-13	1.3702e-14	1.3702e-13	1.827e-14	9.1348e-14	1.3702e-14	4.5674e-14	9.1348e-15	2.2846e-14	1.827e-15	9.1348e-15	4.1105e-15	9.1348e-16	2.7397e-15	9.1348e-16	3.1966e-15	4.1105e-16	9.1348e-15	6.3951e-16	1.3702e-14	2.7397e-15	1.2331e-14	9.1348e-16	9.1348e-15	9.1348e-16	2.2846e-15	3.6535e-16	1.827e-15	4.5674e-16	1.827e-16	9.1348e-16	1.3702e-16	9.1348e-16	1.827e-16	4.5674e-16	9.1348e-17	4.1105e-16	9.1348e-17	3.6535e-16	4.1105e-17	4.5674e-16	9.1348e-17	1.3702e-15	1.3702e-15	2.7397e-15	4.5674e-16	4.5674e-16	4.1105e-16	4.5674e-15	2.7397e-16	9.1348e-17	5.4812e-17
43687.7	1.4648e-06	9.412e-10	1.0976e-11	2.8132e-12	2.3329e-11	1.064e-15	4.9719e-12	4.0703e-13	4.8114e-12	4.2618e-13	8.3832e-12	5.3182e-15	2.2764e-12	3.9204e-15	4.1329e-14	8.5027e-15	1.1259e-12	5.2726e-13	7.8791e-12	7.3588e-13	2.9702e-11	1.0126e-11	1.8001e-09	2.3456e-11	5.7099e-11	5.4867e-13	1.3424e-12	8.7811e-14	2.1962e-13	1.3172e-14	1.3172e-13	1.7562e-14	8.7811e-14	1.3172e-14	4.3905e-14	8.7811e-15	2.1962e-14	1.7562e-15	8.7811e-15	3.9513e-15	8.7811e-16	2.6336e-15	8.7811e-16	3.0728e-15	3.9513e-16	8.7811e-15	6.1475e-16	1.3172e-14	2.6336e-15	1.1854e-14	8.7811e-16	8.7811e-15	8.7811e-16	2.1962e-15	3.5121e-16	1.7562e-15	4.3905e-16	1.7562e-16	8.7811e-16	1.3172e-16	8.7811e-16	1.7562e-16	4.3905e-16	8.7811e-17	3.9513e-16	8.7811e-17	3.5121e-16	3.9513e-17	4.3905e-16	8.7811e-17	1.3172e-15	1.3172e-15	2.6336e-15	4.3905e-16	4.3905e-16	3.9513e-16	4.3905e-15	2.6336e-16	8.7811e-17	5.269e-17
44294.9	1.3907e-06	8.9349e-10	1.042e-11	2.6707e-12	2.2147e-11	1.0101e-15	4.7199e-12	3.864e-13	4.5675e-12	4.0458e-13	7.9583e-12	5.0487e-15	2.1611e-12	3.7217e-15	3.9234e-14	8.0717e-15	1.0688e-12	5.0685e-13	7.5741e-12	7.0739e-13	2.8552e-11	9.7336e-12	1.7304e-09	2.2547e-11	5.4889e-11	5.2743e-13	1.2904e-12	8.4411e-14	2.1111e-13	1.2662e-14	1.2662e-13	1.6882e-14	8.4411e-14	1.2662e-14	4.2205e-14	8.4411e-15	2.1111e-14	1.6882e-15	8.4411e-15	3.7983e-15	8.4411e-16	2.5316e-15	8.4411e-16	2.9539e-15	3.7983e-16	8.4411e-15	5.9095e-16	1.2662e-14	2.5316e-15	1.1395e-14	8.4411e-16	8.4411e-15	8.4411e-16	2.1111e-15	3.3761e-16	1.6882e-15	4.2205e-16	1.6882e-16	8.4411e-16	1.2662e-16	8.4411e-16	1.6882e-16	4.2205e-16	8.4411e-17	3.7983e-16	8.4411e-17	3.3761e-16	3.7983e-17	4.2205e-16	8.4411e-17	1.2662e-15	1.2662e-15	2.5316e-15	4.2205e-16	4.2205e-16	3.7983e-16	4.2205e-15	2.5316e-16	8.4411e-17	5.065e-17
44910.5	1.3203e-06	8.4821e-10	9.8917e-12	2.5353e-12	2.1024e-11	9.5892e-16	4.4807e-12	3.6682e-13	4.336e-12	3.8408e-13	7.555e-12	4.7928e-15	2.0515e-12	3.5331e-15	3.7246e-14	7.6626e-15	1.0146e-12	4.8722e-13	7.2808e-12	6.8e-13	2.7447e-11	9.3568e-12	1.6634e-09	2.1674e-11	5.2763e-11	5.0701e-13	1.2404e-12	8.1143e-14	2.0294e-13	1.2171e-14	1.2171e-13	1.6229e-14	8.1143e-14	1.2171e-14	4.0571e-14	8.1143e-15	2.0294e-14	1.6229e-15	8.1143e-15	3.6513e-15	8.1143e-16	2.4336e-15	8.1143e-16	2.8395e-15	3.6513e-16	8.1143e-15	5.6807e-16	1.2171e-14	2.4336e-15	1.0954e-14	8.1143e-16	8.1143e-15	8.1143e-16	2.0294e-15	3.2454e-16	1.6229e-15	4.0571e-16	1.6229e-16	8.1143e-16	1.2171e-16	8.1143e-16	1.6229e-16	4.0571e-16	8.1143e-17	3.6513e-16	8.1143e-17	3.2454e-16	3.6513e-17	4.0571e-16	8.1143e-17	1.2171e-15	1.2171e-15	2.4336e-15	4.0571e-16	4.0571e-16	3.6513e-16	4.0571e-15	2.4336e-16	8.1143e-17	4.8689e-17
45534.6	1.2536e-06	8.0522e-10	9.3903e-12	2.4068e-12	1.9959e-11	9.1032e-16	4.2536e-12	3.4822e-13	4.1163e-12	3.6461e-13	7.1721e-12	4.5499e-15	1.9476e-12	3.354e-15	3.5358e-14	7.2743e-15	9.632e-13	4.6836e-13	6.9989e-12	6.5367e-13	2.6384e-11	8.9945e-12	1.599e-09	2.0835e-11	5.0721e-11	4.8738e-13	1.1924e-12	7.8001e-14	1.9508e-13	1.17e-14	1.17e-13	1.56e-14	7.8001e-14	1.17e-14	3.9001e-14	7.8001e-15	1.9508e-14	1.56e-15	7.8001e-15	3.5099e-15	7.8001e-16	2.3394e-15	7.8001e-16	2.7296e-15	3.5099e-16	7.8001e-15	5.4607e-16	1.17e-14	2.3394e-15	1.053e-14	7.8001e-16	7.8001e-15	7.8001e-16	1.9508e-15	3.1197e-16	1.56e-15	3.9001e-16	1.56e-16	7.8001e-16	1.17e-16	7.8001e-16	1.56e-16	3.9001e-16	7.8001e-17	3.5099e-16	7.8001e-17	3.1197e-16	3.5099e-17	3.9001e-16	7.8001e-17	1.17e-15	1.17e-15	2.3394e-15	3.9001e-16	3.9001e-16	3.5099e-16	3.9001e-15	2.3394e-16	7.8001e-17	4.6804e-17
46167.4	1.1901e-06	7.6441e-10	8.9144e-12	2.2848e-12	1.8947e-11	8.6418e-16	4.038e-12	3.3058e-13	3.9076e-12	3.4613e-13	6.8086e-12	4.3193e-15	1.8489e-12	3.184e-15	3.3566e-14	6.9056e-15	9.1438e-13	4.5023e-13	6.7279e-12	6.2837e-13	2.5362e-11	8.6463e-12	1.5371e-09	2.0029e-11	4.8757e-11	4.6851e-13	1.1462e-12	7.4981e-14	1.8753e-13	1.1247e-14	1.1247e-13	1.4996e-14	7.4981e-14	1.1247e-14	3.7491e-14	7.4981e-15	1.8753e-14	1.4996e-15	7.4981e-15	3.374e-15	7.4981e-16	2.2488e-15	7.4981e-16	2.6239e-15	3.374e-16	7.4981e-15	5.2493e-16	1.1247e-14	2.2488e-15	1.0122e-14	7.4981e-16	7.4981e-15	7.4981e-16	1.8753e-15	2.9989e-16	1.4996e-15	3.7491e-16	1.4996e-16	7.4981e-16	1.1247e-16	7.4981e-16	1.4996e-16	3.7491e-16	7.4981e-17	3.374e-16	7.4981e-17	2.9989e-16	3.374e-17	3.7491e-16	7.4981e-17	1.1247e-15	1.1247e-15	2.2488e-15	3.7491e-16	3.7491e-16	3.374e-16	3.7491e-15	2.2488e-16	7.4981e-17	4.4992e-17
46809	1.1299e-06	7.2567e-10	8.4626e-12	2.169e-12	1.7987e-11	8.2038e-16	3.8334e-12	3.1382e-13	3.7096e-12	3.2859e-13	6.4635e-12	4.1004e-15	1.7551e-12	3.0227e-15	3.1865e-14	6.5556e-15	8.6804e-13	4.3279e-13	6.4675e-12	6.0404e-13	2.438e-11	8.3115e-12	1.4776e-09	1.9253e-11	4.6869e-11	4.5037e-13	1.1019e-12	7.2078e-14	1.8027e-13	1.0812e-14	1.0812e-13	1.4416e-14	7.2078e-14	1.0812e-14	3.6039e-14	7.2078e-15	1.8027e-14	1.4416e-15	7.2078e-15	3.2434e-15	7.2078e-16	2.1618e-15	7.2078e-16	2.5223e-15	3.2434e-16	7.2078e-15	5.0461e-16	1.0812e-14	2.1618e-15	9.7301e-15	7.2078e-16	7.2078e-15	7.2078e-16	1.8027e-15	2.8828e-16	1.4416e-15	3.6039e-16	1.4416e-16	7.2078e-16	1.0812e-16	7.2078e-16	1.4416e-16	3.6039e-16	7.2078e-17	3.2434e-16	7.2078e-17	2.8828e-16	3.2434e-17	3.6039e-16	7.2078e-17	1.0812e-15	1.0812e-15	2.1618e-15	3.6039e-16	3.6039e-16	3.2434e-16	3.6039e-15	2.1618e-16	7.2078e-17	4.325e-17
47459.6	1.0728e-06	6.8889e-10	8.0337e-12	2.0591e-12	1.7075e-11	7.788e-16	3.6391e-12	2.9792e-13	3.5216e-12	3.1193e-13	6.1359e-12	3.8926e-15	1.6662e-12	2.8695e-15	3.025e-14	6.2233e-15	8.2405e-13	4.1604e-13	6.2171e-12	5.8065e-13	2.3436e-11	7.9897e-12	1.4204e-09	1.8508e-11	4.5054e-11	4.3293e-13	1.0592e-12	6.9287e-14	1.7329e-13	1.0393e-14	1.0393e-13	1.3857e-14	6.9287e-14	1.0393e-14	3.4644e-14	6.9287e-15	1.7329e-14	1.3857e-15	6.9287e-15	3.1178e-15	6.9287e-16	2.0781e-15	6.9287e-16	2.4246e-15	3.1178e-16	6.9287e-15	4.8507e-16	1.0393e-14	2.0781e-15	9.3534e-15	6.9287e-16	6.9287e-15	6.9287e-16	1.7329e-15	2.7712e-16	1.3857e-15	3.4644e-16	1.3857e-16	6.9287e-16	1.0393e-16	6.9287e-16	1.3857e-16	3.4644e-16	6.9287e-17	3.1178e-16	6.9287e-17	2.7712e-16	3.1178e-17	3.4644e-16	6.9287e-17	1.0393e-15	1.0393e-15	2.0781e-15	3.4644e-16	3.4644e-16	3.1178e-16	3.4644e-15	2.0781e-16	6.9287e-17	4.1575e-17
48119.1	1.0185e-06	6.5397e-10	7.6265e-12	1.9547e-12	1.621e-11	7.3933e-16	3.4547e-12	2.8282e-13	3.3431e-12	2.9612e-13	5.8249e-12	3.6953e-15	1.5817e-12	2.724e-15	2.8717e-14	5.9079e-15	7.8228e-13	3.9993e-13	5.9764e-12	5.5817e-13	2.2529e-11	7.6804e-12	1.3654e-09	1.7791e-11	4.331e-11	4.1617e-13	1.0182e-12	6.6605e-14	1.6658e-13	9.9907e-15	9.9907e-14	1.3321e-14	6.6605e-14	9.9907e-15	3.3302e-14	6.6605e-15	1.6658e-14	1.3321e-15	6.6605e-15	2.9971e-15	6.6605e-16	1.9976e-15	6.6605e-16	2.3308e-15	2.9971e-16	6.6605e-15	4.6629e-16	9.9907e-15	1.9976e-15	8.9912e-15	6.6605e-16	6.6605e-15	6.6605e-16	1.6658e-15	2.6639e-16	1.3321e-15	3.3302e-16	1.3321e-16	6.6605e-16	9.9907e-17	6.6605e-16	1.3321e-16	3.3302e-16	6.6605e-17	2.9971e-16	6.6605e-17	2.6639e-16	2.9971e-17	3.3302e-16	6.6605e-17	9.9907e-16	9.9907e-16	1.9976e-15	3.3302e-16	3.3302e-16	2.9971e-16	3.3302e-15	1.9976e-16	6.6605e-17	3.9966e-17
48787.9	9.6699e-07	6.2083e-10	7.24e-12	1.8557e-12	1.5388e-11	7.0186e-16	3.2796e-12	2.6848e-13	3.1737e-12	2.8112e-13	5.5297e-12	3.508e-15	1.5016e-12	2.586e-15	2.7261e-14	5.6085e-15	7.4263e-13	3.8445e-13	5.745e-12	5.3656e-13	2.1657e-11	7.383e-12	1.3125e-09	1.7102e-11	4.1633e-11	4.0006e-13	9.7877e-13	6.4026e-14	1.6013e-13	9.6039e-15	9.6039e-14	1.2805e-14	6.4026e-14	9.6039e-15	3.2013e-14	6.4026e-15	1.6013e-14	1.2805e-15	6.4026e-15	2.881e-15	6.4026e-16	1.9203e-15	6.4026e-16	2.2405e-15	2.881e-16	6.4026e-15	4.4823e-16	9.6039e-15	1.9203e-15	8.6431e-15	6.4026e-16	6.4026e-15	6.4026e-16	1.6013e-15	2.5608e-16	1.2805e-15	3.2013e-16	1.2805e-16	6.4026e-16	9.6039e-17	6.4026e-16	1.2805e-16	3.2013e-16	6.4026e-17	2.881e-16	6.4026e-17	2.5608e-16	2.881e-17	3.2013e-16	6.4026e-17	9.6039e-16	9.6039e-16	1.9203e-15	3.2013e-16	3.2013e-16	2.881e-16	3.2013e-15	1.9203e-16	6.4026e-17	3.8418e-17
49465.9	9.1808e-07	5.8936e-10	6.8731e-12	1.7616e-12	1.4608e-11	6.6629e-16	3.1133e-12	2.5488e-13	3.0128e-12	2.6687e-13	5.2494e-12	3.3302e-15	1.4255e-12	2.4549e-15	2.5879e-14	5.3243e-15	7.05e-13	3.6956e-13	5.5225e-12	5.1578e-13	2.0818e-11	7.0972e-12	1.2617e-09	1.644e-11	4.0021e-11	3.8457e-13	9.4087e-13	6.1547e-14	1.5393e-13	9.2321e-15	9.2321e-14	1.2309e-14	6.1547e-14	9.2321e-15	3.0774e-14	6.1547e-15	1.5393e-14	1.2309e-15	6.1547e-15	2.7695e-15	6.1547e-16	1.8459e-15	6.1547e-16	2.1538e-15	2.7695e-16	6.1547e-15	4.3088e-16	9.2321e-15	1.8459e-15	8.3085e-15	6.1547e-16	6.1547e-15	6.1547e-16	1.5393e-15	2.4616e-16	1.2309e-15	3.0774e-16	1.2309e-16	6.1547e-16	9.2321e-17	6.1547e-16	1.2309e-16	3.0774e-16	6.1547e-17	2.7695e-16	6.1547e-17	2.4616e-16	2.7695e-17	3.0774e-16	6.1547e-17	9.2321e-16	9.2321e-16	1.8459e-15	3.0774e-16	3.0774e-16	2.7695e-16	3.0774e-15	1.8459e-16	6.1547e-17	3.6931e-17
50153.3	8.7164e-07	5.5949e-10	6.5247e-12	1.6723e-12	1.3868e-11	6.3252e-16	2.9556e-12	2.4196e-13	2.8601e-12	2.5334e-13	4.9834e-12	3.1614e-15	1.3532e-12	2.3305e-15	2.4568e-14	5.0544e-15	6.6927e-13	3.5525e-13	5.3087e-12	4.9581e-13	2.0012e-11	6.8224e-12	1.2129e-09	1.5804e-11	3.8472e-11	3.6968e-13	9.0444e-13	5.9164e-14	1.4797e-13	8.8746e-15	8.8746e-14	1.1833e-14	5.9164e-14	8.8746e-15	2.9582e-14	5.9164e-15	1.4797e-14	1.1833e-15	5.9164e-15	2.6623e-15	5.9164e-16	1.7744e-15	5.9164e-16	2.0704e-15	2.6623e-16	5.9164e-15	4.142e-16	8.8746e-15	1.7744e-15	7.9868e-15	5.9164e-16	5.9164e-15	5.9164e-16	1.4797e-15	2.3663e-16	1.1833e-15	2.9582e-16	1.1833e-16	5.9164e-16	8.8746e-17	5.9164e-16	1.1833e-16	2.9582e-16	5.9164e-17	2.6623e-16	5.9164e-17	2.3663e-16	2.6623e-17	2.9582e-16	5.9164e-17	8.8746e-16	8.8746e-16	1.7744e-15	2.9582e-16	2.9582e-16	2.6623e-16	2.9582e-15	1.7744e-16	5.9164e-17	3.5501e-17
50850.3	8.2755e-07	5.3114e-10	6.194e-12	1.5876e-12	1.3165e-11	6.0046e-16	2.8058e-12	2.2969e-13	2.7152e-12	2.405e-13	4.7308e-12	3.0012e-15	1.2846e-12	2.2124e-15	2.3323e-14	4.7982e-15	6.3535e-13	3.415e-13	5.1032e-12	4.7662e-13	1.9237e-11	6.5582e-12	1.1659e-09	1.5192e-11	3.6982e-11	3.5536e-13	8.6943e-13	5.6874e-14	1.4224e-13	8.531e-15	8.531e-14	1.1375e-14	5.6874e-14	8.531e-15	2.8437e-14	5.6874e-15	1.4224e-14	1.1375e-15	5.6874e-15	2.5592e-15	5.6874e-16	1.7057e-15	5.6874e-16	1.9902e-15	2.5592e-16	5.6874e-15	3.9816e-16	8.531e-15	1.7057e-15	7.6776e-15	5.6874e-16	5.6874e-15	5.6874e-16	1.4224e-15	2.2747e-16	1.1375e-15	2.8437e-16	1.1375e-16	5.6874e-16	8.531e-17	5.6874e-16	1.1375e-16	2.8437e-16	5.6874e-17	2.5592e-16	5.6874e-17	2.2747e-16	2.5592e-17	2.8437e-16	5.6874e-17	8.531e-16	8.531e-16	1.7057e-15	2.8437e-16	2.8437e-16	2.5592e-16	2.8437e-15	1.7057e-16	5.6874e-17	3.4126e-17
51557	7.8569e-07	5.0422e-10	5.8801e-12	1.5071e-12	1.2498e-11	5.7003e-16	2.6636e-12	2.1805e-13	2.5775e-12	2.2831e-13	4.491e-12	2.8491e-15	1.2195e-12	2.1002e-15	2.2141e-14	4.5551e-15	6.0314e-13	3.2828e-13	4.9056e-12	4.5816e-13	1.8493e-11	6.3043e-12	1.1208e-09	1.4604e-11	3.555e-11	3.4161e-13	8.3576e-13	5.4672e-14	1.3673e-13	8.2007e-15	8.2007e-14	1.0934e-14	5.4672e-14	8.2007e-15	2.7336e-14	5.4672e-15	1.3673e-14	1.0934e-15	5.4672e-15	2.4601e-15	5.4672e-16	1.6397e-15	5.4672e-16	1.9132e-15	2.4601e-16	5.4672e-15	3.8275e-16	8.2007e-15	1.6397e-15	7.3803e-15	5.4672e-16	5.4672e-15	5.4672e-16	1.3673e-15	2.1866e-16	1.0934e-15	2.7336e-16	1.0934e-16	5.4672e-16	8.2007e-17	5.4672e-16	1.0934e-16	2.7336e-16	5.4672e-17	2.4601e-16	5.4672e-17	2.1866e-16	2.4601e-17	2.7336e-16	5.4672e-17	8.2007e-16	8.2007e-16	1.6397e-15	2.7336e-16	2.7336e-16	2.4601e-16	2.7336e-15	1.6397e-16	5.4672e-17	3.2805e-17
52273.5	7.4594e-07	4.7866e-10	5.5821e-12	1.4307e-12	1.1864e-11	5.4114e-16	2.5286e-12	2.07e-13	2.4469e-12	2.1674e-13	4.2634e-12	2.7047e-15	1.1577e-12	1.9938e-15	2.1019e-14	4.3242e-15	5.7258e-13	3.1557e-13	4.7157e-12	4.4043e-13	1.7777e-11	6.0602e-12	1.0774e-09	1.4038e-11	3.4174e-11	3.2838e-13	8.0341e-13	5.2555e-14	1.3144e-13	7.8832e-15	7.8832e-14	1.0511e-14	5.2555e-14	7.8832e-15	2.6277e-14	5.2555e-15	1.3144e-14	1.0511e-15	5.2555e-15	2.3649e-15	5.2555e-16	1.5762e-15	5.2555e-16	1.8391e-15	2.3649e-16	5.2555e-15	3.6793e-16	7.8832e-15	1.5762e-15	7.0946e-15	5.2555e-16	5.2555e-15	5.2555e-16	1.3144e-15	2.102e-16	1.0511e-15	2.6277e-16	1.0511e-16	5.2555e-16	7.8832e-17	5.2555e-16	1.0511e-16	2.6277e-16	5.2555e-17	2.3649e-16	5.2555e-17	2.102e-16	2.3649e-17	2.6277e-16	5.2555e-17	7.8832e-16	7.8832e-16	1.5762e-15	2.6277e-16	2.6277e-16	2.3649e-16	2.6277e-15	1.5762e-16	5.2555e-17	3.1535e-17
53000	7.0821e-07	4.544e-10	5.2992e-12	1.3582e-12	1.1263e-11	5.1371e-16	2.4004e-12	1.9651e-13	2.3229e-12	2.0576e-13	4.0473e-12	2.5676e-15	1.0991e-12	1.8927e-15	1.9953e-14	4.105e-15	5.4356e-13	3.0335e-13	4.5331e-12	4.2337e-13	1.7088e-11	5.8256e-12	1.0356e-09	1.3495e-11	3.2851e-11	3.1567e-13	7.723e-13	5.052e-14	1.2635e-13	7.578e-15	7.578e-14	1.0104e-14	5.052e-14	7.578e-15	2.526e-14	5.052e-15	1.2635e-14	1.0104e-15	5.052e-15	2.2733e-15	5.052e-16	1.5152e-15	5.052e-16	1.7679e-15	2.2733e-16	5.052e-15	3.5368e-16	7.578e-15	1.5152e-15	6.8199e-15	5.052e-16	5.052e-15	5.052e-16	1.2635e-15	2.0206e-16	1.0104e-15	2.526e-16	1.0104e-16	5.052e-16	7.578e-17	5.052e-16	1.0104e-16	2.526e-16	5.052e-17	2.2733e-16	5.052e-17	2.0206e-16	2.2733e-17	2.526e-16	5.052e-17	7.578e-16	7.578e-16	1.5152e-15	2.526e-16	2.526e-16	2.2733e-16	2.526e-15	1.5152e-16	5.052e-17	3.0314e-17
53736.5	6.7239e-07	4.3137e-10	5.0306e-12	1.2894e-12	1.0692e-11	4.8768e-16	2.2788e-12	1.8655e-13	2.2052e-12	1.9533e-13	3.8422e-12	2.4375e-15	1.0433e-12	1.7968e-15	1.8942e-14	3.897e-15	5.1601e-13	2.916e-13	4.3576e-12	4.0698e-13	1.6427e-11	5.6e-12	9.9555e-10	1.2972e-11	3.1579e-11	3.0344e-13	7.424e-13	4.8564e-14	1.2146e-13	7.2846e-15	7.2846e-14	9.7128e-15	4.8564e-14	7.2846e-15	2.4282e-14	4.8564e-15	1.2146e-14	9.7128e-16	4.8564e-15	2.1853e-15	4.8564e-16	1.4565e-15	4.8564e-16	1.6994e-15	2.1853e-16	4.8564e-15	3.3999e-16	7.2846e-15	1.4565e-15	6.5558e-15	4.8564e-16	4.8564e-15	4.8564e-16	1.2146e-15	1.9424e-16	9.7128e-16	2.4282e-16	9.7128e-17	4.8564e-16	7.2846e-17	4.8564e-16	9.7128e-17	2.4282e-16	4.8564e-17	2.1853e-16	4.8564e-17	1.9424e-16	2.1853e-17	2.4282e-16	4.8564e-17	7.2846e-16	7.2846e-16	1.4565e-15	2.4282e-16	2.4282e-16	2.1853e-16	2.4282e-15	1.4565e-16	4.8564e-17	2.914e-17
54483.3	6.3838e-07	4.0951e-10	4.7756e-12	1.224e-12	1.015e-11	4.6296e-16	2.1633e-12	1.771e-13	2.0934e-12	1.8543e-13	3.6475e-12	2.3139e-15	9.9047e-13	1.7058e-15	1.7982e-14	3.6995e-15	4.8985e-13	2.8031e-13	4.1889e-12	3.9122e-13	1.5791e-11	5.3832e-12	9.5701e-10	1.247e-11	3.0356e-11	2.917e-13	7.1365e-13	4.6684e-14	1.1676e-13	7.0026e-15	7.0026e-14	9.3367e-15	4.6684e-14	7.0026e-15	2.3342e-14	4.6684e-15	1.1676e-14	9.3367e-16	4.6684e-15	2.1007e-15	4.6684e-16	1.4001e-15	4.6684e-16	1.6336e-15	2.1007e-16	4.6684e-15	3.2682e-16	7.0026e-15	1.4001e-15	6.302e-15	4.6684e-16	4.6684e-15	4.6684e-16	1.1676e-15	1.8672e-16	9.3367e-16	2.3342e-16	9.3368e-17	4.6684e-16	7.0026e-17	4.6684e-16	9.3368e-17	2.3342e-16	4.6684e-17	2.1007e-16	4.6684e-17	1.8672e-16	2.1007e-17	2.3342e-16	4.6684e-17	7.0026e-16	7.0026e-16	1.4001e-15	2.3342e-16	2.3342e-16	2.1007e-16	2.3342e-15	1.4001e-16	4.6684e-17	2.8012e-17
55240.5	6.0608e-07	3.8876e-10	4.5336e-12	1.162e-12	9.6359e-12	4.3949e-16	2.0536e-12	1.6812e-13	1.9873e-12	1.7603e-13	3.4626e-12	2.1967e-15	9.4027e-13	1.6193e-15	1.7071e-14	3.512e-15	4.6503e-13	2.6946e-13	4.0267e-12	3.7608e-13	1.5179e-11	5.1748e-12	9.1995e-10	1.1987e-11	2.9181e-11	2.804e-13	6.8602e-13	4.4876e-14	1.1224e-13	6.7314e-15	6.7314e-14	8.9753e-15	4.4876e-14	6.7314e-15	2.2438e-14	4.4876e-15	1.1224e-14	8.9753e-16	4.4876e-15	2.0193e-15	4.4876e-16	1.3459e-15	4.4876e-16	1.5704e-15	2.0193e-16	4.4876e-15	3.1417e-16	6.7314e-15	1.3459e-15	6.058e-15	4.4876e-16	4.4876e-15	4.4876e-16	1.1224e-15	1.7949e-16	8.9753e-16	2.2438e-16	8.9753e-17	4.4876e-16	6.7314e-17	4.4876e-16	8.9753e-17	2.2438e-16	4.4876e-17	2.0193e-16	4.4876e-17	1.7949e-16	2.0193e-17	2.2438e-16	4.4876e-17	6.7314e-16	6.7314e-16	1.3459e-15	2.2438e-16	2.2438e-16	2.0193e-16	2.2438e-15	1.3459e-16	4.4876e-17	2.6928e-17
56008.2	5.7543e-07	3.6905e-10	4.3038e-12	1.1031e-12	9.1475e-12	4.1722e-16	1.9495e-12	1.596e-13	1.8866e-12	1.6711e-13	3.2871e-12	2.0853e-15	8.9262e-13	1.5372e-15	1.6205e-14	3.334e-15	4.4146e-13	2.5903e-13	3.8708e-12	3.6152e-13	1.4592e-11	4.9744e-12	8.8434e-10	1.1523e-11	2.8051e-11	2.6955e-13	6.5946e-13	4.3139e-14	1.0789e-13	6.4708e-15	6.4708e-14	8.6278e-15	4.3139e-14	6.4708e-15	2.1569e-14	4.3139e-15	1.0789e-14	8.6278e-16	4.3139e-15	1.9412e-15	4.3139e-16	1.2938e-15	4.3139e-16	1.5096e-15	1.9412e-16	4.3139e-15	3.0201e-16	6.4708e-15	1.2938e-15	5.8235e-15	4.3139e-16	4.3139e-15	4.3139e-16	1.0789e-15	1.7254e-16	8.6278e-16	2.1569e-16	8.6278e-17	4.3139e-16	6.4708e-17	4.3139e-16	8.6278e-17	2.1569e-16	4.3139e-17	1.9412e-16	4.3139e-17	1.7254e-16	1.9412e-17	2.1569e-16	4.3139e-17	6.4708e-16	6.4708e-16	1.2938e-15	2.1569e-16	2.1569e-16	1.9412e-16	2.1569e-15	1.2938e-16	4.3139e-17	2.5885e-17
56786.6	5.4632e-07	3.5035e-10	4.0857e-12	1.0472e-12	8.6839e-12	3.9607e-16	1.8507e-12	1.5151e-13	1.791e-12	1.5864e-13	3.1205e-12	1.9796e-15	8.4738e-13	1.4593e-15	1.5384e-14	3.165e-15	4.1909e-13	2.49e-13	3.7209e-12	3.4752e-13	1.4027e-11	4.7818e-12	8.501e-10	1.1077e-11	2.6965e-11	2.5911e-13	6.3393e-13	4.1469e-14	1.0371e-13	6.2203e-15	6.2203e-14	8.2937e-15	4.1469e-14	6.2203e-15	2.0734e-14	4.1469e-15	1.0371e-14	8.2937e-16	4.1469e-15	1.866e-15	4.1469e-16	1.2437e-15	4.1469e-16	1.4511e-15	1.866e-16	4.1469e-15	2.9031e-16	6.2203e-15	1.2437e-15	5.598e-15	4.1469e-16	4.1469e-15	4.1469e-16	1.0371e-15	1.6586e-16	8.2937e-16	2.0734e-16	8.2937e-17	4.1469e-16	6.2203e-17	4.1469e-16	8.2937e-17	2.0734e-16	4.1469e-17	1.866e-16	4.1469e-17	1.6586e-16	1.866e-17	2.0734e-16	4.1469e-17	6.2203e-16	6.2203e-16	1.2437e-15	2.0734e-16	2.0734e-16	1.866e-16	2.0734e-15	1.2437e-16	4.1469e-17	2.4883e-17
57575.8	5.1868e-07	3.3259e-10	3.8786e-12	9.9412e-13	8.2438e-12	3.76e-16	1.7569e-12	1.4383e-13	1.7002e-12	1.506e-13	2.9624e-12	1.8793e-15	8.0443e-13	1.3854e-15	1.4604e-14	3.0046e-15	3.9784e-13	2.3936e-13	3.5768e-12	3.3406e-13	1.3484e-11	4.5967e-12	8.1718e-10	1.0648e-11	2.5921e-11	2.4908e-13	6.0939e-13	3.9863e-14	9.9698e-14	5.9795e-15	5.9795e-14	7.9726e-15	3.9863e-14	5.9795e-15	1.9932e-14	3.9863e-15	9.9698e-15	7.9726e-16	3.9863e-15	1.7938e-15	3.9863e-16	1.1956e-15	3.9863e-16	1.395e-15	1.7938e-16	3.9863e-15	2.7907e-16	5.9795e-15	1.1956e-15	5.3813e-15	3.9863e-16	3.9863e-15	3.9863e-16	9.9698e-16	1.5944e-16	7.9726e-16	1.9932e-16	7.9726e-17	3.9863e-16	5.9795e-17	3.9863e-16	7.9726e-17	1.9932e-16	3.9863e-17	1.7938e-16	3.9863e-17	1.5944e-16	1.7938e-17	1.9932e-16	3.9863e-17	5.9795e-16	5.9795e-16	1.1956e-15	1.9932e-16	1.9932e-16	1.7938e-16	1.9932e-15	1.1956e-16	3.9863e-17	2.3919e-17
58375.9	4.9245e-07	3.1573e-10	3.682e-12	9.4373e-13	7.826e-12	3.5694e-16	1.6679e-12	1.3654e-13	1.614e-12	1.4297e-13	2.8122e-12	1.7841e-15	7.6366e-13	1.3151e-15	1.3864e-14	2.8523e-15	3.7768e-13	2.3009e-13	3.4384e-12	3.2113e-13	1.2962e-11	4.4187e-12	7.8554e-10	1.0236e-11	2.4917e-11	2.3943e-13	5.8579e-13	3.832e-14	9.5838e-14	5.7479e-15	5.7479e-14	7.6639e-15	3.832e-14	5.7479e-15	1.916e-14	3.832e-15	9.5838e-15	7.6639e-16	3.832e-15	1.7243e-15	3.832e-16	1.1493e-15	3.832e-16	1.341e-15	1.7243e-16	3.832e-15	2.6827e-16	5.7479e-15	1.1493e-15	5.1729e-15	3.832e-16	3.832e-15	3.832e-16	9.5838e-16	1.5326e-16	7.6639e-16	1.916e-16	7.6639e-17	3.832e-16	5.7479e-17	3.832e-16	7.6639e-17	1.916e-16	3.832e-17	1.7243e-16	3.832e-17	1.5326e-16	1.7243e-17	1.916e-16	3.832e-17	5.7479e-16	5.7479e-16	1.1493e-15	1.916e-16	1.916e-16	1.7243e-16	1.916e-15	1.1493e-16	3.832e-17	2.2993e-17
59187.2	4.6754e-07	2.9973e-10	3.4954e-12	8.959e-13	7.4293e-12	3.3885e-16	1.5834e-12	1.2962e-13	1.5322e-12	1.3572e-13	2.6697e-12	1.6936e-15	7.2495e-13	1.2485e-15	1.3162e-14	2.7078e-15	3.5854e-13	2.2118e-13	3.3052e-12	3.087e-13	1.246e-11	4.2477e-12	7.5513e-10	9.8394e-12	2.3953e-11	2.3016e-13	5.6311e-13	3.6836e-14	9.2128e-14	5.5254e-15	5.5254e-14	7.3672e-15	3.6836e-14	5.5254e-15	1.8418e-14	3.6836e-15	9.2128e-15	7.3672e-16	3.6836e-15	1.6575e-15	3.6836e-16	1.1048e-15	3.6836e-16	1.289e-15	1.6575e-16	3.6836e-15	2.5788e-16	5.5254e-15	1.1048e-15	4.9726e-15	3.6836e-16	3.6836e-15	3.6836e-16	9.2128e-16	1.4733e-16	7.3672e-16	1.8418e-16	7.3672e-17	3.6836e-16	5.5254e-17	3.6836e-16	7.3672e-17	1.8418e-16	3.6836e-17	1.6575e-16	3.6836e-17	1.4733e-16	1.6575e-17	1.8418e-16	3.6836e-17	5.5254e-16	5.5254e-16	1.1048e-15	1.8418e-16	1.8418e-16	1.6575e-16	1.8418e-15	1.1048e-16	3.6836e-17	2.2103e-17
60009.7	4.4389e-07	2.8454e-10	3.3183e-12	8.505e-13	7.0528e-12	3.2168e-16	1.5031e-12	1.2305e-13	1.4546e-12	1.2884e-13	2.5344e-12	1.6078e-15	6.8821e-13	1.1852e-15	1.2494e-14	2.5705e-15	3.4037e-13	2.1262e-13	3.1773e-12	2.9675e-13	1.1977e-11	4.0832e-12	7.2589e-10	9.4585e-12	2.3025e-11	2.2125e-13	5.4131e-13	3.541e-14	8.8561e-14	5.3115e-15	5.3115e-14	7.082e-15	3.541e-14	5.3115e-15	1.7705e-14	3.541e-15	8.8561e-15	7.082e-16	3.541e-15	1.5934e-15	3.541e-16	1.062e-15	3.541e-16	1.2391e-15	1.5934e-16	3.541e-15	2.479e-16	5.3115e-15	1.062e-15	4.7801e-15	3.541e-16	3.541e-15	3.541e-16	8.8561e-16	1.4162e-16	7.082e-16	1.7705e-16	7.082e-17	3.541e-16	5.3115e-17	3.541e-16	7.082e-17	1.7705e-16	3.541e-17	1.5934e-16	3.541e-17	1.4162e-16	1.5934e-17	1.7705e-16	3.541e-17	5.3115e-16	5.3115e-16	1.062e-15	1.7705e-16	1.7705e-16	1.5934e-16	1.7705e-15	1.062e-16	3.541e-17	2.1247e-17
60843.7	4.2143e-07	2.7012e-10	3.1501e-12	8.0739e-13	6.6953e-12	3.0538e-16	1.4269e-12	1.1682e-13	1.3808e-12	1.2231e-13	2.4059e-12	1.5263e-15	6.5333e-13	1.1251e-15	1.1861e-14	2.4402e-15	3.2312e-13	2.0439e-13	3.0543e-12	2.8526e-13	1.1514e-11	3.9251e-12	6.9779e-10	9.0923e-12	2.2134e-11	2.1269e-13	5.2035e-13	3.4039e-14	8.5132e-14	5.1058e-15	5.1058e-14	6.8078e-15	3.4039e-14	5.1058e-15	1.7019e-14	3.4039e-15	8.5132e-15	6.8078e-16	3.4039e-15	1.5317e-15	3.4039e-16	1.0209e-15	3.4039e-16	1.1911e-15	1.5317e-16	3.4039e-15	2.383e-16	5.1058e-15	1.0209e-15	4.595e-15	3.4039e-16	3.4039e-15	3.4039e-16	8.5132e-16	1.3614e-16	6.8078e-16	1.7019e-16	6.8078e-17	3.4039e-16	5.1058e-17	3.4039e-16	6.8078e-17	1.7019e-16	3.4039e-17	1.5317e-16	3.4039e-17	1.3614e-16	1.5317e-17	1.7019e-16	3.4039e-17	5.1058e-16	5.1058e-16	1.0209e-15	1.7019e-16	1.7019e-16	1.5317e-16	1.7019e-15	1.0209e-16	3.4039e-17	2.0425e-17
61689.3	4.0011e-07	2.5643e-10	2.9904e-12	7.6647e-13	6.356e-12	2.899e-16	1.3546e-12	1.109e-13	1.3109e-12	1.1611e-13	2.284e-12	1.449e-15	6.2022e-13	1.0681e-15	1.126e-14	2.3166e-15	3.0674e-13	1.9647e-13	2.936e-12	2.7421e-13	1.1068e-11	3.7731e-12	6.7077e-10	8.7403e-12	2.1277e-11	2.0445e-13	5.002e-13	3.2721e-14	8.1836e-14	4.9081e-15	4.9081e-14	6.5442e-15	3.2721e-14	4.9081e-15	1.636e-14	3.2721e-15	8.1836e-15	6.5442e-16	3.2721e-15	1.4724e-15	3.2721e-16	9.8136e-16	3.2721e-16	1.145e-15	1.4724e-16	3.2721e-15	2.2907e-16	4.9081e-15	9.8136e-16	4.4171e-15	3.2721e-16	3.2721e-15	3.2721e-16	8.1836e-16	1.3087e-16	6.5442e-16	1.636e-16	6.5442e-17	3.2721e-16	4.9081e-17	3.2721e-16	6.5442e-17	1.636e-16	3.2721e-17	1.4724e-16	3.2721e-17	1.3087e-16	1.4724e-17	1.636e-16	3.2721e-17	4.9081e-16	4.9081e-16	9.8136e-16	1.636e-16	1.636e-16	1.4724e-16	1.636e-15	9.8136e-17	3.2721e-17	1.9634e-17
62546.6	3.7988e-07	2.4343e-10	2.8389e-12	7.2762e-13	6.0339e-12	2.7521e-16	1.286e-12	1.0527e-13	1.2444e-12	1.1023e-13	2.1682e-12	1.3755e-15	5.8878e-13	1.014e-15	1.0689e-14	2.1992e-15	2.9119e-13	1.8887e-13	2.8223e-12	2.636e-13	1.0639e-11	3.627e-12	6.448e-10	8.4019e-12	2.0453e-11	1.9654e-13	4.8084e-13	3.1454e-14	7.8667e-14	4.7181e-15	4.7181e-14	6.2908e-15	3.1454e-14	4.7181e-15	1.5727e-14	3.1454e-15	7.8667e-15	6.2908e-16	3.1454e-15	1.4154e-15	3.1454e-16	9.4336e-16	3.1454e-16	1.1007e-15	1.4154e-16	3.1454e-15	2.202e-16	4.7181e-15	9.4336e-16	4.2461e-15	3.1454e-16	3.1454e-15	3.1454e-16	7.8667e-16	1.258e-16	6.2908e-16	1.5727e-16	6.2908e-17	3.1454e-16	4.7181e-17	3.1454e-16	6.2908e-17	1.5727e-16	3.1454e-17	1.4154e-16	3.1454e-17	1.258e-16	1.4154e-17	1.5727e-16	3.1454e-17	4.7181e-16	4.7181e-16	9.4336e-16	1.5727e-16	1.5727e-16	1.4154e-16	1.5727e-15	9.4336e-17	3.1454e-17	1.8874e-17
63415.8	3.6066e-07	2.311e-10	2.695e-12	6.9075e-13	5.7281e-12	2.6126e-16	1.2208e-12	9.9939e-14	1.1814e-12	1.0464e-13	2.0584e-12	1.3058e-15	5.5894e-13	9.6259e-16	1.0148e-14	2.0877e-15	2.7644e-13	1.8155e-13	2.7131e-12	2.5339e-13	1.0227e-11	3.4866e-12	6.1984e-10	8.0766e-12	1.9661e-11	1.8893e-13	4.6222e-13	3.0236e-14	7.5622e-14	4.5354e-15	4.5354e-14	6.0472e-15	3.0236e-14	4.5354e-15	1.5118e-14	3.0236e-15	7.5622e-15	6.0472e-16	3.0236e-15	1.3606e-15	3.0236e-16	9.0684e-16	3.0236e-16	1.0581e-15	1.3606e-16	3.0236e-15	2.1168e-16	4.5354e-15	9.0684e-16	4.0817e-15	3.0236e-16	3.0236e-15	3.0236e-16	7.5622e-16	1.2093e-16	6.0472e-16	1.5118e-16	6.0472e-17	3.0236e-16	4.5354e-17	3.0236e-16	6.0472e-17	1.5118e-16	3.0236e-17	1.3606e-16	3.0236e-17	1.2093e-16	1.3606e-17	1.5118e-16	3.0236e-17	4.5354e-16	4.5354e-16	9.0684e-16	1.5118e-16	1.5118e-16	1.3606e-16	1.5118e-15	9.0684e-17	3.0236e-17	1.8143e-17
64297.2	3.4242e-07	2.1938e-10	2.5584e-12	6.5574e-13	5.4377e-12	2.4802e-16	1.1589e-12	9.4874e-14	1.1215e-12	9.9338e-14	1.954e-12	1.2396e-15	5.3062e-13	9.1381e-16	9.6333e-15	1.9819e-15	2.6243e-13	1.7452e-13	2.608e-12	2.4358e-13	9.8314e-12	3.3516e-12	5.9584e-10	7.7639e-12	1.89e-11	1.8161e-13	4.4433e-13	2.9066e-14	7.2694e-14	4.3598e-15	4.3598e-14	5.8131e-15	2.9066e-14	4.3598e-15	1.4533e-14	2.9066e-15	7.2694e-15	5.8131e-16	2.9066e-15	1.3079e-15	2.9066e-16	8.7173e-16	2.9066e-16	1.0171e-15	1.3079e-16	2.9066e-15	2.0348e-16	4.3598e-15	8.7173e-16	3.9237e-15	2.9066e-16	2.9066e-15	2.9066e-16	7.2694e-16	1.1625e-16	5.8131e-16	1.4533e-16	5.8131e-17	2.9066e-16	4.3598e-17	2.9066e-16	5.8131e-17	1.4533e-16	2.9066e-17	1.3079e-16	2.9066e-17	1.1625e-16	1.3079e-17	1.4533e-16	2.9066e-17	4.3598e-16	4.3598e-16	8.7173e-16	1.4533e-16	1.4533e-16	1.3079e-16	1.4533e-15	8.7173e-17	2.9066e-17	1.7441e-17
65190.7	3.251e-07	2.0826e-10	2.4287e-12	6.225e-13	5.1621e-12	2.3545e-16	1.1002e-12	9.0066e-14	1.0646e-12	9.4304e-14	1.855e-12	1.1768e-15	5.0372e-13	8.6749e-16	9.1451e-15	1.8814e-15	2.4913e-13	1.6777e-13	2.507e-12	2.3415e-13	9.4508e-12	3.2219e-12	5.7277e-10	7.4633e-12	1.8168e-11	1.7458e-13	4.2712e-13	2.794e-14	6.9879e-14	4.191e-15	4.191e-14	5.588e-15	2.794e-14	4.191e-15	1.397e-14	2.794e-15	6.9879e-15	5.588e-16	2.794e-15	1.2573e-15	2.794e-16	8.3798e-16	2.794e-16	9.7774e-16	1.2573e-16	2.794e-15	1.956e-16	4.191e-15	8.3798e-16	3.7718e-15	2.794e-16	2.794e-15	2.794e-16	6.9879e-16	1.1175e-16	5.588e-16	1.397e-16	5.588e-17	2.794e-16	4.191e-17	2.794e-16	5.588e-17	1.397e-16	2.794e-17	1.2573e-16	2.794e-17	1.1175e-16	1.2573e-17	1.397e-16	2.794e-17	4.191e-16	4.191e-16	8.3798e-16	1.397e-16	1.397e-16	1.2573e-16	1.397e-15	8.3798e-17	2.794e-17	1.6765e-17
66096.7	3.0865e-07	1.9771e-10	2.3056e-12	5.9095e-13	4.9005e-12	2.2351e-16	1.0444e-12	8.5501e-14	1.0107e-12	8.9524e-14	1.761e-12	1.1172e-15	4.7819e-13	8.2353e-16	8.6816e-15	1.7861e-15	2.365e-13	1.6127e-13	2.41e-12	2.2508e-13	9.0849e-12	3.0971e-12	5.5059e-10	7.1743e-12	1.7465e-11	1.6782e-13	4.1059e-13	2.6858e-14	6.7174e-14	4.0288e-15	4.0288e-14	5.3717e-15	2.6858e-14	4.0288e-15	1.3429e-14	2.6858e-15	6.7174e-15	5.3717e-16	2.6858e-15	1.2086e-15	2.6858e-16	8.0553e-16	2.6858e-16	9.3988e-16	1.2086e-16	2.6858e-15	1.8803e-16	4.0288e-15	8.0553e-16	3.6257e-15	2.6858e-16	2.6858e-15	2.6858e-16	6.7174e-16	1.0742e-16	5.3717e-16	1.3429e-16	5.3717e-17	2.6858e-16	4.0288e-17	2.6858e-16	5.3717e-17	1.3429e-16	2.6858e-17	1.2086e-16	2.6858e-17	1.0742e-16	1.2086e-17	1.3429e-16	2.6858e-17	4.0288e-16	4.0288e-16	8.0553e-16	1.3429e-16	1.3429e-16	1.2086e-16	1.3429e-15	8.0553e-17	2.6858e-17	1.6116e-17
67015.3	2.9304e-07	1.8769e-10	2.1888e-12	5.61e-13	4.6521e-12	2.1219e-16	9.9148e-13	8.1168e-14	9.5946e-13	8.4987e-14	1.6717e-12	1.0605e-15	4.5396e-13	7.8179e-16	8.2416e-15	1.6956e-15	2.2451e-13	1.5503e-13	2.3167e-12	2.1637e-13	8.7331e-12	2.9772e-12	5.2928e-10	6.8965e-12	1.6789e-11	1.6132e-13	3.9469e-13	2.5819e-14	6.4573e-14	3.8728e-15	3.8728e-14	5.1637e-15	2.5819e-14	3.8728e-15	1.2909e-14	2.5819e-15	6.4573e-15	5.1637e-16	2.5819e-15	1.1618e-15	2.5819e-16	7.7435e-16	2.5819e-16	9.0349e-16	1.1618e-16	2.5819e-15	1.8075e-16	3.8728e-15	7.7435e-16	3.4854e-15	2.5819e-16	2.5819e-15	2.5819e-16	6.4573e-16	1.0326e-16	5.1637e-16	1.2909e-16	5.1637e-17	2.5819e-16	3.8728e-17	2.5819e-16	5.1637e-17	1.2909e-16	2.5819e-17	1.1618e-16	2.5819e-17	1.0326e-16	1.1618e-17	1.2909e-16	2.5819e-17	3.8728e-16	3.8728e-16	7.7435e-16	1.2909e-16	1.2909e-16	1.1618e-16	1.2909e-15	7.7435e-17	2.5819e-17	1.5492e-17
67946.6	2.7821e-07	1.7818e-10	2.0779e-12	5.3257e-13	4.4164e-12	2.0143e-16	9.4123e-13	7.7054e-14	9.1083e-13	8.0679e-14	1.587e-12	1.0068e-15	4.3095e-13	7.4216e-16	7.8239e-15	1.6096e-15	2.1313e-13	1.4903e-13	2.227e-12	2.0799e-13	8.395e-12	2.8619e-12	5.0878e-10	6.6295e-12	1.6139e-11	1.5508e-13	3.7941e-13	2.4819e-14	6.2073e-14	3.7228e-15	3.7228e-14	4.9638e-15	2.4819e-14	3.7228e-15	1.2409e-14	2.4819e-15	6.2073e-15	4.9638e-16	2.4819e-15	1.1168e-15	2.4819e-16	7.4437e-16	2.4819e-16	8.6851e-16	1.1168e-16	2.4819e-15	1.7375e-16	3.7228e-15	7.4437e-16	3.3504e-15	2.4819e-16	2.4819e-15	2.4819e-16	6.2073e-16	9.9266e-17	4.9638e-16	1.2409e-16	4.9638e-17	2.4819e-16	3.7228e-17	2.4819e-16	4.9638e-17	1.2409e-16	2.4819e-17	1.1168e-16	2.4819e-17	9.9266e-17	1.1168e-17	1.2409e-16	2.4819e-17	3.7228e-16	3.7228e-16	7.4437e-16	1.2409e-16	1.2409e-16	1.1168e-16	1.2409e-15	7.4437e-17	2.4819e-17	1.4892e-17
68890.9	2.6414e-07	1.6915e-10	1.9725e-12	5.0558e-13	4.1925e-12	1.9122e-16	8.9352e-13	7.3149e-14	8.6467e-13	7.659e-14	1.5066e-12	9.5576e-16	4.0911e-13	7.0455e-16	7.4273e-15	1.528e-15	2.0233e-13	1.4326e-13	2.1407e-12	1.9994e-13	8.07e-12	2.7511e-12	4.8908e-10	6.3728e-12	1.5514e-11	1.4907e-13	3.6472e-13	2.3858e-14	5.967e-14	3.5787e-15	3.5787e-14	4.7716e-15	2.3858e-14	3.5787e-15	1.1929e-14	2.3858e-15	5.967e-15	4.7716e-16	2.3858e-15	1.0736e-15	2.3858e-16	7.1555e-16	2.3858e-16	8.3488e-16	1.0736e-16	2.3858e-15	1.6703e-16	3.5787e-15	7.1555e-16	3.2207e-15	2.3858e-16	2.3858e-15	2.3858e-16	5.967e-16	9.5422e-17	4.7716e-16	1.1929e-16	4.7716e-17	2.3858e-16	3.5787e-17	2.3858e-16	4.7716e-17	1.1929e-16	2.3858e-17	1.0736e-16	2.3858e-17	9.5422e-17	1.0736e-17	1.1929e-16	2.3858e-17	3.5787e-16	3.5787e-16	7.1555e-16	1.1929e-16	1.1929e-16	1.0736e-16	1.1929e-15	7.1555e-17	2.3858e-17	1.4316e-17
69848.3	2.5078e-07	1.6057e-10	1.8726e-12	4.7995e-13	3.98e-12	1.8153e-16	8.4824e-13	6.9441e-14	8.2084e-13	7.2709e-14	1.4302e-12	9.0732e-16	3.8837e-13	6.6884e-16	7.0509e-15	1.4506e-15	1.9208e-13	1.3771e-13	2.0579e-12	1.922e-13	7.7575e-12	2.6446e-12	4.7015e-10	6.1261e-12	1.4913e-11	1.433e-13	3.506e-13	2.2934e-14	5.7359e-14	3.4401e-15	3.4401e-14	4.5869e-15	2.2934e-14	3.4401e-15	1.1467e-14	2.2934e-15	5.7359e-15	4.5869e-16	2.2934e-15	1.032e-15	2.2934e-16	6.8784e-16	2.2934e-16	8.0256e-16	1.032e-16	2.2934e-15	1.6056e-16	3.4401e-15	6.8784e-16	3.096e-15	2.2934e-16	2.2934e-15	2.2934e-16	5.7359e-16	9.1728e-17	4.5869e-16	1.1467e-16	4.5869e-17	2.2934e-16	3.4401e-17	2.2934e-16	4.5869e-17	1.1467e-16	2.2934e-17	1.032e-16	2.2934e-17	9.1728e-17	1.032e-17	1.1467e-16	2.2934e-17	3.4401e-16	3.4401e-16	6.8784e-16	1.1467e-16	1.1467e-16	1.032e-16	1.1467e-15	6.8784e-17	2.2934e-17	1.3762e-17
70819	2.3809e-07	1.5243e-10	1.7777e-12	4.5563e-13	3.7783e-12	1.7233e-16	8.0525e-13	6.5922e-14	7.7924e-13	6.9024e-14	1.3577e-12	8.6134e-16	3.6869e-13	6.3494e-16	6.6935e-15	1.3771e-15	1.8234e-13	1.3238e-13	1.9782e-12	1.8476e-13	7.4572e-12	2.5422e-12	4.5195e-10	5.8889e-12	1.4336e-11	1.3775e-13	3.3702e-13	2.2046e-14	5.5139e-14	3.307e-15	3.307e-14	4.4093e-15	2.2046e-14	3.307e-15	1.1023e-14	2.2046e-15	5.5139e-15	4.4093e-16	2.2046e-15	9.9204e-16	2.2046e-16	6.6121e-16	2.2046e-16	7.7149e-16	9.9204e-17	2.2046e-15	1.5434e-16	3.307e-15	6.6121e-16	2.9761e-15	2.2046e-16	2.2046e-15	2.2046e-16	5.5139e-16	8.8176e-17	4.4093e-16	1.1023e-16	4.4093e-17	2.2046e-16	3.307e-17	2.2046e-16	4.4093e-17	1.1023e-16	2.2046e-17	9.9204e-17	2.2046e-17	8.8176e-17	9.9204e-18	1.1023e-16	2.2046e-17	3.307e-16	3.307e-16	6.6121e-16	1.1023e-16	1.1023e-16	9.9204e-17	1.1023e-15	6.6121e-17	2.2046e-17	1.3229e-17
71803.2	2.2605e-07	1.4471e-10	1.6876e-12	4.3254e-13	3.5868e-12	1.636e-16	7.6443e-13	6.2581e-14	7.3975e-13	6.5525e-14	1.2889e-12	8.1768e-16	3.5e-13	6.0276e-16	6.3543e-15	1.3073e-15	1.731e-13	1.2725e-13	1.9016e-12	1.776e-13	7.1685e-12	2.4438e-12	4.3445e-10	5.6609e-12	1.3781e-11	1.3242e-13	3.2397e-13	2.1193e-14	5.3004e-14	3.1789e-15	3.1789e-14	4.2386e-15	2.1193e-14	3.1789e-15	1.0596e-14	2.1193e-15	5.3004e-15	4.2386e-16	2.1193e-15	9.5363e-16	2.1193e-16	6.3561e-16	2.1193e-16	7.4162e-16	9.5363e-17	2.1193e-15	1.4837e-16	3.1789e-15	6.3561e-16	2.8609e-15	2.1193e-16	2.1193e-15	2.1193e-16	5.3004e-16	8.4762e-17	4.2386e-16	1.0596e-16	4.2386e-17	2.1193e-16	3.1789e-17	2.1193e-16	4.2386e-17	1.0596e-16	2.1193e-17	9.5363e-17	2.1193e-17	8.4762e-17	9.5363e-18	1.0596e-16	2.1193e-17	3.1789e-16	3.1789e-16	6.3561e-16	1.0596e-16	1.0596e-16	9.5363e-17	1.0596e-15	6.3561e-17	2.1193e-17	1.2717e-17
72801.1	2.1462e-07	1.3737e-10	1.602e-12	4.1061e-13	3.405e-12	1.553e-16	7.2569e-13	5.9409e-14	7.0226e-13	6.2204e-14	1.2236e-12	7.7624e-16	3.3226e-13	5.7221e-16	6.0322e-15	1.241e-15	1.6433e-13	1.2233e-13	1.828e-12	1.7073e-13	6.8909e-12	2.3492e-12	4.1763e-10	5.4417e-12	1.3247e-11	1.2729e-13	3.1143e-13	2.0372e-14	5.0952e-14	3.0558e-15	3.0558e-14	4.0745e-15	2.0372e-14	3.0558e-15	1.0186e-14	2.0372e-15	5.0952e-15	4.0745e-16	2.0372e-15	9.1671e-16	2.0372e-16	6.11e-16	2.0372e-16	7.129e-16	9.1671e-17	2.0372e-15	1.4262e-16	3.0558e-15	6.11e-16	2.7501e-15	2.0372e-16	2.0372e-15	2.0372e-16	5.0952e-16	8.1481e-17	4.0745e-16	1.0186e-16	4.0745e-17	2.0372e-16	3.0558e-17	2.0372e-16	4.0745e-17	1.0186e-16	2.0372e-17	9.1671e-17	2.0372e-17	8.1481e-17	9.1671e-18	1.0186e-16	2.0372e-17	3.0558e-16	3.0558e-16	6.11e-16	1.0186e-16	1.0186e-16	9.1671e-17	1.0186e-15	6.11e-17	2.0372e-17	1.2224e-17
73812.8	2.0376e-07	1.3041e-10	1.5208e-12	3.898e-13	3.2325e-12	1.4743e-16	6.8891e-13	5.6398e-14	6.6666e-13	5.9052e-14	1.1616e-12	7.369e-16	3.1542e-13	5.4321e-16	5.7265e-15	1.1781e-15	1.56e-13	1.1759e-13	1.7572e-12	1.6412e-13	6.6241e-12	2.2582e-12	4.0146e-10	5.231e-12	1.2734e-11	1.2236e-13	2.9937e-13	1.9584e-14	4.8979e-14	2.9375e-15	2.9375e-14	3.9167e-15	1.9584e-14	2.9375e-15	9.7918e-15	1.9584e-15	4.8979e-15	3.9167e-16	1.9584e-15	8.8122e-16	1.9584e-16	5.8734e-16	1.9584e-16	6.853e-16	8.8122e-17	1.9584e-15	1.371e-16	2.9375e-15	5.8734e-16	2.6437e-15	1.9584e-16	1.9584e-15	1.9584e-16	4.8979e-16	7.8326e-17	3.9167e-16	9.7918e-17	3.9167e-17	1.9584e-16	2.9375e-17	1.9584e-16	3.9167e-17	9.7918e-17	1.9584e-17	8.8122e-17	1.9584e-17	7.8326e-17	8.8122e-18	9.7918e-17	1.9584e-17	2.9375e-16	2.9375e-16	5.8734e-16	9.7918e-17	9.7918e-17	8.8122e-17	9.7918e-16	5.8734e-17	1.9584e-17	1.1751e-17
74838.6	1.9345e-07	1.238e-10	1.4438e-12	3.7005e-13	3.0686e-12	1.3996e-16	6.54e-13	5.354e-14	6.3288e-13	5.6059e-14	1.1027e-12	6.9955e-16	2.9944e-13	5.1568e-16	5.4363e-15	1.1184e-15	1.4809e-13	1.1304e-13	1.6892e-12	1.5776e-13	6.3677e-12	2.1708e-12	3.8591e-10	5.0285e-12	1.2241e-11	1.1763e-13	2.8778e-13	1.8825e-14	4.7083e-14	2.8238e-15	2.8238e-14	3.7651e-15	1.8825e-14	2.8238e-15	9.4126e-15	1.8825e-15	4.7083e-15	3.7651e-16	1.8825e-15	8.471e-16	1.8825e-16	5.646e-16	1.8825e-16	6.5877e-16	8.471e-17	1.8825e-15	1.3179e-16	2.8238e-15	5.646e-16	2.5413e-15	1.8825e-16	1.8825e-15	1.8825e-16	4.7083e-16	7.5293e-17	3.7651e-16	9.4126e-17	3.7651e-17	1.8825e-16	2.8238e-17	1.8825e-16	3.7651e-17	9.4126e-17	1.8825e-17	8.471e-17	1.8825e-17	7.5293e-17	8.471e-18	9.4126e-17	1.8825e-17	2.8238e-16	2.8238e-16	5.646e-16	9.4126e-17	9.4126e-17	8.471e-17	9.4126e-16	5.646e-17	1.8825e-17	1.1296e-17
75878.7	1.8367e-07	1.1753e-10	1.3706e-12	3.5129e-13	2.9131e-12	1.3287e-16	6.2085e-13	5.0826e-14	6.008e-13	5.3218e-14	1.0468e-12	6.6409e-16	2.8426e-13	4.8955e-16	5.1608e-15	1.0617e-15	1.4059e-13	1.0866e-13	1.6238e-12	1.5165e-13	6.1211e-12	2.0867e-12	3.7097e-10	4.8338e-12	1.1767e-11	1.1307e-13	2.7664e-13	1.8096e-14	4.526e-14	2.7145e-15	2.7145e-14	3.6193e-15	1.8096e-14	2.7145e-15	9.0482e-15	1.8096e-15	4.526e-15	3.6193e-16	1.8096e-15	8.143e-16	1.8096e-16	5.4274e-16	1.8096e-16	6.3326e-16	8.143e-17	1.8096e-15	1.2669e-16	2.7145e-15	5.4274e-16	2.4429e-15	1.8096e-16	1.8096e-15	1.8096e-16	4.526e-16	7.2378e-17	3.6193e-16	9.0482e-17	3.6193e-17	1.8096e-16	2.7145e-17	1.8096e-16	3.6193e-17	9.0482e-17	1.8096e-17	8.143e-17	1.8096e-17	7.2378e-17	8.143e-18	9.0482e-17	1.8096e-17	2.7145e-16	2.7145e-16	5.4274e-16	9.0482e-17	9.0482e-17	8.143e-17	9.0482e-16	5.4274e-17	1.8096e-17	1.0859e-17
76933.2	1.7438e-07	1.1157e-10	1.3011e-12	3.3349e-13	2.7655e-12	1.2613e-16	5.8938e-13	4.825e-14	5.7035e-13	5.052e-14	9.9376e-13	6.3044e-16	2.6985e-13	4.6473e-16	4.8992e-15	1.0079e-15	1.3346e-13	1.0445e-13	1.5609e-12	1.4578e-13	5.8841e-12	2.0059e-12	3.5661e-10	4.6467e-12	1.1312e-11	1.0869e-13	2.6593e-13	1.7396e-14	4.3507e-14	2.6094e-15	2.6094e-14	3.4792e-15	1.7396e-14	2.6094e-15	8.6979e-15	1.7396e-15	4.3507e-15	3.4792e-16	1.7396e-15	7.8277e-16	1.7396e-16	5.2173e-16	1.7396e-16	6.0874e-16	7.8277e-17	1.7396e-15	1.2178e-16	2.6094e-15	5.2173e-16	2.3483e-15	1.7396e-16	1.7396e-15	1.7396e-16	4.3507e-16	6.9576e-17	3.4792e-16	8.6979e-17	3.4792e-17	1.7396e-16	2.6094e-17	1.7396e-16	3.4792e-17	8.6979e-17	1.7396e-17	7.8277e-17	1.7396e-17	6.9576e-17	7.8277e-18	8.6979e-17	1.7396e-17	2.6094e-16	2.6094e-16	5.2173e-16	8.6979e-17	8.6979e-17	7.8277e-17	8.6979e-16	5.2173e-17	1.7396e-17	1.0438e-17
78002.4	1.6556e-07	1.0592e-10	1.2352e-12	3.1659e-13	2.6253e-12	1.1974e-16	5.5951e-13	4.5805e-14	5.4144e-13	4.796e-14	9.434e-13	5.9848e-16	2.5618e-13	4.4118e-16	4.6509e-15	9.5684e-16	1.267e-13	1.0041e-13	1.5005e-12	1.4014e-13	5.6563e-12	1.9283e-12	3.428e-10	4.4668e-12	1.0874e-11	1.0449e-13	2.5563e-13	1.6722e-14	4.1823e-14	2.5083e-15	2.5083e-14	3.3444e-15	1.6722e-14	2.5083e-15	8.3611e-15	1.6722e-15	4.1823e-15	3.3444e-16	1.6722e-15	7.5247e-16	1.6722e-16	5.0153e-16	1.6722e-16	5.8518e-16	7.5247e-17	1.6722e-15	1.1707e-16	2.5083e-15	5.0153e-16	2.2574e-15	1.6722e-16	1.6722e-15	1.6722e-16	4.1823e-16	6.6882e-17	3.3444e-16	8.3611e-17	3.3444e-17	1.6722e-16	2.5083e-17	1.6722e-16	3.3444e-17	8.3611e-17	1.6722e-17	7.5247e-17	1.6722e-17	6.6882e-17	7.5247e-18	8.3611e-17	1.6722e-17	2.5083e-16	2.5083e-16	5.0153e-16	8.3611e-17	8.3611e-17	7.5247e-17	8.3611e-16	5.0153e-17	1.6722e-17	1.0034e-17
79086.4	1.5718e-07	1.0055e-10	1.1726e-12	3.0054e-13	2.4923e-12	1.1367e-16	5.3115e-13	4.3483e-14	5.14e-13	4.5529e-14	8.9558e-13	5.6815e-16	2.4319e-13	4.1882e-16	4.4152e-15	9.0835e-16	1.2028e-13	9.6521e-14	1.4424e-12	1.3471e-13	5.4373e-12	1.8536e-12	3.2953e-10	4.2938e-12	1.0453e-11	1.0044e-13	2.4574e-13	1.6075e-14	4.0204e-14	2.4112e-15	2.4112e-14	3.215e-15	1.6075e-14	2.4112e-15	8.0374e-15	1.6075e-15	4.0203e-15	3.215e-16	1.6075e-15	7.2333e-16	1.6075e-16	4.8211e-16	1.6075e-16	5.6252e-16	7.2333e-17	1.6075e-15	1.1254e-16	2.4112e-15	4.8211e-16	2.17e-15	1.6075e-16	1.6075e-15	1.6075e-16	4.0203e-16	6.4293e-17	3.215e-16	8.0374e-17	3.215e-17	1.6075e-16	2.4112e-17	1.6075e-16	3.215e-17	8.0374e-17	1.6075e-17	7.2333e-17	1.6075e-17	6.4293e-17	7.2333e-18	8.0374e-17	1.6075e-17	2.4112e-16	2.4112e-16	4.8211e-16	8.0374e-17	8.0374e-17	7.2333e-17	8.0374e-16	4.8211e-17	1.6075e-17	9.6455e-18
80185.5	1.4923e-07	9.5453e-11	1.1132e-12	2.8531e-13	2.3659e-12	1.0791e-16	5.0423e-13	4.1279e-14	4.8795e-13	4.3222e-14	8.5019e-13	5.3936e-16	2.3087e-13	3.9759e-16	4.1914e-15	8.6231e-16	1.1418e-13	9.2784e-14	1.3865e-12	1.295e-13	5.2268e-12	1.7819e-12	3.1677e-10	4.1276e-12	1.0048e-11	9.6552e-14	2.3622e-13	1.5452e-14	3.8647e-14	2.3179e-15	2.3179e-14	3.0905e-15	1.5452e-14	2.3179e-15	7.7262e-15	1.5452e-15	3.8647e-15	3.0905e-16	1.5452e-15	6.9533e-16	1.5452e-16	4.6345e-16	1.5452e-16	5.4074e-16	6.9533e-17	1.5452e-15	1.0818e-16	2.3179e-15	4.6345e-16	2.086e-15	1.5452e-16	1.5452e-15	1.5452e-16	3.8647e-16	6.1803e-17	3.0905e-16	7.7262e-17	3.0905e-17	1.5452e-16	2.3179e-17	1.5452e-16	3.0905e-17	7.7262e-17	1.5452e-17	6.9533e-17	1.5452e-17	6.1803e-17	6.9533e-18	7.7262e-17	1.5452e-17	2.3179e-16	2.3179e-16	4.6345e-16	7.7262e-17	7.7262e-17	6.9533e-17	7.7262e-16	4.6345e-17	1.5452e-17	9.2721e-18
81299.9	1.4168e-07	9.0615e-11	1.0567e-12	2.7085e-13	2.246e-12	1.0244e-16	4.7868e-13	3.9187e-14	4.6322e-13	4.1031e-14	8.071e-13	5.1202e-16	2.1917e-13	3.7744e-16	3.979e-15	8.186e-16	1.0839e-13	8.9192e-14	1.3328e-12	1.2448e-13	5.0244e-12	1.7129e-12	3.0451e-10	3.9678e-12	9.659e-12	9.2814e-14	2.2708e-13	1.4854e-14	3.7151e-14	2.2281e-15	2.2281e-14	2.9708e-15	1.4854e-14	2.2281e-15	7.4271e-15	1.4854e-15	3.7151e-15	2.9708e-16	1.4854e-15	6.6841e-16	1.4854e-16	4.455e-16	1.4854e-16	5.198e-16	6.6841e-17	1.4854e-15	1.0399e-16	2.2281e-15	4.455e-16	2.0052e-15	1.4854e-16	1.4854e-15	1.4854e-16	3.7151e-16	5.9411e-17	2.9708e-16	7.4271e-17	2.9708e-17	1.4854e-16	2.2281e-17	1.4854e-16	2.9708e-17	7.4271e-17	1.4854e-17	6.6841e-17	1.4854e-17	5.9411e-17	6.6841e-18	7.4271e-17	1.4854e-17	2.2281e-16	2.2281e-16	4.455e-16	7.4271e-17	7.4271e-17	6.6841e-17	7.4271e-16	4.455e-17	1.4854e-17	8.9131e-18
82429.7	1.3452e-07	8.6022e-11	1.0032e-12	2.5712e-13	2.1322e-12	9.725e-17	4.5442e-13	3.7201e-14	4.3974e-13	3.8952e-14	7.662e-13	4.8607e-16	2.0806e-13	3.5831e-16	3.7773e-15	7.7712e-16	1.029e-13	8.5739e-14	1.2812e-12	1.1966e-13	4.8299e-12	1.6466e-12	2.9272e-10	3.8141e-12	9.285e-12	8.922e-14	2.1828e-13	1.4279e-14	3.5712e-14	2.1419e-15	2.1419e-14	2.8558e-15	1.4279e-14	2.1419e-15	7.1395e-15	1.4279e-15	3.5712e-15	2.8558e-16	1.4279e-15	6.4253e-16	1.4279e-16	4.2825e-16	1.4279e-16	4.9968e-16	6.4253e-17	1.4279e-15	9.9965e-17	2.1419e-15	4.2825e-16	1.9276e-15	1.4279e-16	1.4279e-15	1.4279e-16	3.5712e-16	5.711e-17	2.8558e-16	7.1395e-17	2.8558e-17	1.4279e-16	2.1419e-17	1.4279e-16	2.8558e-17	7.1395e-17	1.4279e-17	6.4253e-17	1.4279e-17	5.711e-17	6.4253e-18	7.1395e-17	1.4279e-17	2.1419e-16	2.1419e-16	4.2825e-16	7.1395e-17	7.1395e-17	6.4253e-17	7.1395e-16	4.2825e-17	1.4279e-17	8.568e-18
83575.3	1.2771e-07	8.1662e-11	9.5233e-13	2.4409e-13	2.0241e-12	9.2321e-17	4.3139e-13	3.5316e-14	4.1746e-13	3.6977e-14	7.2736e-13	4.6144e-16	1.9751e-13	3.4015e-16	3.5859e-15	7.3773e-16	9.7684e-14	8.2419e-14	1.2316e-12	1.1503e-13	4.6429e-12	1.5828e-12	2.8138e-10	3.6665e-12	8.9255e-12	8.5766e-14	2.0983e-13	1.3726e-14	3.433e-14	2.0589e-15	2.0589e-14	2.7452e-15	1.3726e-14	2.0589e-15	6.8631e-15	1.3726e-15	3.433e-15	2.7452e-16	1.3726e-15	6.1765e-16	1.3726e-16	4.1167e-16	1.3726e-16	4.8033e-16	6.1765e-17	1.3726e-15	9.6095e-17	2.0589e-15	4.1167e-16	1.853e-15	1.3726e-16	1.3726e-15	1.3726e-16	3.433e-16	5.4899e-17	2.7452e-16	6.8631e-17	2.7452e-17	1.3726e-16	2.0589e-17	1.3726e-16	2.7452e-17	6.8631e-17	1.3726e-17	6.1765e-17	1.3726e-17	5.4899e-17	6.1765e-18	6.8631e-17	1.3726e-17	2.0589e-16	2.0589e-16	4.1167e-16	6.8631e-17	6.8631e-17	6.1765e-17	6.8631e-16	4.1167e-17	1.3726e-17	8.2363e-18
84736.8	1.2125e-07	7.7524e-11	9.0407e-13	2.3172e-13	1.9215e-12	8.7642e-17	4.0952e-13	3.3526e-14	3.963e-13	3.5103e-14	6.905e-13	4.3805e-16	1.875e-13	3.2291e-16	3.4041e-15	7.0034e-16	9.2734e-14	7.9228e-14	1.1839e-12	1.1058e-13	4.4631e-12	1.5215e-12	2.7049e-10	3.5245e-12	8.5799e-12	8.2445e-14	2.0171e-13	1.3195e-14	3.3e-14	1.9792e-15	1.9792e-14	2.639e-15	1.3195e-14	1.9792e-15	6.5974e-15	1.3195e-15	3.3e-15	2.639e-16	1.3195e-15	5.9374e-16	1.3195e-16	3.9573e-16	1.3195e-16	4.6174e-16	5.9374e-17	1.3195e-15	9.2374e-17	1.9792e-15	3.9573e-16	1.7812e-15	1.3195e-16	1.3195e-15	1.3195e-16	3.3e-16	5.2774e-17	2.639e-16	6.5974e-17	2.639e-17	1.3195e-16	1.9792e-17	1.3195e-16	2.639e-17	6.5974e-17	1.3195e-17	5.9374e-17	1.3195e-17	5.2774e-17	5.9374e-18	6.5974e-17	1.3195e-17	1.9792e-16	1.9792e-16	3.9573e-16	6.5974e-17	6.5974e-17	5.9374e-17	6.5974e-16	3.9573e-17	1.3195e-17	7.9174e-18
85914.4	1.1512e-07	7.3595e-11	8.5825e-13	2.1997e-13	1.8242e-12	8.32e-17	3.8877e-13	3.1827e-14	3.7621e-13	3.3324e-14	6.555e-13	4.1585e-16	1.78e-13	3.0655e-16	3.2316e-15	6.6484e-16	8.8034e-14	7.6161e-14	1.1381e-12	1.0629e-13	4.2903e-12	1.4626e-12	2.6002e-10	3.3881e-12	8.2477e-12	7.9253e-14	1.939e-13	1.2684e-14	3.1723e-14	1.9026e-15	1.9026e-14	2.5368e-15	1.2684e-14	1.9026e-15	6.3419e-15	1.2684e-15	3.1723e-15	2.5368e-16	1.2684e-15	5.7075e-16	1.2684e-16	3.8041e-16	1.2684e-16	4.4386e-16	5.7075e-17	1.2684e-15	8.8798e-17	1.9026e-15	3.8041e-16	1.7122e-15	1.2684e-16	1.2684e-15	1.2684e-16	3.1723e-16	5.073e-17	2.5368e-16	6.3419e-17	2.5368e-17	1.2684e-16	1.9026e-17	1.2684e-16	2.5368e-17	6.3419e-17	1.2684e-17	5.7075e-17	1.2684e-17	5.073e-17	5.7075e-18	6.3419e-17	1.2684e-17	1.9026e-16	1.9026e-16	3.8041e-16	6.3419e-17	6.3419e-17	5.7075e-17	6.3419e-16	3.8041e-17	1.2684e-17	7.6109e-18
87108.4	1.0929e-07	6.9865e-11	8.1475e-13	2.0883e-13	1.7317e-12	7.8983e-17	3.6906e-13	3.0214e-14	3.5715e-13	3.1635e-14	6.2228e-13	3.9477e-16	1.6898e-13	2.9101e-16	3.0678e-15	6.3115e-16	8.3572e-14	7.3212e-14	1.094e-12	1.0218e-13	4.1242e-12	1.406e-12	2.4995e-10	3.2569e-12	7.9284e-12	7.6185e-14	1.8639e-13	1.2193e-14	3.0495e-14	1.8289e-15	1.8289e-14	2.4386e-15	1.2193e-14	1.8289e-15	6.0964e-15	1.2193e-15	3.0495e-15	2.4386e-16	1.2193e-15	5.4865e-16	1.2193e-16	3.6568e-16	1.2193e-16	4.2667e-16	5.4865e-17	1.2193e-15	8.536e-17	1.8289e-15	3.6568e-16	1.646e-15	1.2193e-16	1.2193e-15	1.2193e-16	3.0494e-16	4.8766e-17	2.4386e-16	6.0964e-17	2.4386e-17	1.2193e-16	1.8289e-17	1.2193e-16	2.4386e-17	6.0964e-17	1.2193e-17	5.4865e-17	1.2193e-17	4.8766e-17	5.4865e-18	6.0964e-17	1.2193e-17	1.8289e-16	1.8289e-16	3.6568e-16	6.0964e-17	6.0964e-17	5.4865e-17	6.0964e-16	3.6568e-17	1.2193e-17	7.3162e-18
88319	1.0377e-07	6.6324e-11	7.7345e-13	1.9824e-13	1.6439e-12	7.498e-17	3.5036e-13	2.8682e-14	3.3904e-13	3.0032e-14	5.9074e-13	3.7476e-16	1.6041e-13	2.7626e-16	2.9123e-15	5.9916e-16	7.9336e-14	7.0377e-14	1.0517e-12	9.8223e-14	3.9645e-12	1.3515e-12	2.4027e-10	3.1308e-12	7.6214e-12	7.3235e-14	1.7917e-13	1.1721e-14	2.9314e-14	1.7581e-15	1.7581e-14	2.3441e-15	1.1721e-14	1.7581e-15	5.8604e-15	1.1721e-15	2.9314e-15	2.3441e-16	1.1721e-15	5.2741e-16	1.1721e-16	3.5153e-16	1.1721e-16	4.1015e-16	5.2741e-17	1.1721e-15	8.2055e-17	1.7581e-15	3.5153e-16	1.5822e-15	1.1721e-16	1.1721e-15	1.1721e-16	2.9314e-16	4.6878e-17	2.3441e-16	5.8604e-17	2.3441e-17	1.1721e-16	1.7581e-17	1.1721e-16	2.3441e-17	5.8604e-17	1.1721e-17	5.2741e-17	1.1721e-17	4.6878e-17	5.2741e-18	5.8604e-17	1.1721e-17	1.7581e-16	1.7581e-16	3.5153e-16	5.8604e-17	5.8604e-17	5.2741e-17	5.8604e-16	3.5153e-17	1.1721e-17	7.0329e-18
89546.4	9.8517e-08	6.2962e-11	7.3425e-13	1.8819e-13	1.5606e-12	7.118e-17	3.326e-13	2.7229e-14	3.2186e-13	2.851e-14	5.608e-13	3.5577e-16	1.5228e-13	2.6226e-16	2.7647e-15	5.6879e-16	7.5315e-14	6.7652e-14	1.011e-12	9.442e-14	3.811e-12	1.2992e-12	2.3097e-10	3.0096e-12	7.3264e-12	7.04e-14	1.7224e-13	1.1267e-14	2.8179e-14	1.69e-15	1.69e-14	2.2534e-15	1.1267e-14	1.69e-15	5.6335e-15	1.1267e-15	2.8179e-15	2.2534e-16	1.1267e-15	5.0699e-16	1.1267e-16	3.3792e-16	1.1267e-16	3.9427e-16	5.0699e-17	1.1267e-15	7.8878e-17	1.69e-15	3.3792e-16	1.521e-15	1.1267e-16	1.1267e-15	1.1267e-16	2.8179e-16	4.5063e-17	2.2534e-16	5.6335e-17	2.2534e-17	1.1267e-16	1.69e-17	1.1267e-16	2.2534e-17	5.6335e-17	1.1267e-17	5.0699e-17	1.1267e-17	4.5063e-17	5.0699e-18	5.6335e-17	1.1267e-17	1.69e-16	1.69e-16	3.3792e-16	5.6335e-17	5.6335e-17	5.0699e-17	5.6335e-16	3.3792e-17	1.1267e-17	6.7606e-18
90790.8	9.3533e-08	5.9771e-11	6.9704e-13	1.7866e-13	1.4815e-12	6.7572e-17	3.1574e-13	2.5849e-14	3.0555e-13	2.7065e-14	5.3238e-13	3.3774e-16	1.4457e-13	2.4897e-16	2.6246e-15	5.3997e-16	7.1498e-14	6.5033e-14	9.7182e-13	9.0765e-14	3.6635e-12	1.2489e-12	2.2203e-10	2.893e-12	7.0427e-12	6.7674e-14	1.6557e-13	1.0831e-14	2.7088e-14	1.6246e-15	1.6246e-14	2.1661e-15	1.0831e-14	1.6246e-15	5.4154e-15	1.0831e-15	2.7088e-15	2.1661e-16	1.0831e-15	4.8736e-16	1.0831e-16	3.2483e-16	1.0831e-16	3.7901e-16	4.8736e-17	1.0831e-15	7.5824e-17	1.6246e-15	3.2483e-16	1.4621e-15	1.0831e-16	1.0831e-15	1.0831e-16	2.7088e-16	4.3318e-17	2.1661e-16	5.4154e-17	2.1661e-17	1.0831e-16	1.6246e-17	1.0831e-16	2.1661e-17	5.4154e-17	1.0831e-17	4.8736e-17	1.0831e-17	4.3318e-17	4.8736e-18	5.4154e-17	1.0831e-17	1.6246e-16	1.6246e-16	3.2483e-16	5.4154e-17	5.4154e-17	4.8736e-17	5.4154e-16	3.2483e-17	1.0831e-17	6.4989e-18
92052.6	8.8802e-08	5.6742e-11	6.6171e-13	1.696e-13	1.4064e-12	6.4148e-17	2.9974e-13	2.4538e-14	2.9006e-13	2.5693e-14	5.054e-13	3.2062e-16	1.3724e-13	2.3635e-16	2.4916e-15	5.126e-16	6.7874e-14	6.2515e-14	9.342e-13	8.7251e-14	3.5216e-12	1.2006e-12	2.1343e-10	2.781e-12	6.77e-12	6.5054e-14	1.5916e-13	1.0411e-14	2.6039e-14	1.5617e-15	1.5617e-14	2.0823e-15	1.0411e-14	1.5617e-15	5.2057e-15	1.0411e-15	2.6039e-15	2.0823e-16	1.0411e-15	4.6849e-16	1.0411e-16	3.1226e-16	1.0411e-16	3.6433e-16	4.6849e-17	1.0411e-15	7.2888e-17	1.5617e-15	3.1226e-16	1.4055e-15	1.0411e-16	1.0411e-15	1.0411e-16	2.6039e-16	4.1641e-17	2.0823e-16	5.2057e-17	2.0823e-17	1.0411e-16	1.5617e-17	1.0411e-16	2.0823e-17	5.2057e-17	1.0411e-17	4.6849e-17	1.0411e-17	4.1641e-17	4.6849e-18	5.2057e-17	1.0411e-17	1.5617e-16	1.5617e-16	3.1226e-16	5.2057e-17	5.2057e-17	4.6849e-17	5.2057e-16	3.1226e-17	1.0411e-17	6.2473e-18
93331.9	8.431e-08	5.3866e-11	6.2818e-13	1.6101e-13	1.3352e-12	6.0897e-17	2.8455e-13	2.3295e-14	2.7536e-13	2.4391e-14	4.7978e-13	3.0437e-16	1.3028e-13	2.2437e-16	2.3653e-15	4.8662e-16	6.4434e-14	6.0095e-14	8.9803e-13	8.3872e-14	3.3853e-12	1.1541e-12	2.0517e-10	2.6734e-12	6.5079e-12	6.2535e-14	1.53e-13	1.0008e-14	2.5031e-14	1.5012e-15	1.5012e-14	2.0017e-15	1.0008e-14	1.5012e-15	5.0041e-15	1.0008e-15	2.5031e-15	2.0017e-16	1.0008e-15	4.5035e-16	1.0008e-16	3.0017e-16	1.0008e-16	3.5023e-16	4.5035e-17	1.0008e-15	7.0066e-17	1.5012e-15	3.0017e-16	1.3511e-15	1.0008e-16	1.0008e-15	1.0008e-16	2.5031e-16	4.0029e-17	2.0017e-16	5.0041e-17	2.0017e-17	1.0008e-16	1.5012e-17	1.0008e-16	2.0017e-17	5.0041e-17	1.0008e-17	4.5035e-17	1.0008e-17	4.0029e-17	4.5035e-18	5.0041e-17	1.0008e-17	1.5012e-16	1.5012e-16	3.0017e-16	5.0041e-17	5.0041e-17	4.5035e-17	5.0041e-16	3.0017e-17	1.0008e-17	6.0054e-18
94628.9	8.0045e-08	5.1136e-11	5.9634e-13	1.5285e-13	1.2675e-12	5.781e-17	2.7013e-13	2.2114e-14	2.6141e-13	2.3155e-14	4.5547e-13	2.8894e-16	1.2368e-13	2.13e-16	2.2454e-15	4.6196e-16	6.1169e-14	5.7768e-14	8.6326e-13	8.0625e-14	3.2542e-12	1.1094e-12	1.9722e-10	2.5699e-12	6.2559e-12	6.0114e-14	1.4707e-13	9.6208e-15	2.4062e-14	1.4431e-15	1.4431e-14	1.9242e-15	9.6208e-15	1.4431e-15	4.8104e-15	9.6208e-16	2.4062e-15	1.9242e-16	9.6208e-16	4.3292e-16	9.6208e-17	2.8854e-16	9.6208e-17	3.3667e-16	4.3292e-17	9.6208e-16	6.7353e-17	1.4431e-15	2.8854e-16	1.2987e-15	9.6208e-17	9.6208e-16	9.6208e-17	2.4062e-16	3.8479e-17	1.9242e-16	4.8104e-17	1.9242e-17	9.6208e-17	1.4431e-17	9.6208e-17	1.9242e-17	4.8104e-17	9.6208e-18	4.3292e-17	9.6208e-18	3.8479e-17	4.3292e-18	4.8104e-17	9.6208e-18	1.4431e-16	1.4431e-16	2.8854e-16	4.8104e-17	4.8104e-17	4.3292e-17	4.8104e-16	2.8854e-17	9.6208e-18	5.7729e-18
95944	7.5996e-08	4.8544e-11	5.6611e-13	1.451e-13	1.2032e-12	5.488e-17	2.5644e-13	2.0993e-14	2.4816e-13	2.1981e-14	4.3238e-13	2.743e-16	1.1741e-13	2.022e-16	2.1316e-15	4.3854e-16	5.8069e-14	5.5531e-14	8.2983e-13	7.7504e-14	3.1282e-12	1.0664e-12	1.8959e-10	2.4704e-12	6.0137e-12	5.7786e-14	1.4138e-13	9.2483e-15	2.313e-14	1.3872e-15	1.3872e-14	1.8497e-15	9.2483e-15	1.3872e-15	4.6241e-15	9.2483e-16	2.313e-15	1.8497e-16	9.2483e-16	4.1615e-16	9.2483e-17	2.7737e-16	9.2483e-17	3.2363e-16	4.1615e-17	9.2483e-16	6.4746e-17	1.3872e-15	2.7737e-16	1.2485e-15	9.2483e-17	9.2483e-16	9.2483e-17	2.313e-16	3.6989e-17	1.8497e-16	4.6241e-17	1.8497e-17	9.2483e-17	1.3872e-17	9.2483e-17	1.8497e-17	4.6241e-17	9.2483e-18	4.1615e-17	9.2483e-18	3.6989e-17	4.1615e-18	4.6241e-17	9.2483e-18	1.3872e-16	1.3872e-16	2.7737e-16	4.6241e-17	4.6241e-17	4.1615e-17	4.6241e-16	2.7737e-17	9.2483e-18	5.5494e-18
97277.4	7.2152e-08	4.6084e-11	5.3742e-13	1.3775e-13	1.1423e-12	5.2099e-17	2.4344e-13	1.9929e-14	2.3558e-13	2.0867e-14	4.1047e-13	2.604e-16	1.1146e-13	1.9196e-16	2.0236e-15	4.1632e-16	5.5125e-14	5.3381e-14	7.9771e-13	7.4503e-14	3.0071e-12	1.0252e-12	1.8225e-10	2.3747e-12	5.7809e-12	5.5549e-14	1.359e-13	8.8902e-15	2.2235e-14	1.3335e-15	1.3335e-14	1.778e-15	8.8902e-15	1.3335e-15	4.4451e-15	8.8902e-16	2.2235e-15	1.778e-16	8.8902e-16	4.0004e-16	8.8902e-17	2.6663e-16	8.8902e-17	3.111e-16	4.0004e-17	8.8902e-16	6.2239e-17	1.3335e-15	2.6663e-16	1.2001e-15	8.8902e-17	8.8902e-16	8.8902e-17	2.2235e-16	3.5557e-17	1.778e-16	4.4451e-17	1.778e-17	8.8902e-17	1.3335e-17	8.8902e-17	1.778e-17	4.4451e-17	8.8902e-18	4.0004e-17	8.8902e-18	3.5557e-17	4.0004e-18	4.4451e-17	8.8902e-18	1.3335e-16	1.3335e-16	2.6663e-16	4.4451e-17	4.4451e-17	4.0004e-17	4.4451e-16	2.6663e-17	8.8902e-18	5.3345e-18
98629.3	6.8502e-08	4.3748e-11	5.1018e-13	1.3076e-13	1.0844e-12	4.9458e-17	2.311e-13	1.8919e-14	2.2364e-13	1.981e-14	3.8966e-13	2.472e-16	1.0581e-13	1.8223e-16	1.921e-15	3.9522e-16	5.2332e-14	5.1315e-14	7.6682e-13	7.1618e-14	2.8907e-12	9.8546e-13	1.7519e-10	2.2828e-12	5.5571e-12	5.3398e-14	1.3064e-13	8.546e-15	2.1374e-14	1.2819e-15	1.2819e-14	1.7092e-15	8.546e-15	1.2819e-15	4.273e-15	8.546e-16	2.1374e-15	1.7092e-16	8.546e-16	3.8455e-16	8.546e-17	2.5631e-16	8.546e-17	2.9906e-16	3.8455e-17	8.546e-16	5.9829e-17	1.2819e-15	2.5631e-16	1.1537e-15	8.546e-17	8.546e-16	8.546e-17	2.1374e-16	3.4181e-17	1.7092e-16	4.273e-17	1.7092e-17	8.546e-17	1.2819e-17	8.546e-17	1.7092e-17	4.273e-17	8.546e-18	3.8455e-17	8.546e-18	3.4181e-17	3.8455e-18	4.273e-17	8.546e-18	1.2819e-16	1.2819e-16	2.5631e-16	4.273e-17	4.273e-17	3.8455e-17	4.273e-16	2.5631e-17	8.546e-18	5.128e-18
100000	6.5044e-08	4.1535e-11	4.8438e-13	1.2415e-13	1.0295e-12	4.6956e-17	2.1941e-13	1.7962e-14	2.1233e-13	1.8807e-14	3.6995e-13	2.347e-16	1.0046e-13	1.7301e-16	1.8238e-15	3.7522e-16	4.9684e-14	4.9332e-14	7.3719e-13	6.8851e-14	2.779e-12	9.4738e-13	1.6842e-10	2.1946e-12	5.3423e-12	5.1335e-14	1.2559e-13	8.2158e-15	2.0548e-14	1.2324e-15	1.2324e-14	1.6432e-15	8.2158e-15	1.2324e-15	4.1079e-15	8.2158e-16	2.0548e-15	1.6432e-16	8.2158e-16	3.6969e-16	8.2158e-17	2.4641e-16	8.2158e-17	2.875e-16	3.6969e-17	8.2158e-16	5.7517e-17	1.2324e-15	2.4641e-16	1.1091e-15	8.2158e-17	8.2158e-16	8.2158e-17	2.0548e-16	3.286e-17	1.6432e-16	4.1079e-17	1.6432e-17	8.2158e-17	1.2324e-17	8.2158e-17	1.6432e-17	4.1079e-17	8.2158e-18	3.6969e-17	8.2158e-18	3.286e-17	3.6969e-18	4.1079e-17	8.2158e-18	1.2324e-16	1.2324e-16	2.4641e-16	4.1079e-17	4.1079e-17	3.6969e-17	4.1079e-16	2.4641e-17	8.2158e-18	4.9298e-18
